Leitura Videro Preto - 20cm - VL53L5
		[	1	2	3	4	5	6	7	8][9   10  11  12  13  14  15  16][17  18  19  20  21  22  23  24][25  26  27  28  29  30  31  32][33  34  35  36  37  38  39  40][41  42  43  44  45  46  47  48][49  50  51  52  53  54  55  56][57  58  59  60  61  62  63  64] 
1859 -   [435;459;453;461;436;434;418;404;483;490;483;426;495;494;493;484;491;496;497;302;502;504;501;496;493;500;391;242;501;512;508;494;488;492;492;479;496;497;502;488;486;481;474;344;476;491;487;489;481;478;480;444;478;489;489;491;496;491;483;484;487;488;490;493]
2724 -   [431;458;455;445;441;421;418;402;481;487;485;415;486;496;495;484;489;490;500;279;498;500;500;493;492;497;438;231;492;508;507;497;483;485;485;467;491;496;501;487;480;476;462;342;480;488;482;484;483;476;476;445;481;488;487;486;497;492;485;485;481;490;491;492]
3689 -   [433;455;448;433;454;425;413;405;482;485;487;412;491;495;495;480;489;493;496;307;495;498;501;492;491;499;422;228;507;508;505;499;484;486;492;477;489;495;499;490;476;477;466;328;479;487;490;484;485;480;480;441;485;479;482;486;504;491;486;481;483;485;487;493]
4654 -   [431;444;442;451;462;419;416;401;480;485;487;408;482;491;494;483;489;491;499;277;497;506;502;491;488;495;408;227;501;507;508;502;483;485;489;477;495;497;500;488;478;479;472;320;474;481;486;485;482;475;478;439;479;483;481;486;492;486;486;487;492;490;493;490]
5619 -   [422;455;455;439;450;438;416;401;487;485;485;410;480;494;496;478;495;496;492;276;494;505;498;493;492;500;429;229;501;504;510;493;484;487;488;481;491;495;498;486;479;485;470;319;471;485;482;483;477;486;480;437;481;482;485;488;508;488;483;488;486;478;493;487]
6584 -   [433;463;445;419;431;440;421;406;481;490;491;415;487;497;490;482;488;495;482;299;495;503;506;496;492;497;386;230;493;503;504;497;485;487;491;477;499;495;499;490;480;473;465;321;477;480;483;480;481;479;475;438;480;482;483;493;493;491;481;494;476;482;491;493]
7549 -   [431;455;454;452;449;444;416;402;485;488;486;418;487;489;497;486;488;493;496;268;501;499;509;494;497;500;395;221;498;513;508;500;484;483;490;469;490;497;498;486;478;481;464;329;473;486;488;484;484;483;477;441;482;483;482;482;489;482;483;486;485;482;486;488]
8514 -   [430;452;442;445;448;426;424;400;483;483;480;400;483;493;490;483;492;496;502;281;500;501;501;496;491;499;389;228;508;510;504;494;481;485;490;470;493;494;500;487;480;476;470;315;471;483;485;484;478;481;481;442;480;481;486;486;487;483;487;483;488;486;492;491]
9479 -   [433;452;446;454;440;428;427;406;480;486;487;415;479;493;494;481;487;496;496;315;504;503;499;495;497;497;398;232;491;504;506;493;486;489;490;478;493;494;495;486;481;476;463;332;473;483;487;483;479;481;475;440;486;486;486;486;492;487;478;483;489;496;494;495]
10444 -  [432;452;459;452;451;425;422;396;481;484;482;406;490;490;495;480;489;493;491;285;502;506;504;498;493;496;388;227;502;510;513;501;481;484;490;490;492;493;500;488;475;477;468;308;482;484;485;483;488;479;477;447;483;482;490;485;500;489;484;484;489;492;488;489]
11409 -  [430;452;440;433;442;428;414;401;485;484;482;401;487;490;494;484;493;495;490;301;501;499;506;494;495;495;425;225;498;502;505;499;477;485;489;483;494;500;499;490;480;480;463;346;473;488;488;480;482;478;485;440;476;489;487;484;493;485;476;483;489;483;487;493]
12374 -  [433;456;460;446;453;430;422;406;481;485;489;412;477;493;495;480;489;496;489;316;505;507;505;495;492;495;390;229;503;512;510;494;482;488;491;486;498;498;499;486;476;475;459;322;481;484;484;483;480;479;476;438;481;485;485;484;494;482;489;481;487;486;493;490]
13439 -  [424;463;447;428;445;427;424;410;482;485;483;425;481;495;492;479;490;492;486;311;503;499;500;500;492;495;413;227;498;506;505;498;481;489;488;475;491;493;500;490;477;480;468;339;481;486;483;483;482;479;482;444;480;484;487;491;497;489;485;479;478;485;485;496]
14404 -  [432;444;438;452;430;432;418;400;479;481;491;410;496;498;494;486;486;495;492;309;496;500;507;499;493;500;385;224;507;504;505;498;486;490;488;479;495;493;501;486;480;477;472;339;482;484;484;483;480;481;477;441;483;486;488;479;488;481;484;483;486;484;488;500]
15369 -  [423;462;446;457;431;426;423;404;484;487;485;418;488;493;492;485;486;495;496;279;500;500;502;495;493;497;394;231;499;507;505;493;479;486;487;485;490;492;497;487;482;479;463;346;477;483;487;483;480;476;480;441;481;482;485;485;491;486;483;483;487;487;490;490]
16334 -  [431;461;447;434;457;432;413;407;482;486;485;411;478;495;497;482;488;493;493;298;508;499;502;493;494;495;371;227;504;507;503;499;487;494;486;471;496;496;495;490;485;476;466;324;479;485;487;486;479;479;479;443;481;481;484;481;503;488;486;492;485;487;486;495]
17299 -  [432;445;435;434;443;430;420;404;484;485;483;401;479;498;491;479;491;494;493;302;498;501;504;498;494;497;427;229;510;507;506;495;486;486;487;487;498;492;500;489;476;482;463;343;478;482;485;487;480;482;481;442;481;480;489;483;497;493;484;483;485;486;491;491]
18264 -  [429;461;463;431;439;438;430;401;484;486;489;387;490;496;490;483;489;497;493;308;494;499;506;497;493;495;423;226;502;506;508;496;480;488;488;470;491;493;500;488;481;477;468;342;477;484;484;485;483;478;483;440;480;483;484;484;490;482;483;485;485;483;490;498]
19229 -  [429;447;451;442;440;436;424;405;486;487;491;410;489;492;494;478;489;491;494;306;496;504;503;490;495;495;404;229;493;506;508;496;481;485;485;488;490;499;501;488;482;482;470;346;479;486;483;484;480;479;481;447;481;481;486;484;498;485;484;480;484;487;490;493]
20194 -  [417;453;433;458;451;426;417;401;480;485;481;426;480;496;494;483;488;494;491;307;491;502;507;492;491;499;426;227;491;511;503;497;488;489;485;479;493;494;500;492;481;484;470;311;472;483;482;486;479;479;480;450;477;483;486;486;499;488;485;484;485;493;488;494]
21159 -  [434;453;441;432;434;425;416;406;479;486;489;426;481;492;492;481;489;492;495;302;508;502;503;495;494;499;395;227;511;509;509;493;485;485;490;472;495;491;493;491;476;479;469;321;477;484;482;488;484;477;481;438;480;484;486;485;492;487;485;487;478;487;492;495]
22124 -  [429;454;438;451;454;430;414;403;487;485;478;427;481;496;492;484;491;490;492;310;499;499;501;494;492;502;386;226;501;512;508;503;483;483;489;480;496;497;500;493;479;475;459;338;476;484;485;482;476;478;485;447;482;481;482;487;497;487;480;483;478;494;488;499]
23089 -  [431;456;435;422;437;433;412;408;480;486;491;405;485;496;489;485;489;491;490;268;504;501;504;489;491;500;417;227;501;504;509;500;479;491;492;475;496;495;493;485;482;480;467;342;473;485;487;485;484;481;474;443;483;484;485;483;491;492;482;482;486;482;486;493]
24054 -  [445;464;436;413;448;433;415;409;482;487;492;407;487;497;491;482;488;492;498;280;498;497;506;491;491;498;383;221;491;506;505;496;486;490;491;478;495;495;502;488;478;476;464;322;476;481;486;484;481;480;479;442;483;480;484;484;492;490;483;482;483;492;490;501]
25019 -  [421;452;447;454;428;432;419;406;483;487;487;417;493;494;490;475;488;496;493;283;499;499;508;497;495;498;406;228;501;510;506;501;485;486;491;492;492;495;498;489;482;484;460;326;482;488;485;483;483;482;484;441;485;482;486;485;495;484;482;484;491;483;493;492]
25984 -  [435;449;445;412;455;420;416;413;484;484;489;416;492;497;493;482;492;494;497;298;492;506;503;488;490;498;387;233;498;504;506;497;485;483;486;477;492;495;497;490;475;478;465;316;478;482;488;484;484;475;478;437;481;488;484;483;502;482;485;490;483;494;491;498]
26949 -  [425;458;447;448;454;440;415;401;484;487;490;433;486;500;491;482;490;493;489;274;494;504;505;495;493;501;423;226;506;505;502;502;485;491;487;470;496;495;499;490;479;478;469;344;478;480;488;484;480;487;482;442;486;480;483;484;500;490;485;481;483;483;487;488]
27914 -  [426;452;454;435;428;445;421;399;485;482;482;399;494;495;495;472;482;496;494;302;499;504;502;496;491;495;438;230;500;509;505;499;485;487;479;494;499;493;496;493;483;481;467;313;477;488;485;484;482;478;480;440;480;484;487;486;502;489;481;491;487;488;489;492]
28879 -  [428;462;446;425;445;422;418;403;484;485;486;420;485;495;493;481;490;490;490;278;497;505;501;493;498;501;400;227;495;509;505;497;484;490;487;474;488;496;501;487;479;480;468;330;478;480;483;488;477;480;474;438;481;483;487;489;495;490;482;485;483;491;490;497]
29844 -  [425;451;431;451;448;426;424;398;482;483;482;412;487;494;492;481;489;494;499;287;495;505;504;492;487;491;392;227;499;506;506;499;483;484;493;482;495;492;495;489;476;481;461;320;477;484;483;486;483;480;480;440;482;484;480;483;504;490;481;479;488;488;488;495]
30909 -  [429;456;442;465;442;429;418;400;481;484;480;439;495;496;494;479;487;493;495;281;497;502;500;493;492;497;393;228;502;503;507;501;480;492;487;492;492;491;497;493;482;477;462;316;479;484;489;484;486;484;480;442;484;481;487;484;494;485;484;483;482;487;489;496]
31874 -  [434;458;450;452;440;425;416;409;479;486;493;422;486;496;490;487;493;493;499;303;503;508;503;492;492;495;384;229;506;504;506;500;487;492;489;487;490;495;502;491;475;479;466;316;471;483;486;484;486;480;474;441;480;487;490;486;494;487;484;483;488;495;497;493]
32839 -  [428;453;442;435;439;433;416;411;477;485;484;424;488;490;489;481;489;491;494;277;508;503;503;488;496;492;425;228;502;507;504;503;484;486;492;477;495;495;502;490;482;479;455;348;479;486;486;481;479;482;480;444;481;482;484;485;491;485;487;488;487;482;492;495]
33804 -  [429;447;445;436;433;429;425;415;482;483;489;389;478;492;494;479;489;488;490;283;501;503;501;489;491;503;421;230;502;511;509;498;482;485;493;483;494;497;496;482;480;479;465;327;483;482;485;485;479;483;479;444;480;487;483;486;493;488;485;488;483;488;489;493]
34769 -  [422;447;444;419;460;420;413;407;483;485;485;399;482;494;493;482;490;490;495;263;492;502;502;496;492;493;387;226;500;504;506;500;486;486;487;494;493;495;502;486;476;481;462;320;478;481;483;485;480;481;473;439;484;482;484;484;497;488;483;476;485;486;487;493]
35734 -  [431;454;446;453;440;434;414;400;484;486;485;413;485;490;491;485;493;491;495;297;500;499;505;495;492;495;427;226;502;505;509;497;484;490;488;479;495;498;499;482;478;481;470;346;471;485;485;484;484;481;481;443;486;486;483;484;492;486;482;486;480;488;488;501]
36699 -  [432;445;443;457;465;432;417;401;486;488;492;412;480;492;495;476;496;498;490;310;498;502;502;493;492;500;384;223;504;505;505;496;481;487;486;480;488;498;500;492;474;480;470;312;474;483;487;483;482;481;478;454;480;487;483;487;492;486;483;483;491;483;486;488]
37664 -  [420;456;450;460;457;426;429;401;480;483;488;394;487;498;492;480;489;496;490;307;497;504;504;496;490;495;440;225;495;506;506;493;486;492;489;486;493;494;502;492;475;481;469;342;475;484;488;483;484;477;481;437;480;485;488;485;494;484;486;489;490;487;495;492]
38629 -  [426;453;440;457;457;440;415;397;481;482;492;406;487;489;494;483;489;493;495;299;496;504;500;494;497;499;438;228;497;505;507;500;482;488;488;494;495;504;496;487;481;474;465;322;476;488;483;482;478;475;478;438;484;485;481;488;504;491;480;484;486;489;490;499]
39594 -  [428;465;446;403;434;427;414;400;482;486;486;397;487;492;501;478;492;490;494;285;497;505;502;492;494;502;388;223;502;509;509;500;481;489;492;492;493;497;501;491;483;481;470;339;484;490;490;488;482;480;480;440;477;490;485;484;489;484;493;481;482;489;484;492]
40559 -  [427;465;448;428;434;427;417;419;484;488;487;402;485;492;492;478;492;496;495;283;510;503;499;491;495;498;428;229;499;506;506;499;487;485;482;483;493;494;499;488;482;475;466;343;479;487;485;489;481;481;481;441;484;481;487;484;499;485;480;485;484;483;485;498]
41524 -  [429;460;454;446;443;432;414;399;482;484;479;407;481;494;491;478;489;489;496;315;494;502;504;490;491;497;382;227;499;512;506;497;485;487;484;488;490;497;497;488;480;480;469;339;471;487;484;482;480;473;481;440;483;481;490;489;490;489;482;482;494;491;489;502]
42489 -  [430;454;451;432;424;428;419;401;482;488;482;420;490;493;491;482;488;493;501;305;500;504;506;494;493;497;419;231;501;506;510;497;486;492;491;484;493;494;500;490;477;478;476;310;477;487;487;478;482;481;479;446;484;485;485;485;497;490;483;483;491;481;486;492]
43454 -  [421;453;462;436;456;427;417;397;486;483;489;420;481;495;497;484;487;492;487;302;502;501;502;496;492;493;390;224;496;508;504;499;487;488;486;476;493;498;499;485;481;478;468;313;478;482;483;485;484;481;480;445;484;487;484;483;499;492;487;487;482;487;489;491]
44419 -  [424;451;449;381;435;427;421;410;481;486;489;400;482;494;489;480;490;495;484;283;501;502;502;492;488;497;425;228;503;510;501;496;480;487;493;477;495;496;498;492;480;474;468;345;477;486;486;484;484;478;481;435;487;481;490;484;485;483;481;474;486;487;490;496]
45384 -  [427;458;454;428;437;439;419;417;484;487;488;414;481;495;495;482;495;490;494;301;498;503;505;496;493;500;395;226;505;507;509;496;482;487;487;492;493;490;499;490;477;480;472;318;477;483;485;483;480;481;481;446;482;488;482;489;492;485;486;489;487;486;490;490]
46349 -  [423;455;438;442;459;429;426;407;477;483;489;401;489;494;492;485;490;494;497;312;501;507;507;491;489;496;373;229;498;510;504;496;482;489;492;488;494;499;493;487;481;483;463;331;475;487;482;482;479;477;475;437;480;485;480;484;498;488;478;480;493;485;487;488]
47314 -  [431;449;452;459;434;430;421;407;481;489;486;404;493;497;491;480;489;495;493;311;495;503;509;490;494;497;421;230;495;509;503;501;487;488;486;489;492;497;497;490;480;474;461;326;477;487;488;483;480;476;480;438;485;485;487;482;510;486;481;476;481;481;489;495]
48279 -  [434;450;434;445;434;419;411;402;482;486;490;406;493;494;492;486;486;495;495;304;506;504;506;493;496;499;396;227;501;512;505;497;483;490;496;471;490;502;496;485;485;480;469;323;478;485;486;481;485;482;475;433;489;484;483;482;497;491;482;487;477;486;485;496]
49344 -  [428;448;436;416;440;431;422;404;486;484;485;407;486;495;491;479;490;494;488;275;499;505;501;494;491;501;390;230;499;507;505;495;483;484;488;490;492;497;497;490;476;478;462;342;471;483;484;483;481;477;482;439;478;482;485;489;499;490;484;490;495;481;491;492]
50309 -  [435;457;445;472;448;443;412;405;484;486;492;414;493;492;492;481;488;494;496;304;494;505;503;494;490;497;419;234;497;509;504;492;485;483;496;483;493;494;498;480;479;477;458;336;478;483;484;485;485;479;478;445;485;484;486;482;493;488;482;483;488;487;485;490]
51274 -  [429;466;448;401;451;429;413;406;481;490;487;408;494;496;494;485;489;492;490;305;505;505;501;498;492;501;418;228;508;505;509;497;485;488;486;478;492;493;500;490;476;479;468;318;476;486;486;481;476;486;478;440;483;485;491;485;489;481;491;494;490;489;492;491]
52239 -  [432;450;463;449;452;430;417;404;483;486;486;402;480;492;494;480;488;494;497;308;501;502;503;495;494;502;420;229;499;508;507;499;489;490;487;492;495;500;494;491;476;483;465;349;482;488;485;485;481;482;482;447;482;481;487;483;497;494;479;482;483;486;484;488]
53204 -  [432;450;451;411;427;424;417;409;485;484;489;375;489;501;498;477;493;492;495;306;499;499;500;496;493;492;432;222;499;509;508;495;484;489;486;493;497;495;502;487;480;483;463;321;482;483;489;483;482;485;474;447;488;486;484;480;494;492;479;489;478;485;490;497]
54169 -  [427;459;448;449;441;422;430;402;481;487;487;411;479;494;493;482;488;495;486;289;496;503;501;497;498;495;383;226;505;505;507;501;483;484;491;480;498;496;495;490;479;481;470;319;477;486;480;481;482;477;481;432;485;482;489;487;495;484;481;484;482;485;489;493]
55134 -  [434;460;454;470;429;433;432;400;484;486;486;422;480;495;495;485;488;492;494;298;507;497;501;494;496;491;389;231;502;512;508;498;486;488;490;483;494;493;499;493;479;477;473;323;473;487;483;484;478;480;476;434;483;482;486;485;496;485;488;478;483;487;491;495]
56099 -  [432;451;442;462;432;419;417;398;481;484;488;403;494;495;493;479;489;492;499;282;493;504;501;496;496;495;427;227;498;505;510;495;489;485;492;472;496;497;497;485;481;485;464;317;478;483;486;487;478;481;480;443;479;485;483;492;500;482;485;486;480;485;492;490]
57064 -  [430;462;447;435;452;433;415;402;487;482;483;420;483;491;493;479;491;495;492;305;499;503;507;495;490;497;445;224;506;508;504;497;482;486;487;484;495;493;499;487;480;477;472;317;478;484;484;487;483;486;471;433;482;481;486;485;498;489;482;487;485;494;489;497]
58029 -  [430;456;448;448;452;429;419;402;484;485;487;390;492;490;493;481;492;494;490;318;507;503;505;497;495;500;421;227;509;511;506;500;487;488;496;476;493;498;499;487;482;479;462;321;477;485;488;489;481;483;474;442;481;483;483;487;499;487;487;485;483;493;492;497]
58994 -  [411;455;453;446;434;443;421;404;481;489;494;406;492;493;494;479;489;494;498;311;501;504;503;498;490;497;361;226;506;505;511;496;483;485;485;485;493;494;498;493;481;480;468;346;482;478;483;481;480;480;480;437;486;481;481;488;499;485;481;483;490;487;488;493]
59959 -  [429;453;444;437;436;435;414;415;477;486;484;409;488;494;494;479;490;490;491;280;497;501;503;493;495;500;390;223;497;506;508;499;479;496;487;475;497;496;499;488;479;477;470;318;477;482;484;484;481;484;477;442;480;485;483;485;488;493;483;484;484;484;492;495]
60924 -  [424;457;466;455;436;435;416;413;480;491;486;414;488;494;495;487;490;490;496;281;495;505;504;498;494;498;394;225;496;508;503;498;483;490;492;468;495;496;501;486;480;483;468;344;469;481;489;482;479;477;476;441;481;486;483;483;499;486;482;482;485;488;492;491]
61889 -  [428;455;458;413;434;432;409;403;482;486;477;382;484;492;493;479;489;491;493;281;499;501;502;496;493;500;421;226;497;508;507;496;488;486;485;480;492;492;494;486;482;485;468;347;481;485;483;487;482;482;479;440;482;484;481;480;497;489;487;483;486;482;489;492]
62854 -  [430;450;446;443;440;435;421;417;486;485;488;434;490;494;491;477;493;490;503;300;508;501;503;490;493;498;415;237;491;504;498;492;483;490;496;474;493;497;500;484;474;479;465;340;480;486;483;487;480;481;479;443;478;479;485;486;489;493;488;483;492;487;490;490]
63819 -  [421;452;437;464;426;426;409;413;481;491;490;448;486;493;494;480;490;490;498;321;498;501;504;495;494;499;449;227;499;511;506;502;483;481;488;463;493;498;491;491;475;480;473;351;477;487;489;484;482;478;480;441;481;486;487;486;495;486;486;485;483;485;493;492]
64784 -  [425;458;447;444;443;430;416;401;482;483;479;401;491;493;495;482;491;494;493;302;503;501;502;492;496;499;433;229;494;509;510;500;483;485;492;481;492;493;500;488;483;474;463;320;480;486;482;484;489;481;476;440;481;485;485;484;491;489;486;481;488;493;492;492]
65749 -  [433;454;444;443;444;428;418;411;482;486;484;395;496;494;493;482;491;491;495;311;489;503;502;493;493;499;422;228;504;512;504;495;482;487;492;489;493;498;500;483;479;480;463;344;471;480;486;483;485;479;478;440;484;484;484;489;494;490;487;483;479;485;490;492]
66714 -  [426;458;444;414;450;435;420;405;485;486;490;416;488;493;489;482;491;501;494;299;506;504;499;491;490;498;418;231;506;509;503;500;482;486;493;482;495;496;496;486;479;477;471;308;483;483;489;489;483;480;481;446;484;483;483;485;496;487;487;489;485;489;483;493]
67779 -  [434;456;445;436;448;437;423;417;486;489;487;425;478;495;489;478;497;489;495;303;497;503;498;499;492;497;423;229;499;504;503;497;482;492;495;488;492;498;496;488;483;482;468;323;478;485;486;487;482;477;480;445;484;485;479;486;490;487;481;482;489;482;489;494]
68744 -  [431;451;448;410;440;445;419;401;482;485;486;405;486;496;494;479;491;494;494;282;502;503;505;489;495;500;402;230;494;505;510;498;482;491;485;486;497;492;496;491;479;478;465;344;478;484;485;486;485;478;478;438;483;485;485;485;494;482;485;482;493;485;488;489]
69709 -  [434;454;435;476;444;429;428;408;484;487;486;435;483;495;497;485;492;493;493;303;504;506;502;497;490;494;420;232;502;508;502;497;481;486;489;477;497;493;499;489;480;477;468;347;481;485;484;483;485;475;482;440;481;490;490;488;489;487;484;480;487;485;489;485]
70674 -  [434;447;444;441;422;436;425;399;486;487;488;396;480;491;490;482;491;496;491;302;497;504;506;493;494;500;397;229;506;506;503;500;485;490;487;483;490;496;503;487;480;479;470;338;474;487;482;481;487;478;473;433;483;479;483;481;496;483;486;484;490;491;490;496]
71639 -  [432;448;446;436;451;426;418;419;478;483;487;394;481;490;494;480;490;496;495;313;504;505;504;492;490;498;438;228;507;506;507;497;484;485;486;485;494;496;493;488;476;477;463;319;471;485;484;484;484;480;481;442;480;486;486;486;493;493;478;487;482;490;491;497]
72604 -  [433;454;434;436;438;434;423;405;487;483;487;416;488;491;493;478;493;492;494;280;489;509;507;497;492;493;388;227;499;509;508;497;488;484;489;485;492;497;502;483;476;477;465;345;473;492;486;485;485;482;478;444;487;480;487;482;501;490;483;483;493;489;490;492]
73569 -  [430;452;441;412;437;428;409;408;484;483;487;421;482;499;495;482;493;491;493;284;498;504;499;490;497;498;386;228;504;509;506;499;482;483;492;475;492;500;499;488;476;474;474;352;478;488;486;486;483;481;479;442;485;483;487;489;494;484;481;483;487;483;487;490]
74534 -  [447;452;456;423;450;431;409;403;482;484;495;382;481;497;492;476;491;487;494;306;504;503;505;493;496;497;397;230;498;506;506;503;487;493;486;478;494;499;494;483;476;476;469;319;472;482;484;484;480;481;476;446;483;485;482;484;493;492;484;487;483;487;484;494]
75499 -  [434;451;446;411;455;423;427;403;486;483;489;390;477;494;499;480;490;492;493;299;498;508;501;493;491;498;382;230;502;510;505;494;483;486;485;487;493;495;501;487;482;470;470;341;478;489;488;491;480;482;474;433;483;485;487;490;493;488;484;483;482;486;488;493]
76464 -  [425;452;455;435;445;428;420;405;485;480;488;387;488;491;492;483;490;493;493;285;512;506;505;490;499;495;397;218;495;507;506;494;480;488;486;473;496;499;500;487;477;481;468;345;475;485;482;487;482;480;479;435;487;489;484;486;490;492;478;484;491;492;487;482]
77429 -  [436;452;432;449;451;444;422;403;486;485;479;413;487;496;494;483;486;498;494;310;507;499;506;498;494;499;414;228;500;510;503;501;481;484;490;480;495;496;502;489;482;482;468;320;476;487;485;482;487;481;479;442;481;484;487;486;497;486;483;485;486;488;497;499]
78394 -  [422;457;442;421;443;420;417;406;481;485;489;421;481;492;483;483;484;494;490;288;497;501;507;498;494;499;434;230;502;508;504;498;481;485;486;491;488;497;495;489;486;474;459;355;481;487;484;485;480;482;478;442;478;481;483;481;506;490;480;491;491;487;487;495]
79359 -  [421;454;453;431;454;430;425;402;483;484;487;398;492;497;493;487;490;493;494;305;497;503;504;492;492;498;432;235;500;509;507;497;483;487;491;466;493;497;499;486;477;485;470;317;478;485;481;490;484;477;475;440;486;486;483;483;486;492;487;481;484;485;490;490]
80324 -  [427;446;453;421;441;427;415;401;483;482;490;417;478;495;490;482;489;495;490;299;507;504;505;493;493;498;389;240;497;509;505;497;480;488;487;488;494;500;500;489;481;481;465;329;472;486;486;488;485;476;483;438;482;479;489;484;497;487;484;475;491;484;490;499]
81289 -  [428;453;448;451;452;436;416;405;481;488;485;423;478;493;492;476;492;494;490;304;503;503;503;495;496;493;416;231;502;509;504;497;485;482;495;477;494;499;500;489;482;480;468;313;475;481;483;485;479;477;480;434;482;486;485;488;495;488;479;481;481;482;486;482]
82254 -  [426;446;449;416;443;436;415;414;482;489;488;409;481;496;495;479;490;492;494;274;501;501;506;497;494;498;436;229;497;507;507;497;482;491;489;485;502;495;493;486;476;482;462;345;473;486;488;483;489;481;479;444;483;488;484;485;487;486;479;485;479;497;495;500]
83219 -  [431;451;443;446;444;425;422;401;480;487;489;404;500;496;491;480;489;488;489;302;506;505;506;491;490;497;384;221;504;504;507;500;482;486;488;488;492;495;499;488;480;481;464;349;479;486;486;488;484;479;480;449;478;481;482;485;494;483;487;484;495;494;488;493]
84184 -  [425;448;451;424;445;423;418;407;481;482;485;388;481;496;488;481;488;496;492;303;496;503;504;493;493;500;393;229;501;507;514;498;481;486;486;487;496;494;502;490;481;479;466;337;483;489;485;485;480;479;473;436;483;480;488;492;491;482;485;481;485;485;489;494]
85249 -  [425;451;434;455;444;437;423;417;485;485;484;409;488;493;497;481;492;494;495;296;498;503;508;493;495;498;385;225;497;508;506;500;483;487;484;476;496;496;498;487;479;477;471;317;477;483;482;488;488;480;481;440;481;483;485;487;496;483;478;486;490;482;491;495]
86214 -  [429;451;450;462;448;439;430;399;483;484;488;383;481;496;491;480;484;495;491;298;503;499;501;488;491;501;424;230;509;511;504;499;484;490;490;495;488;498;501;490;480;482;468;342;475;483;480;486;480;481;484;439;484;485;485;481;491;489;489;489;493;483;492;497]
87179 -  [427;456;456;451;426;434;416;399;481;483;483;412;492;491;488;482;491;490;496;288;496;506;501;490;497;495;390;234;510;510;505;497;490;484;490;482;491;492;499;485;480;480;463;321;477;487;489;485;481;488;480;441;482;485;485;487;491;478;484;480;490;491;487;497]
88144 -  [434;453;435;440;436;425;414;405;484;485;500;413;490;496;493;485;488;495;498;281;496;502;502;493;492;495;435;231;505;511;509;496;483;486;484;479;501;498;498;487;483;478;466;339;474;482;485;487;484;479;481;444;482;481;484;488;499;488;489;481;481;490;486;492]
89109 -  [426;459;435;435;449;422;431;398;481;483;484;404;474;494;492;483;488;491;494;281;511;499;501;494;493;496;422;226;506;507;507;501;486;487;490;485;494;499;498;495;479;482;465;353;475;487;486;485;480;480;478;444;482;480;487;483;495;484;483;486;487;485;490;496]
90074 -  [437;450;445;438;435;441;418;395;482;483;490;403;490;501;493;481;493;497;491;279;502;504;502;492;495;498;414;229;498;511;505;501;489;484;480;492;494;492;499;487;481;482;467;336;474;484;485;482;481;483;480;436;489;480;483;485;502;488;477;482;479;488;485;499]
91039 -  [429;467;442;451;450;432;418;399;482;486;492;400;487;494;490;478;489;493;491;299;502;504;506;495;492;497;421;228;502;506;509;497;483;487;488;489;491;498;499;486;478;477;464;323;477;481;486;482;483;480;476;439;482;486;486;489;497;487;486;488;486;483;485;494]
92004 -  [422;454;463;427;422;428;419;404;478;482;490;384;483;491;494;482;493;491;487;307;503;507;504;491;492;497;437;223;504;506;505;499;483;486;487;484;491;496;502;493;475;481;467;316;479;480;485;483;481;482;482;437;486;485;488;486;494;482;483;478;491;488;490;502]
92969 -  [434;452;458;447;446;436;410;407;485;484;485;439;488;496;497;480;489;492;494;270;505;502;505;498;494;499;424;226;501;509;506;495;484;486;495;485;492;496;500;490;480;479;467;339;480;482;483;485;484;480;482;440;479;485;484;482;502;489;486;489;494;486;487;494]
93934 -  [436;453;447;442;454;428;425;405;484;488;484;433;473;493;491;485;492;494;487;281;508;501;501;496;493;502;425;227;509;509;504;499;487;491;493;465;489;493;503;482;485;480;474;318;471;486;483;480;479;481;479;442;479;486;488;485;497;485;481;487;488;493;492;501]
94899 -  [429;454;448;422;435;431;420;402;483;484;477;420;483;500;494;480;493;495;499;303;505;501;501;489;495;500;437;230;504;508;508;495;483;486;490;494;494;494;494;488;480;483;463;348;479;481;480;484;483;476;477;438;479;484;487;483;497;489;480;483;485;489;488;494]
95864 -  [425;459;434;435;429;419;417;390;478;487;483;414;491;496;490;481;491;489;497;310;503;503;503;495;493;498;441;227;499;509;507;501;488;487;487;480;492;496;501;486;484;480;468;319;477;491;477;483;479;479;477;438;485;486;487;485;496;492;480;484;495;483;492;497]
96829 -  [439;455;450;447;448;427;416;390;485;487;484;429;488;492;492;482;489;495;490;281;497;502;503;494;495;500;396;230;510;507;505;501;483;486;493;480;496;497;495;490;479;477;472;337;472;488;488;480;480;472;484;435;480;482;483;487;503;486;481;487;483;484;483;498]
97794 -  [432;452;451;461;448;424;424;403;484;486;489;405;480;496;492;478;490;493;498;273;502;503;502;495;491;502;432;231;497;504;505;495;490;484;488;484;489;497;499;492;477;474;467;341;474;486;481;481;480;479;480;440;484;485;482;487;490;491;487;486;492;485;489;490]
98759 -  [432;454;467;447;439;433;422;404;485;482;484;401;476;494;497;480;487;494;495;270;498;507;506;494;491;496;409;234;505;509;507;501;480;485;489;479;494;498;503;488;483;476;468;340;473;484;484;486;484;476;478;439;486;485;487;487;505;481;486;485;482;482;490;500]
99724 -  [427;458;456;438;431;439;408;405;481;483;492;422;480;497;494;483;490;494;494;277;506;501;501;496;495;500;430;226;499;511;508;498;482;490;484;470;496;498;495;483;483;478;468;321;481;486;482;485;487;483;480;441;481;482;488;490;498;484;487;485;478;486;491;492]
100689 - [433;444;446;434;449;432;427;400;482;485;479;399;489;493;492;479;494;492;487;305;500;503;505;495;490;500;422;227;503;509;504;495;487;487;490;490;494;495;501;493;477;483;472;357;478;484;486;486;486;477;472;433;488;486;488;489;490;487;485;490;482;481;490;487]
101653 - [433;451;440;403;452;437;425;394;484;490;487;421;482;495;493;481;487;492;492;302;496;505;501;492;493;500;375;232;503;512;509;498;483;485;484;468;502;498;506;489;477;480;463;326;473;483;486;484;487;476;480;445;483;489;484;486;497;488;495;484;490;485;490;502]
102617 - [437;461;448;433;425;422;413;411;487;487;483;416;482;494;497;484;493;492;498;286;500;505;501;492;491;493;439;226;502;502;499;498;480;487;491;488;489;497;498;487;481;484;462;315;474;485;485;488;486;483;474;448;485;486;484;486;506;483;483;487;490;493;490;501]
103681 - [426;457;450;458;423;429;416;416;485;484;482;418;482;496;492;482;488;492;487;299;496;502;507;494;494;502;419;229;497;507;511;497;487;486;492;481;498;496;500;488;480;485;471;321;473;480;485;484;482;478;477;445;483;485;486;484;502;486;488;487;480;483;494;491]
104645 - [435;463;442;443;432;435;416;401;483;483;486;414;486;493;494;483;491;491;495;288;496;503;503;493;495;498;393;233;509;504;506;497;482;486;492;476;491;495;499;487;478;480;471;318;480;486;485;483;481;482;478;440;483;483;483;485;492;485;487;481;487;484;492;491]
105609 - [436;449;452;462;425;432;417;400;481;486;487;414;471;495;495;483;490;495;489;301;509;504;503;494;494;496;383;234;500;510;508;500;483;487;491;472;495;497;501;489;480;475;469;342;478;481;487;484;480;478;479;437;482;483;485;483;497;484;477;477;492;486;494;494]
106573 - [426;453;449;446;432;425;428;418;481;486;487;432;485;497;493;480;492;492;488;281;498;503;502;489;495;497;438;241;500;505;502;496;486;485;488;468;494;494;496;489;477;481;471;337;471;486;483;487;484;482;481;438;488;482;484;490;496;488;482;488;480;487;492;493]
107537 - [431;451;442;469;430;429;410;409;482;486;485;421;482;491;496;482;487;491;498;281;500;506;503;493;492;496;405;225;497;511;512;497;484;491;488;492;495;494;500;487;479;477;470;328;471;487;480;481;476;479;476;442;486;480;482;484;502;485;481;482;486;485;495;490]
108501 - [433;463;454;425;441;429;418;402;481;486;489;412;496;496;490;482;491;494;493;289;500;500;505;494;494;495;395;233;492;507;504;494;487;489;492;473;492;494;498;493;483;480;472;353;473;484;484;484;478;480;482;443;486;490;488;486;490;487;484;479;487;484;488;489]
109465 - [431;448;440;454;434;428;419;400;482;484;490;433;481;497;492;483;492;489;500;306;501;502;503;494;493;500;405;220;500;515;504;496;488;482;489;487;493;498;498;485;480;476;466;313;478;484;490;482;482;482;480;441;481;480;484;488;492;485;485;480;489;486;490;492]
110429 - [430;455;456;484;441;438;411;398;481;486;481;408;491;496;495;483;493;499;495;267;493;504;504;495;491;501;399;227;513;506;508;494;483;489;490;490;492;498;503;486;477;482;462;319;469;486;487;483;480;483;477;437;482;485;488;485;490;489;484;483;483;484;481;486]
111393 - [425;457;442;448;422;443;415;403;483;485;483;391;484;490;497;481;492;493;483;281;505;506;504;493;493;500;384;235;503;506;505;494;484;486;489;460;496;495;496;488;481;481;474;320;478;485;485;486;483;483;477;451;483;484;482;481;492;487;487;486;476;488;486;491]
112357 - [429;463;438;440;439;428;410;404;483;485;485;413;487;491;491;486;493;500;492;283;497;503;502;490;492;495;388;224;503;507;500;498;486;490;488;486;494;497;495;487;476;477;465;347;475;484;482;483;482;482;478;442;481;485;488;487;492;485;485;481;480;486;489;489]
113321 - [434;447;446;427;455;432;424;396;486;485;485;416;478;496;493;486;496;488;495;304;501;505;502;491;490;499;395;230;508;507;501;496;482;490;489;484;493;499;502;486;484;480;470;337;475;485;480;484;480;478;480;444;484;484;487;483;496;486;482;483;477;489;493;497]
114285 - [417;451;450;449;451;436;413;405;483;486;485;406;474;496;489;482;486;490;495;298;505;496;507;496;493;497;433;238;497;505;509;498;486;485;492;477;497;497;498;487;481;483;467;344;477;484;488;486;480;479;476;442;486;485;484;484;488;488;481;486;485;485;491;489]
115249 - [419;450;435;455;452;425;414;418;479;483;486;405;482;491;494;480;490;496;494;283;493;504;503;493;497;497;432;226;505;504;506;498;486;487;487;490;495;496;495;490;475;482;461;350;475;490;483;485;481;483;477;445;483;482;484;484;497;489;490;477;485;481;491;490]
116213 - [433;452;436;455;459;428;419;417;483;486;477;440;489;495;491;485;490;491;494;278;499;502;500;491;491;499;393;227;497;508;507;494;484;486;487;488;490;496;499;487;487;480;465;315;480;484;488;485;482;477;478;439;486;483;487;485;492;486;480;483;480;484;492;495]
117177 - [427;442;462;406;441;430;419;406;484;490;484;406;476;496;492;486;489;495;494;283;499;505;504;495;495;496;392;241;509;504;506;498;486;485;490;492;490;492;499;484;479;476;469;315;476;484;490;486;486;479;476;434;484;486;485;487;487;493;481;482;490;486;485;490]
118241 - [431;449;443;438;444;426;427;408;484;485;490;424;492;498;490;482;491;497;487;300;495;502;501;497;499;499;429;221;498;504;507;497;483;486;486;482;494;497;503;485;475;480;471;331;477;484;484;485;479;481;477;441;481;485;486;485;504;487;482;482;492;488;488;496]
119205 - [436;448;445;480;455;429;408;400;483;487;493;430;484;494;494;478;489;496;495;281;496;499;500;491;492;499;444;225;502;508;505;497;486;487;490;471;496;492;498;489;477;473;466;311;473;485;483;485;478;480;478;432;480;484;487;481;499;489;479;490;493;484;491;501]
120169 - [429;448;445;444;436;425;418;405;485;485;481;421;490;495;494;484;489;492;503;299;496;504;498;498;492;501;430;231;498;503;507;494;484;487;491;482;493;496;504;492;480;478;474;323;474;490;485;485;479;480;478;439;482;486;485;489;494;487;482;490;490;483;490;496]
121133 - [433;454;445;463;444;426;425;393;485;487;486;403;490;493;495;482;493;492;496;278;495;501;501;493;495;498;411;234;496;512;507;495;486;486;488;479;495;500;496;490;480;480;472;350;477;485;485;488;478;482;477;437;481;482;485;485;487;489;489;493;491;483;491;491]
122097 - [430;447;435;440;449;425;415;403;486;484;488;422;486;497;492;478;490;490;499;283;496;502;503;490;495;496;424;230;495;506;505;502;490;486;493;478;498;495;495;486;482;483;467;336;476;484;486;486;482;478;475;449;487;490;487;487;494;487;477;490;482;488;490;483]
123061 - [444;447;445;460;449;436;430;410;484;488;481;404;488;495;496;481;489;497;494;311;498;504;502;496;492;498;447;232;500;513;509;495;487;486;493;465;486;498;493;492;481;478;463;315;475;484;482;487;483;478;479;438;485;485;478;486;491;490;481;490;489;481;489;490]
124025 - [438;456;452;410;442;420;420;407;482;486;491;423;486;494;493;480;490;489;498;275;496;504;506;493;489;500;391;234;497;506;504;497;488;485;493;477;490;495;496;488;480;477;464;355;475;484;483;486;480;479;483;440;476;481;486;488;503;487;479;486;490;483;493;489]
124989 - [430;452;441;458;447;426;424;408;487;486;486;419;480;496;496;485;486;491;494;277;501;500;503;488;496;500;429;227;499;502;509;497;485;488;483;473;493;489;499;487;480;473;462;314;476;486;488;487;478;477;475;449;487;485;483;489;507;487;487;482;490;482;486;493]
125953 - [433;465;438;441;445;435;416;415;481;480;482;414;486;493;490;480;490;495;496;310;504;504;501;490;493;496;430;229;495;505;506;499;482;487;485;483;494;499;500;487;479;475;467;340;478;483;483;487;485;479;475;443;484;486;487;484;489;490;484;481;480;487;490;491]
126917 - [424;457;450;453;435;429;433;409;482;488;482;406;488;497;492;480;491;495;487;295;503;505;499;494;492;496;430;230;500;510;510;500;488;490;487;479;490;494;501;488;475;480;467;358;479;484;487;483;480;483;480;440;480;483;485;483;496;488;486;483;492;489;493;502]
127881 - [425;450;448;447;434;428;417;403;479;485;478;395;491;497;492;480;490;494;495;279;500;504;502;493;493;495;444;234;502;511;507;501;483;490;488;484;497;498;496;487;481;484;470;314;477;487;486;487;478;481;480;441;479;487;485;481;498;489;483;485;479;486;490;493]
128845 - [435;456;435;456;427;428;430;409;482;488;490;393;489;490;491;483;495;490;494;282;499;506;507;490;494;499;415;223;500;510;504;499;481;483;489;490;490;495;496;486;485;486;467;316;480;481;487;482;482;487;478;440;486;485;484;485;501;484;480;480;489;486;488;494]
129809 - [435;459;445;435;442;425;407;410;482;484;489;397;486;497;494;482;485;492;487;276;504;503;503;491;494;497;401;226;505;509;511;497;485;487;489;495;495;500;502;488;481;473;464;315;476;487;484;487;487;483;483;443;479;487;484;487;495;484;485;492;483;487;487;498]
130773 - [437;448;443;415;445;437;432;399;486;483;491;382;482;496;493;480;488;495;493;298;495;503;504;491;495;498;437;230;499;512;506;498;483;488;487;493;500;494;497;489;482;478;471;362;478;484;484;484;485;479;482;443;478;481;487;485;491;485;487;479;492;485;483;495]
131737 - [437;458;445;428;443;430;415;400;485;480;490;404;480;494;493;478;496;493;499;282;501;504;502;495;494;499;426;227;499;507;502;496;482;490;492;474;489;497;502;491;483;481;466;316;475;483;491;488;481;483;480;436;481;481;483;489;487;487;486;483;485;486;489;493]
132701 - [423;461;436;442;441;435;419;399;482;484;488;405;488;498;497;478;492;491;493;274;499;504;505;499;497;499;423;230;502;509;504;496;487;490;490;492;498;499;496;488;481;479;462;340;478;484;487;485;478;479;482;440;476;480;487;485;501;493;483;480;486;488;491;492]
133765 - [429;458;440;448;453;439;416;411;483;488;490;423;492;496;493;488;492;491;494;288;502;505;501;492;492;501;446;236;510;509;509;502;489;485;489;483;495;496;496;486;475;482;470;345;476;485;486;482;482;480;479;440;486;489;487;491;493;492;481;491;489;493;487;495]
134729 - [435;450;457;457;431;422;405;400;478;484;490;387;485;493;494;481;488;493;503;275;494;503;506;494;495;499;427;232;502;511;509;498;482;487;484;484;495;495;501;486;482;475;466;341;484;485;483;488;480;486;480;446;481;485;487;487;499;490;483;489;485;488;492;489]
135693 - [440;449;447;438;436;428;428;416;484;486;483;422;488;492;492;482;490;492;490;282;507;502;501;492;492;504;432;230;502;506;504;496;483;490;492;479;489;500;502;491;479;481;467;321;476;491;489;482;482;480;474;438;489;485;488;486;506;487;484;483;484;484;487;497]
136657 - [435;457;452;461;451;438;412;403;488;484;489;430;491;493;493;487;493;494;494;273;504;503;503;494;493;505;430;232;489;510;510;497;482;488;494;479;491;498;505;484;482;476;472;322;479;481;484;487;480;477;479;448;481;475;489;487;503;491;479;483;492;485;490;494]
137621 - [426;457;446;445;451;425;418;399;486;486;487;417;485;499;493;479;492;492;491;277;503;503;502;498;493;497;411;228;499;506;510;502;488;488;493;479;493;495;498;491;472;475;461;310;476;478;488;486;477;479;479;448;482;483;483;485;499;488;488;484;481;490;492;496]
138585 - [426;458;450;400;427;429;412;398;481;480;487;430;487;501;487;479;493;489;497;304;505;503;503;494;492;495;416;230;501;507;507;501;489;486;484;491;496;501;500;490;479;482;470;322;475;484;483;484;484;483;477;442;481;481;486;485;501;488;483;489;485;488;490;492]
139549 - [427;450;449;420;444;428;415;408;482;489;490;403;479;493;490;482;491;495;493;283;501;506;501;496;494;495;440;229;498;507;504;494;485;487;491;482;490;497;501;488;481;475;466;313;471;487;485;484;484;475;473;443;486;481;483;485;490;486;487;483;486;485;484;490]
140513 - [435;456;441;426;449;433;420;411;478;489;482;416;488;494;494;478;490;497;484;294;509;502;505;492;495;497;435;229;500;510;506;505;487;486;489;484;501;497;493;490;477;473;469;317;473;488;481;487;479;485;481;442;483;485;484;484;503;485;484;486;487;487;492;494]
141477 - [424;452;435;444;445;430;422;398;481;486;488;417;489;497;495;480;493;494;494;304;509;501;501;494;488;497;446;225;503;508;506;497;485;484;493;482;496;496;494;493;478;479;468;337;474;488;485;485;478;482;479;439;487;480;483;485;488;488;481;483;490;483;502;496]
142441 - [424;456;453;443;434;435;416;399;480;485;489;404;498;494;491;475;490;495;496;280;499;502;503;495;493;498;417;234;503;508;508;497;485;486;485;488;494;498;499;487;471;480;473;328;477;484;483;484;479;483;476;438;482;485;492;487;488;485;482;489;488;490;493;493]
143405 - [436;459;442;437;433;427;431;402;483;489;485;420;478;492;490;479;492;488;496;280;501;500;503;496;492;500;435;227;506;510;513;497;487;485;493;476;499;490;502;487;478;480;466;342;477;485;483;482;478;484;478;435;481;485;484;484;487;491;480;487;491;484;489;484]
144369 - [425;456;455;444;437;433;415;404;484;488;493;446;480;492;491;482;488;491;492;281;501;495;506;493;492;497;437;228;508;506;505;498;486;487;490;482;495;500;503;486;476;480;465;340;477;484;482;489;480;482;475;438;480;484;488;487;499;485;487;484;485;488;489;488]
145333 - [425;461;442;444;440;448;412;398;482;488;487;413;496;497;496;483;491;491;486;272;503;507;507;494;495;500;433;228;502;508;507;497;483;484;490;484;491;495;495;483;478;478;467;316;476;488;487;487;478;478;474;442;480;485;482;493;492;495;487;484;485;484;491;488]
146297 - [438;452;447;480;450;431;414;404;482;484;486;430;487;492;494;483;494;492;498;274;509;504;502;497;492;495;445;231;507;509;511;494;479;480;490;489;489;500;498;488;478;479;475;340;473;484;483;482;484;481;471;443;483;482;486;487;485;485;482;482;482;486;492;492]
147261 - [428;457;432;435;452;430;420;401;479;481;483;399;485;496;494;480;488;492;489;299;501;500;502;494;488;494;429;230;502;503;508;498;479;487;489;476;497;495;502;485;479;478;467;349;474;484;484;489;480;477;480;439;482;485;484;480;495;490;484;487;490;484;489;486]
148225 - [422;455;451;441;452;417;413;407;482;488;485;404;485;495;491;481;491;499;496;302;507;507;507;493;495;497;440;232;506;507;507;498;487;484;490;489;500;495;496;486;480;477;475;315;477;492;487;485;480;482;483;440;483;486;485;485;492;486;488;486;487;490;491;492]
149289 - [425;454;468;453;446;431;417;402;480;489;482;429;488;495;494;483;489;494;492;319;499;506;501;494;494;500;436;230;507;507;505;496;485;489;485;480;494;495;501;484;476;480;469;315;475;489;486;485;481;480;478;444;483;484;486;489;498;485;483;494;487;483;488;493]
150253 - [430;446;456;458;444;430;420;402;485;487;486;423;485;496;491;484;489;488;495;283;494;501;500;494;494;497;428;223;503;510;509;496;485;486;484;473;492;494;498;484;480;475;470;341;478;487;481;487;481;485;482;439;485;489;489;483;495;487;481;480;485;486;491;491]
151217 - [436;444;442;448;445;432;417;402;480;485;487;433;481;495;496;482;488;493;494;287;498;500;503;490;489;499;395;234;504;507;509;501;487;482;491;479;494;499;497;490;484;477;467;319;481;487;489;483;481;478;473;444;483;485;485;486;489;488;478;481;485;490;494;500]
152181 - [424;452;444;437;452;432;410;411;482;487;489;418;484;496;500;477;494;488;501;279;495;500;499;493;494;500;396;229;499;508;503;494;480;490;487;492;494;495;501;486;478;481;475;315;479;486;484;485;484;482;476;443;485;483;488;479;501;491;485;483;482;493;488;491]
153145 - [434;449;443;441;446;431;419;409;482;489;486;431;484;491;496;478;488;492;489;277;500;505;504;492;493;497;407;226;504;498;508;499;490;488;486;473;496;498;499;485;480;483;476;339;471;482;485;483;484;481;477;438;483;486;488;486;489;488;478;483;491;490;486;490]
154109 - [423;461;456;466;452;429;418;407;485;489;484;429;482;491;491;479;495;490;491;283;509;501;503;498;491;496;406;225;503;509;507;499;494;485;489;495;494;500;500;485;482;477;462;310;468;481;485;484;485;484;479;436;482;485;482;484;499;488;487;483;485;484;492;496]
155073 - [428;456;451;436;438;419;418;407;481;489;487;408;490;495;493;482;488;493;489;275;508;499;508;499;496;493;432;229;499;514;511;500;484;487;484;474;494;491;501;487;483;484;464;347;471;484;480;486;481;479;478;437;482;483;483;486;494;487;482;492;493;494;482;488]
156037 - [422;452;443;436;434;419;420;400;488;486;484;416;473;496;494;485;489;496;495;301;501;503;503;492;492;499;440;229;505;511;504;494;483;487;483;473;491;497;501;489;480;478;471;343;475;482;488;483;483;484;480;440;485;485;486;485;494;483;481;485;488;491;492;498]
157001 - [430;463;435;415;445;431;420;403;486;486;490;394;494;498;495;479;492;489;484;277;507;503;500;489;490;495;424;228;491;508;501;496;483;486;490;481;494;494;498;487;478;478;472;325;475;480;484;485;478;478;479;441;479;486;487;491;492;492;482;479;488;489;495;491]
157965 - [434;448;442;436;423;435;409;405;483;483;487;418;483;492;492;480;491;490;494;299;499;500;508;496;497;499;406;227;507;510;508;501;481;482;484;499;494;496;500;487;480;479;464;315;476;486;484;485;474;480;479;435;480;487;479;489;496;488;477;484;483;487;487;493]
158929 - [430;448;442;459;429;426;419;405;482;485;487;401;496;496;493;480;494;495;495;305;498;500;507;497;492;493;390;225;509;508;506;499;487;485;489;474;495;495;498;488;485;479;466;313;478;486;482;486;483;480;477;438;487;486;485;482;503;482;481;484;488;484;484;489]
159893 - [426;461;445;441;437;433;415;409;482;482;496;396;491;493;496;484;494;493;491;287;506;502;503;499;493;502;446;225;508;507;508;494;482;491;493;479;494;499;498;487;477;481;466;330;473;486;483;482;484;481;478;440;482;485;482;481;495;491;484;482;480;491;495;487]
160857 - [435;458;442;462;446;423;420;409;488;486;484;417;484;495;496;485;492;492;496;305;500;503;505;497;495;497;427;226;503;505;509;501;485;485;496;480;493;500;500;488;480;480;470;324;479;482;484;489;481;487;480;435;485;481;485;484;490;489;479;478;491;486;492;497]
161821 - [435;448;440;445;457;427;417;405;480;488;492;406;489;494;494;487;489;493;498;281;494;506;505;496;494;499;426;232;507;515;499;497;483;485;495;479;493;493;499;486;482;477;464;313;477;487;482;481;483;484;478;442;486;485;486;491;500;489;484;489;483;493;488;490]
162785 - [430;459;442;453;441;427;415;407;481;489;485;396;490;494;490;485;492;493;497;282;497;507;501;494;494;498;390;228;499;511;507;499;485;485;489;488;495;497;499;488;480;479;480;321;474;482;489;482;485;481;480;446;481;486;485;481;491;492;480;483;484;486;486;490]
163749 - [425;453;442;426;449;427;411;402;481;484;487;391;478;494;492;483;490;491;499;281;493;499;507;497;493;494;373;232;499;510;505;494;486;484;490;487;495;497;498;485;478;478;463;339;474;484;490;485;485;480;476;445;478;484;488;485;497;485;484;484;479;488;486;493]
164813 - [436;447;458;421;455;425;416;410;483;491;492;399;486;490;493;478;489;492;493;266;497;504;505;490;491;497;432;239;496;510;506;498;481;491;488;487;496;497;501;487;478;479;474;319;474;486;485;485;479;482;478;444;481;483;485;490;500;487;481;486;490;490;488;491]
165777 - [431;465;449;443;444;432;414;398;485;489;488;399;483;494;494;480;491;493;496;273;491;501;503;493;487;494;432;224;498;511;507;493;482;482;486;486;493;503;500;491;480;479;467;327;480;486;488;482;481;474;480;436;483;480;484;489;498;487;493;485;487;483;490;500]
166741 - [437;457;436;437;457;420;417;407;482;489;492;394;481;498;494;476;496;495;500;281;503;504;505;494;494;499;442;230;508;510;508;499;482;484;487;479;495;499;498;488;479;483;469;351;476;484;486;484;485;480;479;435;481;486;485;483;488;488;485;488;482;485;488;496]
167705 - [432;456;436;445;441;425;423;400;482;482;483;387;497;496;490;483;492;492;489;282;503;502;503;491;496;501;433;235;502;510;506;492;481;488;487;489;495;496;498;489;479;489;468;349;481;488;486;482;483;479;477;441;483;485;487;491;495;487;489;486;478;486;485;493]
168669 - [437;455;449;455;454;443;420;408;483;485;487;394;489;492;492;487;490;495;492;285;497;502;505;495;493;499;393;227;505;505;506;500;483;483;493;494;493;501;497;489;476;484;464;317;473;486;487;488;482;477;479;437;480;485;488;484;494;484;484;494;481;494;488;500]
169633 - [427;452;452;444;435;446;415;401;484;482;486;406;491;497;494;482;494;491;487;275;507;497;504;495;493;501;380;232;504;510;508;497;486;489;492;466;491;496;501;490;474;473;471;314;471;487;484;487;484;481;478;435;482;486;488;488;503;476;479;484;482;483;494;481]
170597 - [426;459;450;458;433;425;416;414;485;486;491;417;493;491;493;479;493;496;495;282;505;504;503;492;494;499;430;237;498;508;503;499;484;483;491;476;495;497;500;487;480;478;469;343;481;491;483;484;482;481;478;442;481;483;481;485;488;485;485;487;490;486;490;489]
171561 - [431;462;441;451;450;433;407;400;479;488;484;390;488;494;496;480;485;494;498;278;502;502;501;495;494;495;387;227;506;509;506;497;486;484;487;480;491;496;495;492;478;481;466;341;478;486;484;483;483;479;482;447;483;488;482;484;497;489;482;489;485;494;487;492]
172525 - [434;450;449;455;436;424;432;403;481;484;492;400;490;501;497;482;491;494;497;309;501;502;501;491;496;493;414;223;503;504;504;498;488;482;495;486;497;494;499;487;477;479;471;320;471;488;484;482;482;476;480;438;485;481;487;486;495;489;480;487;484;490;494;500]
173489 - [431;461;447;466;444;426;427;401;488;482;484;415;481;493;498;476;490;497;496;284;496;503;501;490;494;500;409;228;495;512;505;500;485;489;490;472;494;498;503;486;479;479;468;332;479;486;486;486;486;483;480;443;480;483;483;487;498;487;485;484;487;483;486;488]
174453 - [438;457;455;436;458;426;425;410;482;487;487;418;486;494;495;477;495;495;494;278;504;505;505;493;496;496;423;229;503;504;504;496;483;486;490;480;492;491;497;490;478;480;467;341;480;483;485;489;483;483;480;441;483;478;484;481;492;489;489;485;480;489;486;483]
175417 - [431;450;450;420;442;432;421;406;481;487;490;400;485;492;493;480;490;496;494;275;497;499;502;495;492;493;397;231;502;507;506;495;484;485;482;473;493;496;496;488;482;483;465;327;476;485;485;486;482;477;480;438;478;483;487;492;500;487;484;476;491;483;490;489]
176381 - [429;450;447;431;441;420;421;402;484;486;485;405;494;494;493;482;493;494;492;270;497;501;505;493;494;498;402;228;506;510;506;499;484;486;493;481;495;500;503;492;478;479;471;331;481;486;485;485;482;485;478;442;482;485;485;486;495;488;482;484;485;486;489;492]
177345 - [431;453;448;430;445;423;413;403;483;489;487;416;474;495;495;482;493;493;492;279;498;503;504;496;496;501;397;240;508;505;508;500;485;485;490;485;500;493;499;487;480;479;465;316;474;488;486;487;480;481;479;441;483;483;485;487;498;490;484;487;493;488;492;493]
178309 - [426;444;450;429;452;429;419;419;480;485;489;412;487;494;497;486;488;493;498;300;500;501;505;493;492;494;401;230;491;510;513;494;487;490;489;480;489;497;501;492;482;474;461;319;481;491;484;484;482;481;478;437;484;484;484;486;493;493;483;487;488;486;498;486]
179373 - [439;457;453;430;428;434;409;405;482;486;485;394;484;492;492;483;491;492;489;283;507;507;511;493;496;494;421;224;501;512;508;498;487;480;484;489;493;492;499;488;480;481;474;344;476;492;483;485;478;483;480;447;486;481;487;488;484;479;485;485;486;481;487;498]
180337 - [423;451;448;445;434;436;425;409;481;484;483;410;491;496;493;484;489;494;494;283;503;504;503;497;492;493;404;230;502;507;504;496;482;492;490;478;492;499;497;493;485;484;466;321;482;484;481;482;484;482;475;438;481;484;486;489;492;486;489;481;490;484;488;488]
181301 - [429;452;444;441;432;423;404;401;483;480;485;380;482;498;496;481;488;493;491;276;498;504;503;493;489;500;433;226;504;506;506;501;484;490;485;489;496;502;500;488;476;479;472;349;481;484;486;487;484;486;476;440;478;482;485;485;500;491;483;483;477;491;488;489]
182265 - [425;447;451;426;453;420;420;397;480;487;486;429;476;491;495;487;492;494;496;284;497;502;506;497;494;496;388;223;505;507;508;499;488;484;489;496;491;499;502;492;479;483;470;317;475;487;482;486;480;478;477;439;482;486;484;486;490;492;480;487;492;482;480;495]
183229 - [432;453;445;455;453;444;415;401;487;482;480;408;487;495;493;477;487;489;501;273;502;503;507;489;487;502;422;236;502;507;505;497;485;485;491;490;494;500;495;494;480;482;463;355;477;482;489;487;477;485;477;436;481;482;486;486;488;485;484;486;486;483;488;497]
184193 - [440;445;446;443;453;422;422;402;487;487;481;415;484;501;490;484;490;491;487;266;500;499;503;495;487;504;436;225;511;503;504;497;483;486;484;490;494;495;503;487;477;476;464;351;469;487;484;488;479;482;478;440;488;486;487;487;494;485;488;485;482;487;490;497]
185157 - [435;457;424;441;442;425;416;413;484;485;482;398;489;499;496;478;487;491;496;277;500;502;505;493;492;499;423;230;506;508;507;497;486;487;488;485;499;498;497;490;478;483;465;316;472;481;482;487;481;483;476;448;478;485;482;482;488;486;487;491;487;484;489;495]
186121 - [436;447;443;466;432;434;418;415;480;484;487;436;489;500;490;480;492;493;493;284;494;504;502;494;492;495;429;227;509;508;505;498;485;486;493;488;497;500;501;488;482;478;468;319;476;485;488;484;478;481;476;438;486;487;491;485;502;486;483;486;480;488;483;494]
187085 - [431;451;444;436;454;427;415;400;481;484;489;399;490;493;494;482;490;493;488;274;501;500;503;496;492;496;403;229;496;506;508;498;485;492;495;474;494;497;497;490;480;477;466;311;480;486;488;483;483;483;475;438;482;485;487;487;490;489;481;488;491;485;492;497]
188049 - [430;449;445;418;441;430;411;402;485;488;484;414;475;493;492;481;493;496;498;280;503;503;500;496;496;497;400;228;506;512;504;500;481;485;482;482;500;493;499;487;481;486;463;317;480;485;487;483;482;479;477;447;482;482;481;489;492;489;487;482;489;481;490;494]
189013 - [427;450;456;415;424;436;417;393;488;483;487;412;491;497;494;480;488;491;497;297;504;502;501;492;495;497;444;228;506;506;508;498;487;489;491;485;492;496;495;485;477;477;471;343;474;487;487;483;480;479;478;445;484;481;487;486;499;488;484;491;487;489;487;488]
189977 - [425;451;447;460;451;446;412;406;485;486;490;416;491;498;489;486;489;492;493;298;497;501;504;492;491;495;416;222;503;509;500;497;484;489;487;477;490;500;503;490;483;480;460;310;479;485;490;484;483;481;480;439;483;482;486;486;490;481;480;490;481;486;490;485]
190941 - [431;455;442;443;448;430;417;405;485;484;490;425;479;499;490;483;496;496;493;281;506;504;502;496;495;496;395;229;504;506;510;495;485;485;490;478;496;497;499;487;476;482;471;312;472;485;484;487;487;477;482;444;481;485;487;490;499;484;483;481;481;494;493;496]
191905 - [430;452;443;425;445;437;421;404;480;481;485;396;486;492;495;480;490;492;499;307;495;509;503;492;497;500;442;228;501;507;506;501;483;481;485;489;500;495;497;487;478;474;474;317;481;494;489;484;478;478;476;445;480;482;484;486;500;483;485;480;483;486;489;495]
192869 - [431;456;455;423;430;441;407;405;480;488;485;407;484;496;492;483;490;497;491;287;497;503;507;495;497;492;398;228;507;507;510;500;483;484;479;488;489;494;500;491;478;474;465;315;472;480;487;484;480;482;483;437;479;486;484;486;494;489;484;490;487;487;486;493]
193833 - [433;462;443;464;449;427;426;404;486;489;484;413;487;493;494;479;493;492;491;302;497;502;504;496;498;495;397;234;503;507;508;499;479;488;491;486;492;493;498;489;478;483;466;317;479;485;486;483;480;476;477;435;479;485;486;484;487;486;484;478;479;484;485;497]
194897 - [427;462;450;440;458;431;417;404;485;486;484;412;479;496;489;482;490;492;491;279;509;501;501;493;495;499;423;228;495;512;505;497;487;486;490;486;491;502;501;491;477;480;467;359;474;482;484;484;478;481;479;438;484;480;485;488;493;481;481;484;490;485;489;490]
195861 - [420;457;438;461;440;432;426;401;482;485;485;420;487;496;495;483;489;494;497;282;499;503;503;496;492;497;427;233;507;504;504;497;488;489;489;482;493;497;502;485;477;477;464;320;469;480;488;484;478;483;480;443;483;484;488;486;497;490;485;481;482;485;487;492]
196825 - [426;458;453;431;449;425;428;404;485;481;492;402;486;491;495;482;489;492;499;281;505;504;503;495;491;499;399;235;503;512;508;502;486;489;495;490;494;499;496;485;484;484;469;320;475;483;487;482;483;474;479;437;481;480;483;487;494;487;482;489;487;487;487;492]
197789 - [432;459;448;452;448;426;431;405;480;487;487;426;488;496;497;480;487;494;498;285;497;505;502;490;495;495;440;223;498;506;507;496;485;488;491;487;496;503;501;488;481;476;469;342;478;489;487;490;479;483;478;441;484;483;485;487;508;486;484;486;484;484;489;492]
198753 - [418;454;440;442;438;422;411;412;479;487;496;410;485;496;490;485;487;497;492;278;507;504;506;494;495;496;435;231;506;502;507;494;487;487;486;480;492;496;503;488;478;482;462;317;479;485;484;487;483;480;475;432;483;484;485;489;503;488;483;483;491;486;487;486]
199717 - [428;461;437;407;448;433;410;403;480;485;483;401;478;493;495;482;492;491;500;304;501;505;506;493;488;500;416;224;503;508;507;497;489;486;487;494;492;498;501;487;481;478;475;349;475;486;485;485;482;480;478;435;483;484;487;489;497;489;484;487;488;483;491;496]
200681 - [439;447;444;435;451;432;403;393;486;487;486;407;488;496;496;481;493;492;491;288;503;501;506;491;497;498;393;232;506;505;506;502;486;487;485;490;497;499;501;489;479;478;464;353;472;482;480;486;480;486;477;443;482;479;483;483;496;490;487;479;486;487;485;488]
201645 - [428;456;445;432;453;435;418;411;477;487;493;404;480;495;490;482;493;494;496;303;502;506;504;498;494;495;424;229;498;502;504;495;486;487;493;474;493;493;498;490;476;480;470;335;477;491;482;487;478;481;479;440;484;480;487;487;490;484;479;486;487;483;491;490]
202609 - [434;457;443;433;451;420;421;399;483;487;482;408;472;503;501;489;491;495;488;270;500;497;506;495;490;499;440;230;492;507;505;498;486;482;488;476;496;496;500;488;478;475;469;327;477;486;485;486;479;481;481;440;480;485;484;485;491;489;482;483;487;483;491;503]
203573 - [431;451;438;461;443;431;422;404;485;488;486;432;479;496;494;483;492;496;494;278;506;502;506;493;494;499;401;227;501;502;507;498;494;487;493;478;495;495;500;485;478;480;474;359;474;486;484;487;475;482;474;436;477;487;483;486;493;490;484;484;482;484;489;493]
204537 - [442;450;460;433;457;419;419;404;482;488;490;419;479;496;491;480;492;495;494;279;502;498;501;494;491;498;389;229;496;507;507;498;484;484;490;483;495;491;500;487;477;476;463;352;476;482;484;482;484;481;478;438;485;483;488;492;496;493;478;487;489;488;487;491]
205501 - [430;454;452;437;436;431;415;408;488;487;492;427;482;495;490;476;495;494;497;301;500;500;505;491;492;500;434;229;504;503;506;497;487;490;484;492;496;499;497;489;481;476;470;316;483;482;484;480;484;480;479;437;479;479;482;482;484;483;487;481;483;491;489;493]
206465 - [430;458;435;448;441;424;411;402;482;485;482;399;488;491;489;480;490;493;489;278;508;499;505;493;495;495;440;230;501;504;506;493;489;485;487;487;498;502;503;488;477;478;469;349;478;482;484;485;480;481;479;442;479;481;489;489;494;487;479;483;490;488;488;501]
207429 - [427;460;445;445;455;419;419;401;482;484;490;413;485;494;492;480;494;495;497;304;507;505;504;494;494;499;399;230;502;507;507;495;484;488;486;482;491;495;498;489;478;479;472;320;472;485;483;490;479;482;476;445;485;486;489;484;492;487;485;495;486;484;491;496]
208393 - [424;455;442;459;431;425;406;409;481;485;485;402;495;493;491;480;490;493;499;300;499;500;504;501;491;498;380;235;510;513;507;497;483;487;496;477;495;496;503;495;478;472;466;345;479;482;487;485;481;476;482;441;483;484;480;483;483;482;486;485;480;480;487;497]
209357 - [429;453;442;441;452;426;424;414;480;486;480;420;489;490;493;481;490;495;497;273;500;502;505;494;494;496;392;232;511;505;501;500;485;490;487;469;498;494;497;493;478;483;467;313;478;487;486;485;480;480;477;441;481;485;487;488;494;490;484;484;480;484;488;489]
210421 - [421;453;446;445;457;439;413;400;488;480;483;416;479;496;490;478;494;490;494;272;498;500;506;496;493;497;400;226;506;512;503;497;488;494;493;496;495;498;495;488;480;477;465;318;485;479;490;484;481;480;480;444;476;480;487;486;498;492;483;483;492;486;492;489]
211385 - [431;452;452;457;443;425;412;403;479;485;480;409;483;496;489;480;491;491;496;275;493;499;507;496;490;502;431;229;493;503;504;496;486;485;490;476;494;498;497;486;482;483;466;318;481;486;486;482;478;483;476;446;485;481;482;486;494;485;478;483;479;483;487;494]
212349 - [432;460;430;427;426;428;416;410;483;480;488;409;494;496;496;480;492;492;494;280;498;501;504;494;494;493;439;233;497;505;508;503;487;486;485;471;494;495;500;491;475;480;466;342;479;484;486;489;486;479;477;442;485;484;481;488;506;490;482;483;490;485;484;490]
213313 - [424;458;450;443;451;434;415;407;484;487;489;412;480;495;493;484;487;494;498;280;500;504;503;496;493;500;380;225;500;505;505;498;485;487;488;493;490;499;496;489;478;474;473;320;473;483;487;480;484;480;480;443;484;486;484;485;493;492;485;491;483;478;485;481]
214277 - [418;450;444;438;436;429;422;418;484;485;487;442;482;492;496;487;490;490;494;274;497;503;503;497;494;504;428;236;496;511;510;505;483;486;484;480;494;500;497;487;482;474;465;317;474;482;486;481;484;480;478;439;479;479;490;484;482;488;487;484;482;482;492;491]
215241 - [431;450;442;434;453;428;409;407;482;485;486;426;491;495;492;481;491;491;489;296;495;503;506;490;496;501;437;230;500;502;506;498;488;488;491;466;497;499;499;489;481;478;464;311;477;484;485;482;480;481;478;434;483;478;484;484;498;485;485;479;485;491;490;492]
216205 - [420;456;439;434;446;432;427;406;482;485;490;433;481;489;496;483;491;494;497;277;507;498;499;498;494;498;437;230;504;509;505;498;484;487;484;476;495;498;501;484;478;482;469;340;480;483;487;480;480;483;477;444;483;479;485;487;494;481;483;488;486;486;490;492]
217169 - [425;456;449;435;461;422;424;399;484;485;491;419;487;495;493;482;490;496;495;277;492;503;505;491;495;496;442;230;508;507;510;499;483;492;489;488;494;499;502;484;479;475;469;354;481;479;480;487;479;480;482;440;485;485;489;492;481;488;493;482;486;482;493;497]
218133 - [423;456;448;416;441;422;422;409;483;485;492;398;482;500;491;483;495;496;491;300;488;508;502;494;487;493;396;238;496;509;501;498;487;486;483;489;489;498;504;490;478;476;475;350;480;482;485;486;487;476;474;440;484;485;483;483;502;485;486;484;486;485;488;493]
219097 - [421;463;454;457;446;425;416;399;489;487;486;417;497;494;493;480;491;493;493;305;499;503;501;491;496;501;428;235;499;508;502;498;483;485;487;484;504;495;498;490;482;475;462;324;484;485;484;481;478;478;482;450;484;483;486;485;498;489;487;480;485;483;490;493]
220061 - [423;450;460;417;446;429;405;414;487;486;483;414;477;496;492;482;491;496;505;311;495;502;500;495;494;500;425;226;505;507;506;503;482;484;486;482;494;503;493;487;476;477;472;345;480;485;480;488;483;483;477;438;484;488;484;486;491;492;480;481;485;493;486;496]
221025 - [433;444;456;432;423;429;413;400;486;487;490;396;493;494;494;483;490;491;494;282;504;502;507;496;494;497;403;227;490;514;502;498;487;484;488;488;493;497;497;492;476;479;468;349;474;485;486;486;481;482;483;444;481;483;489;486;497;486;480;488;480;487;492;491]
221989 - [456;450;432;426;443;428;411;402;479;488;484;397;493;493;493;478;491;498;490;305;498;503;503;497;494;495;433;228;507;508;502;497;483;489;492;478;491;493;500;487;475;478;465;344;478;485;485;487;483;482;479;446;482;485;485;487;491;488;477;483;484;493;498;494]
222953 - [422;450;441;436;458;435;420;397;485;490;485;395;477;494;495;482;490;496;492;274;510;500;506;492;491;496;442;231;503;504;511;497;480;485;487;477;495;495;496;486;479;481;471;347;482;485;484;484;481;480;475;438;481;486;485;486;497;484;485;485;483;489;489;494]
223917 - [430;456;428;468;454;427;416;401;487;486;482;428;485;496;496;482;491;497;486;306;497;502;505;494;498;498;441;232;511;510;506;493;489;488;485;476;496;499;499;487;480;477;467;344;478;487;488;480;478;480;477;438;481;486;484;482;496;485;482;486;490;487;492;495]
224881 - [433;464;452;456;435;451;416;398;485;487;477;436;484;498;495;478;491;492;500;304;494;504;508;494;495;497;393;228;496;510;502;495;489;484;485;494;494;497;498;489;482;480;469;344;480;485;482;481;485;481;479;434;476;488;484;489;496;489;486;481;479;484;490;489]
225945 - [416;453;441;454;434;430;407;418;481;483;487;444;479;491;496;483;491;494;491;282;498;504;501;496;492;499;405;226;495;508;507;501;487;490;486;471;495;491;504;487;484;477;470;346;478;484;484;484;480;478;478;440;488;482;483;487;499;487;487;500;484;485;493;494]
226909 - [430;444;440;449;452;432;408;405;481;487;487;430;485;494;490;485;493;498;491;280;510;501;505;495;491;495;420;232;500;511;502;496;482;490;492;490;496;498;502;491;478;478;460;347;476;485;484;483;487;486;476;440;483;483;488;488;497;488;484;481;480;489;492;493]
227873 - [427;451;449;450;450;432;422;405;487;485;486;435;481;497;493;484;490;490;498;286;500;502;500;493;494;496;430;231;503;508;505;496;479;482;494;476;493;498;501;487;478;478;463;340;475;485;485;488;485;485;479;443;486;485;485;481;499;482;480;485;482;486;486;492]
228837 - [430;449;435;420;449;419;426;418;484;488;487;400;492;495;491;484;488;497;489;285;500;502;501;494;491;497;440;231;492;510;508;495;485;482;489;477;499;497;499;492;479;488;468;316;476;485;486;481;475;477;479;438;481;482;485;488;499;488;486;476;490;485;489;492]
229801 - [433;455;465;417;458;427;408;395;480;486;485;408;491;500;492;477;489;492;494;304;499;504;503;490;496;502;391;231;490;510;510;498;484;487;489;479;491;494;503;487;481;480;473;307;476;487;485;483;478;480;478;430;484;486;486;482;500;487;482;481;487;494;493;491]
230765 - [430;451;447;456;439;431;419;401;481;487;477;389;474;492;496;480;490;490;489;288;505;506;502;495;490;498;394;235;501;507;507;502;485;489;493;484;497;496;496;487;481;479;464;316;482;481;488;485;482;481;489;440;484;485;485;490;500;486;487;485;489;483;487;486]
231729 - [432;458;449;435;446;437;422;398;485;484;478;399;482;494;490;475;486;493;493;279;499;500;507;498;494;501;415;234;502;509;506;496;487;488;484;466;495;498;501;483;480;477;471;319;478;484;483;481;485;479;475;441;486;482;486;481;495;502;483;487;491;483;489;496]
232693 - [430;462;446;441;445;430;418;402;487;487;487;426;479;494;491;485;489;489;494;273;506;503;502;492;494;494;399;227;506;512;510;495;480;491;491;489;492;497;496;492;481;475;465;316;472;488;481;484;485;481;475;440;479;486;485;484;498;483;486;483;494;484;492;492]
233657 - [429;462;456;444;446;432;418;413;484;483;483;410;486;497;497;485;488;491;494;278;501;502;504;493;493;496;404;231;503;509;504;498;487;494;491;465;501;496;500;488;473;481;468;344;478;483;493;483;485;479;475;439;481;485;487;483;490;489;487;489;485;482;490;495]
234621 - [428;451;449;464;448;433;414;395;485;487;485;436;492;495;497;479;493;495;495;267;495;504;501;495;494;497;390;232;496;506;508;498;482;483;487;492;495;492;496;487;479;476;460;320;475;482;482;483;482;481;483;442;482;480;482;487;502;492;484;485;484;486;485;494]
235585 - [434;446;453;442;457;419;419;395;482;483;486;403;480;490;496;480;492;494;496;279;492;501;505;496;498;499;402;232;505;507;506;500;484;488;486;486;499;493;500;491;482;484;470;322;476;484;490;489;480;481;478;437;478;483;484;486;486;487;486;485;484;487;490;497]
236549 - [430;443;440;469;451;427;429;398;483;485;483;411;488;495;494;476;490;496;485;306;500;501;502;495;490;500;441;231;502;512;510;500;487;486;489;482;493;500;496;488;479;479;468;322;478;483;486;487;482;479;483;439;484;483;485;486;491;490;481;483;484;484;487;497]
237513 - [430;453;450;449;450;428;416;407;481;480;486;387;488;498;493;484;492;492;497;274;500;502;505;492;494;497;432;230;499;510;508;501;483;485;490;482;493;492;498;491;481;482;476;317;477;489;486;486;486;479;476;443;485;484;486;484;500;483;484;486;494;488;488;494]
238477 - [427;453;457;418;437;422;415;415;481;488;481;394;483;494;489;480;489;495;490;310;504;504;505;493;492;500;445;227;501;509;509;498;488;492;483;473;490;495;500;488;481;478;472;321;474;484;485;483;481;482;483;442;482;482;484;483;495;482;475;486;483;485;482;490]
239441 - [428;452;453;475;462;422;420;407;483;483;491;404;493;495;492;482;487;492;495;295;491;504;502;494;497;500;390;234;501;510;505;500;483;486;486;477;492;493;499;490;479;482;469;317;480;489;487;488;481;479;480;439;483;484;488;484;494;487;481;487;485;491;495;497]
240505 - [425;462;451;449;430;429;423;395;484;486;485;410;486;487;494;483;492;495;492;283;495;498;500;494;495;499;431;232;497;509;504;495;484;490;487;488;493;498;495;488;476;478;470;316;483;486;480;487;483;479;479;439;482;483;489;489;490;489;478;488;482;486;487;501]
241469 - [430;444;461;451;432;421;420;402;485;488;484;446;480;491;491;481;490;495;489;284;493;502;504;497;491;499;405;234;503;509;502;498;491;479;485;474;502;494;497;488;477;475;467;316;473;487;487;486;481;473;476;449;480;486;483;488;495;488;485;486;487;487;487;482]
242433 - [432;450;455;437;447;425;412;402;477;487;484;429;476;500;492;478;490;492;483;279;504;501;504;497;491;499;438;236;506;503;507;500;486;489;484;469;492;495;495;492;480;483;468;330;474;482;488;483;480;480;473;445;487;481;482;484;495;491;484;485;485;483;489;490]
243397 - [434;444;447;425;451;432;413;407;482;484;494;439;497;494;495;481;489;494;493;283;496;502;504;490;493;495;439;234;509;511;502;492;481;492;490;477;497;495;497;485;481;472;474;342;475;487;483;487;480;480;479;442;481;484;484;485;492;485;477;485;491;488;491;503]
244361 - [432;452;458;462;450;425;420;401;483;483;485;414;484;496;494;486;491;492;493;268;497;504;503;497;494;496;443;231;499;504;506;496;483;488;487;470;495;496;495;486;475;479;463;334;476;483;481;486;479;481;477;442;484;484;484;486;497;492;486;487;487;496;489;497]
245325 - [433;452;440;432;443;425;419;409;486;487;486;371;488;495;494;482;493;496;495;291;503;500;507;492;495;498;422;240;500;510;506;502;485;486;489;472;495;494;503;490;484;477;467;343;481;484;483;484;479;476;484;437;483;490;486;488;494;490;479;491;485;486;490;492]
246289 - [439;443;444;427;437;444;417;393;486;485;488;420;490;496;489;482;490;495;490;277;507;504;503;495;497;501;444;229;501;514;505;496;483;486;492;485;491;498;493;487;481;476;468;355;476;485;483;481;478;480;475;438;480;478;481;486;499;490;478;486;487;486;496;494]
247253 - [428;455;447;444;444;440;421;400;481;487;484;411;484;490;496;481;492;493;490;282;503;503;505;492;491;499;442;227;496;507;509;497;486;489;489;485;492;500;501;486;481;476;462;345;474;484;483;481;485;478;478;443;478;481;481;483;498;492;480;482;487;483;490;495]
248217 - [428;458;446;437;449;425;414;398;484;489;489;434;484;498;497;481;494;491;493;275;501;503;501;489;492;492;400;240;502;508;509;498;478;489;495;472;495;490;500;494;475;479;474;345;480;483;486;481;487;479;479;445;485;479;486;489;501;486;483;483;483;488;492;492]
249181 - [426;447;428;436;436;428;423;404;481;486;485;403;485;495;495;482;492;494;492;276;498;505;503;496;490;495;407;228;501;509;511;498;488;483;485;481;499;496;498;487;479;478;461;319;480;488;486;480;478;483;485;437;486;483;483;493;484;492;498;485;492;485;491;490]
250145 - [429;451;442;451;457;437;416;407;482;486;485;422;489;496;494;486;492;494;494;278;500;499;506;490;490;494;386;228;499;511;507;497;487;487;494;481;493;498;500;488;478;475;465;346;480;489;486;483;477;479;477;445;481;483;483;486;499;485;484;489;492;486;490;486]
251109 - [425;455;451;424;443;434;418;399;480;487;486;391;491;496;495;481;489;495;492;279;506;505;504;491;495;494;445;226;503;506;508;497;482;493;489;488;487;497;501;487;476;479;474;343;475;485;482;485;478;480;481;438;477;486;485;485;497;480;487;490;483;484;484;500]
252073 - [425;456;445;442;448;426;412;398;482;488;486;410;493;497;496;479;488;494;498;277;507;504;501;492;490;500;429;234;503;507;508;499;484;490;489;472;497;493;499;488;484;478;470;311;473;483;486;482;478;483;479;439;479;487;485;490;491;485;481;490;482;491;490;484]
253037 - [425;456;453;410;439;419;412;402;484;483;481;412;490;492;490;487;487;495;495;272;501;505;503;495;491;498;442;233;497;505;507;497;487;485;491;480;496;495;496;490;482;477;465;317;484;487;483;486;480;479;480;440;483;486;491;487;498;492;483;482;485;487;489;496]
254001 - [430;454;441;439;445;428;415;394;483;485;486;424;481;497;496;480;491;494;489;275;508;501;505;490;494;498;398;231;499;503;508;504;483;489;489;487;493;495;500;489;480;480;476;344;479;489;478;484;478;479;475;441;485;487;486;483;497;488;487;486;480;484;492;490]
254965 - [414;459;439;468;452;432;419;399;482;484;485;393;487;495;492;483;491;492;490;270;494;497;504;495;497;500;432;227;505;507;508;500;483;487;494;487;493;497;503;488;482;480;469;314;482;487;482;482;482;473;479;441;481;481;486;486;493;488;484;482;489;487;492;490]
256029 - [426;448;459;454;454;436;429;401;485;483;484;430;496;494;494;489;489;493;492;274;500;504;504;494;495;498;443;230;498;510;509;500;488;483;499;457;496;499;495;487;480;480;472;318;479;486;482;485;481;477;478;443;478;481;485;485;492;490;481;483;479;484;492;495]
256993 - [427;448;447;441;450;425;422;403;482;487;484;424;488;496;498;483;489;495;494;279;496;504;501;491;495;499;388;228;499;502;501;495;486;488;491;493;493;495;500;491;481;479;471;316;481;483;485;484;479;482;484;434;481;485;485;482;498;489;484;485;485;487;488;495]
257957 - [427;448;446;429;433;422;417;415;485;487;485;409;483;493;493;483;488;493;488;301;504;501;501;493;492;499;383;230;498;508;503;496;485;487;491;479;494;494;495;487;480;478;463;344;477;485;482;486;484;480;477;437;486;482;486;485;489;492;481;481;479;486;490;495]
258921 - [431;443;446;435;445;439;419;415;482;480;487;411;481;493;490;482;489;494;494;290;501;505;506;495;493;499;392;228;504;506;509;501;482;483;488;475;493;497;498;487;478;479;471;354;473;482;484;484;484;479;477;444;486;483;486;481;493;486;484;490;486;488;491;495]
259885 - [423;463;448;436;447;439;428;415;483;482;483;407;484;499;493;484;491;495;492;279;506;505;501;494;496;499;435;228;504;506;507;500;483;484;490;477;500;496;498;487;482;477;470;349;480;483;486;483;477;477;477;440;482;477;485;489;498;482;483;486;485;488;486;492]
260849 - [432;454;446;451;441;427;418;405;478;482;479;431;493;494;494;484;495;496;485;291;498;503;506;498;494;500;398;228;498;508;509;500;486;487;483;470;495;497;497;485;481;480;469;341;472;483;490;482;487;478;481;436;484;481;482;486;494;485;482;483;490;490;487;492]
261813 - [427;451;442;442;437;431;423;402;484;484;484;408;490;494;490;480;490;496;496;281;500;501;506;496;489;496;438;227;509;506;507;497;487;483;494;483;497;494;504;484;485;484;475;337;477;489;484;483;480;479;478;444;486;486;481;489;498;485;484;494;482;486;494;491]
262777 - [430;452;449;443;439;423;427;419;482;485;488;406;483;493;491;486;493;496;499;310;507;500;502;493;496;504;435;227;502;501;508;497;485;488;493;483;491;493;499;489;478;477;471;319;484;484;482;488;482;479;484;442;487;484;479;486;491;490;480;481;483;488;489;502]
263741 - [418;453;446;421;444;428;420;408;484;488;484;425;481;499;498;484;488;496;500;279;502;504;499;490;498;490;391;235;499;506;507;499;487;486;502;506;489;498;494;490;481;473;470;347;484;482;485;485;481;481;471;440;481;484;488;486;500;481;484;487;489;486;488;489]
264705 - [434;444;444;439;433;430;409;400;484;485;482;422;487;493;495;485;490;494;492;313;498;499;507;502;494;494;441;231;508;506;508;499;486;486;490;477;492;494;499;489;475;478;471;312;475;483;484;483;479;476;481;451;488;487;485;484;488;478;488;490;487;493;495;498]
265669 - [434;455;443;451;427;430;417;407;482;482;486;428;485;491;490;488;490;492;496;282;500;500;501;493;492;496;429;229;510;508;506;502;486;481;488;479;492;495;500;492;477;475;470;313;476;479;484;483;479;474;477;444;484;492;486;488;497;490;490;483;480;489;492;490]
266633 - [442;465;445;418;438;425;425;401;482;488;485;395;486;498;494;483;488;494;502;293;499;502;501;492;494;496;407;230;500;506;505;499;482;486;483;479;492;498;497;484;482;478;468;356;470;486;487;486;475;478;479;444;486;483;485;485;492;487;493;481;487;487;491;488]
267597 - [448;458;451;459;446;437;411;400;485;483;486;419;489;496;493;483;492;492;495;283;501;504;505;492;491;501;445;234;502;507;509;497;484;491;487;484;499;494;495;489;478;478;470;316;484;483;482;486;482;482;475;441;483;482;484;486;491;485;484;481;485;486;492;499]
268561 - [427;455;439;422;440;441;409;404;482;484;483;420;489;494;490;482;489;497;492;279;500;501;505;496;490;494;432;236;501;504;502;500;487;488;489;489;494;495;496;485;478;480;473;320;479;485;480;484;478;482;480;441;483;484;484;487;495;491;483;486;479;487;495;501]
269525 - [423;452;441;434;443;436;422;401;481;486;483;437;483;495;493;481;490;490;494;269;501;499;504;493;490;500;442;231;510;509;506;501;483;485;486;481;494;493;499;486;480;475;466;313;474;480;485;489;479;481;479;435;484;485;487;485;499;489;483;487;482;487;490;494]
270489 - [425;446;457;434;447;425;413;405;482;483;481;413;490;496;497;484;486;495;496;283;499;501;503;496;495;499;398;231;505;506;505;504;485;481;494;469;498;495;499;490;479;484;471;322;473;482;484;485;485;481;475;440;480;482;482;486;494;481;482;494;491;487;485;492]
271553 - [433;458;453;487;446;429;422;396;483;484;482;406;491;491;493;482;490;492;498;272;499;502;503;495;494;501;416;230;500;506;507;494;483;483;489;471;495;501;500;484;481;480;475;330;480;488;481;482;480;481;477;440;485;481;481;487;499;493;484;483;483;486;487;493]
272517 - [429;452;448;425;444;438;416;415;481;486;483;408;490;499;495;482;491;493;490;279;503;498;503;493;497;495;439;234;505;506;510;496;490;486;490;475;490;497;500;487;481;480;468;314;477;480;486;490;484;478;478;441;480;485;485;487;495;486;492;486;491;495;491;492]
273481 - [430;458;442;435;452;429;416;409;480;487;483;415;484;492;490;483;493;496;492;269;499;499;506;493;493;497;447;232;510;509;508;503;485;488;488;470;496;498;498;490;481;478;463;315;476;482;483;485;479;480;478;448;485;487;484;488;496;478;481;488;484;486;486;492]
274445 - [427;457;452;449;436;428;404;407;482;489;489;401;481;493;496;480;488;499;493;271;494;503;504;496;491;502;427;247;503;508;502;498;489;486;495;480;494;495;502;487;482;477;463;340;474;484;487;487;481;484;481;445;485;485;487;489;491;493;478;483;484;485;489;495]
275409 - [435;461;447;446;436;428;422;398;480;489;487;427;487;489;494;479;491;497;490;272;496;501;505;492;491;498;427;233;509;505;509;497;480;482;491;484;493;494;497;486;482;479;474;311;478;485;485;485;481;482;475;438;482;485;485;485;489;491;486;481;487;487;489;491]
276373 - [429;452;441;429;445;420;425;409;481;487;482;419;486;493;494;485;489;493;490;280;505;501;505;494;495;495;418;234;501;506;506;496;486;494;484;480;490;498;499;486;476;481;468;343;480;485;488;488;483;476;483;445;480;487;488;478;483;487;497;490;493;487;486;492]
277337 - [432;458;454;427;425;432;420;416;480;488;493;391;485;491;493;482;486;494;489;310;503;497;499;496;495;497;440;229;500;510;510;501;486;484;486;480;493;498;498;490;482;479;473;340;478;484;488;481;480;479;477;442;485;484;487;485;490;486;481;490;487;487;492;496]
278301 - [431;448;438;449;440;423;430;415;484;487;485;438;483;491;497;484;492;493;491;282;492;504;504;494;493;496;425;229;502;502;504;498;486;486;488;467;486;500;499;490;480;484;466;321;479;486;487;487;480;482;478;443;483;482;484;486;490;488;492;487;494;480;486;494]
279265 - [422;457;449;445;448;426;422;404;483;486;485;405;487;496;493;479;490;494;489;299;502;504;503;494;494;496;437;231;497;511;510;494;485;490;490;468;498;498;499;488;479;479;468;313;475;488;487;487;484;481;480;439;481;480;486;490;494;483;482;480;489;481;487;489]
280229 - [433;455;434;448;441;427;420;415;478;485;485;406;483;499;496;483;490;491;489;280;508;505;506;492;494;499;391;234;500;512;505;496;484;486;489;490;497;495;494;487;480;478;470;315;481;484;484;486;478;481;477;443;487;484;487;486;506;487;484;481;486;488;497;493]
281193 - [415;460;450;438;448;432;419;404;486;488;487;417;485;490;495;487;491;493;489;280;490;504;504;493;491;501;441;229;491;508;506;501;481;486;493;487;492;493;499;490;484;480;465;311;480;485;485;485;481;473;475;441;483;484;484;485;507;490;484;487;484;483;497;493]
282157 - [436;452;466;427;452;425;415;400;483;491;491;415;477;492;490;485;491;494;497;281;498;503;504;492;494;497;440;230;510;504;508;495;486;482;491;489;494;493;496;486;476;479;475;316;478;488;485;483;489;482;473;440;483;481;486;486;496;486;483;485;487;492;485;492]
283121 - [436;451;433;431;451;426;424;396;485;484;485;435;481;496;497;480;492;497;492;278;508;506;499;495;490;495;399;230;501;509;505;497;489;488;494;473;497;499;497;490;481;482;469;312;477;487;485;486;478;482;484;441;482;482;486;488;493;486;480;489;482;492;488;495]
284085 - [436;451;430;443;453;427;408;399;482;486;486;399;487;494;494;478;491;496;493;278;495;501;503;490;494;500;412;233;504;511;506;499;485;486;493;468;491;495;500;492;480;482;470;344;465;488;485;482;485;480;477;448;483;481;482;485;503;488;487;481;481;488;491;498]
285049 - [430;458;458;449;444;422;417;399;485;484;487;427;482;497;492;481;495;493;486;276;501;499;502;493;489;500;450;231;503;512;509;489;482;485;494;475;494;495;495;486;477;478;470;348;471;491;483;487;481;478;479;436;482;484;482;485;488;494;484;483;484;487;485;492]
286113 - [424;456;445;398;445;436;417;401;485;488;479;426;475;496;495;478;487;494;500;283;500;503;503;491;495;498;437;234;500;506;505;498;480;489;492;467;492;497;502;486;476;475;470;322;471;482;485;484;481;481;479;443;481;489;484;491;493;481;482;488;486;481;487;495]
287077 - [438;454;436;427;445;436;406;406;480;488;489;418;488;491;492;482;488;493;489;281;500;502;502;494;497;500;442;231;503;506;507;498;487;482;488;488;493;495;495;490;484;485;468;314;473;484;485;482;479;479;480;434;482;480;488;487;490;489;487;484;490;491;487;496]
288041 - [422;452;450;442;438;441;425;410;482;485;488;421;484;493;496;486;493;493;491;278;495;503;506;495;496;497;436;233;501;508;506;496;485;486;489;479;492;498;496;487;476;485;469;308;480;490;488;486;482;481;474;437;484;483;484;483;492;490;486;480;479;490;486;492]
289005 - [420;452;448;462;436;425;416;399;481;490;491;397;495;494;493;479;490;490;489;281;506;505;505;497;494;496;425;235;501;508;506;498;485;490;491;480;495;495;499;486;480;481;467;340;478;485;483;483;479;480;477;433;484;480;486;483;500;490;480;481;479;487;489;493]
289969 - [426;448;454;435;440;440;411;396;479;483;474;393;483;494;492;478;492;496;497;298;500;504;501;495;492;498;432;229;506;508;505;499;487;486;488;492;489;501;502;486;478;481;460;312;475;486;479;485;482;480;478;439;486;484;486;486;490;485;481;483;491;486;488;494]
290933 - [436;454;445;422;447;425;416;398;481;489;481;421;493;493;491;483;490;494;493;309;507;500;502;494;493;494;447;232;497;507;504;494;481;491;487;457;492;500;495;486;480;478;460;345;477;485;486;485;481;477;476;437;485;478;485;488;491;490;482;482;490;484;487;488]
291897 - [434;452;431;436;426;434;412;402;483;482;487;404;476;497;493;478;493;495;497;284;504;504;503;492;494;498;412;227;497;504;501;499;484;486;494;490;499;498;499;488;481;478;471;346;478;486;484;483;483;479;479;435;485;481;489;485;495;494;486;482;486;485;485;492]
292861 - [423;449;450;439;447;429;417;398;482;486;488;407;493;498;495;482;493;492;500;275;501;501;504;490;490;495;431;232;506;504;507;499;488;484;488;477;502;499;499;483;477;482;473;315;477;485;483;480;484;479;474;435;481;484;483;485;493;494;477;483;486;495;486;495]
293825 - [432;458;442;447;433;426;415;414;481;484;488;415;489;498;497;481;490;495;487;302;501;498;505;492;499;494;441;229;497;508;507;496;480;485;485;496;497;497;499;482;483;479;462;319;477;485;483;482;478;480;473;444;487;487;487;485;492;481;481;487;488;485;489;498]
294789 - [432;455;450;457;461;427;406;394;484;489;484;394;490;492;495;487;494;492;494;274;498;500;502;492;493;497;434;228;496;506;507;499;486;487;492;484;496;493;496;487;481;476;466;318;476;484;486;484;482;481;482;434;478;485;486;495;494;486;490;483;493;492;490;496]
295753 - [430;453;435;451;445;427;414;401;486;487;487;400;482;493;497;478;486;495;497;299;503;505;502;499;493;497;394;231;500;503;509;499;488;491;489;478;494;498;498;490;479;478;469;352;473;491;485;481;481;483;480;445;478;477;486;488;484;489;488;487;490;495;489;493]
296717 - [431;456;438;458;447;435;414;417;482;487;483;409;486;495;496;487;490;492;498;289;502;504;506;497;497;497;412;233;504;504;509;499;486;485;487;474;497;496;494;487;478;478;465;344;473;483;484;482;483;479;478;439;480;481;485;488;498;493;484;483;486;483;488;485]
297681 - [436;451;449;412;446;421;415;403;483;486;488;396;481;492;496;484;491;495;501;310;497;505;501;495;499;498;394;233;504;507;510;497;484;488;488;478;498;494;497;487;483;479;472;317;478;485;485;488;478;486;480;437;481;484;484;486;487;484;482;484;488;484;486;494]
298645 - [435;450;449;448;446;438;419;403;482;485;482;403;490;493;495;483;492;494;495;265;496;500;501;493;495;497;446;228;503;509;509;498;490;493;491;472;493;495;500;489;482;481;469;326;482;487;482;486;479;477;480;433;481;479;488;488;490;479;486;488;486;491;490;491]
299609 - [427;465;435;473;457;426;412;402;482;484;488;409;487;498;493;480;492;496;503;273;499;502;504;493;493;503;437;236;497;511;507;496;485;487;481;469;497;499;497;495;483;481;473;359;480;480;487;487;481;477;476;443;478;485;483;485;495;487;483;482;487;487;489;492]
300573 - [435;456;442;448;430;425;414;398;482;483;485;416;483;496;496;480;489;496;488;272;503;503;498;495;492;501;426;228;505;506;507;498;484;489;491;480;492;500;500;486;479;486;464;340;474;486;480;487;478;476;476;439;482;487;486;484;498;490;484;491;485;487;489;491]
301637 - [429;449;450;462;430;426;427;412;478;488;490;407;486;494;494;487;485;490;493;281;505;505;504;493;490;495;442;227;504;513;509;495;483;485;487;479;494;498;498;483;485;476;476;341;482;484;486;484;486;480;476;439;485;487;487;485;492;488;484;482;479;487;491;495]
302601 - [429;448;449;438;438;432;409;399;483;485;488;430;490;491;492;483;490;494;491;272;504;496;502;494;492;503;440;235;504;508;505;500;489;486;496;492;496;496;496;492;482;478;468;316;475;485;482;485;479;479;481;440;486;484;483;486;499;487;482;483;480;489;490;495]
303565 - [427;444;449;459;451;423;417;403;478;483;483;407;487;496;488;479;493;493;493;283;499;497;502;497;492;496;444;229;501;504;506;500;487;489;486;486;488;501;500;489;478;484;474;303;477;486;482;484;478;476;475;443;482;485;485;482;502;494;479;484;489;494;487;497]
304529 - [428;444;425;451;453;430;415;417;485;483;491;419;496;500;495;486;494;494;489;253;505;502;508;493;495;493;429;236;499;505;504;497;486;487;486;477;495;500;502;489;478;479;464;351;473;487;488;483;484;478;477;445;483;488;483;484;495;484;483;484;488;486;489;495]
305493 - [440;446;447;435;451;425;405;405;485;483;485;420;483;494;490;480;493;497;497;270;499;500;507;491;492;496;442;232;501;506;509;495;492;486;493;467;494;493;500;495;480;473;465;320;475;488;484;483;482;482;483;442;475;482;486;488;496;482;485;490;483;497;489;492]
306457 - [430;452;445;445;462;435;413;402;482;489;488;432;482;497;497;481;492;492;487;269;504;503;503;492;493;497;402;230;505;507;509;495;487;484;488;480;493;497;498;489;478;482;465;337;471;484;482;483;482;480;474;443;480;482;486;486;495;489;476;484;490;486;485;493]
307421 - [425;447;432;448;440;430;418;404;481;486;490;426;479;494;494;482;488;494;484;278;506;507;506;496;494;497;428;231;503;514;512;495;484;485;489;485;495;498;501;484;474;475;468;353;480;485;487;485;482;483;480;436;487;489;484;482;495;482;479;490;485;489;484;493]
308385 - [430;452;436;436;429;440;422;412;485;485;490;414;490;490;490;480;495;494;490;271;497;497;502;496;492;498;438;236;496;510;506;499;485;485;490;474;497;500;498;486;478;477;473;316;477;488;481;485;486;482;476;433;487;487;484;487;497;487;483;484;487;487;490;494]
309349 - [422;454;450;469;444;427;421;398;481;487;488;409;488;491;492;482;491;496;492;280;499;503;508;493;491;499;443;226;507;511;501;500;488;484;490;487;497;492;499;494;472;482;466;339;473;489;485;484;483;487;483;445;482;485;486;484;497;487;484;484;482;487;487;490]
310313 - [424;459;447;452;471;443;417;404;486;484;488;419;485;493;493;482;487;495;494;275;498;503;503;501;489;498;442;226;505;511;505;500;489;493;491;475;494;496;502;484;478;483;468;354;472;483;484;485;487;485;479;446;485;485;482;488;489;482;483;480;484;488;486;494]
311277 - [436;457;453;453;427;424;419;404;482;486;485;432;492;495;499;481;492;493;489;276;494;506;504;492;492;500;439;236;503;507;509;492;483;486;488;472;496;497;498;487;484;484;469;315;475;487;485;480;478;483;478;433;486;484;487;484;484;488;486;483;491;487;492;500]
312241 - [443;453;441;457;445;428;417;402;482;483;489;410;482;494;499;483;491;494;497;281;504;503;504;491;494;497;436;230;498;505;506;496;484;487;487;487;488;493;501;485;471;480;468;343;486;484;488;481;486;483;477;434;483;484;485;483;490;487;477;483;488;480;486;487]
313205 - [431;453;443;423;440;422;415;405;478;483;484;417;486;496;493;485;491;497;495;316;500;505;501;494;490;503;414;229;501;509;504;495;483;487;485;476;492;495;497;490;477;475;473;318;474;484;487;484;478;477;482;436;482;482;488;486;489;492;486;482;485;487;488;494]
314169 - [430;444;443;443;436;432;414;404;482;488;482;419;482;493;500;483;492;494;493;289;508;502;499;493;495;497;416;232;505;507;513;496;490;490;486;475;495;499;502;489;480;473;471;342;478;484;483;486;480;479;480;437;481;482;486;489;485;490;493;483;482;486;489;491]
315133 - [429;440;447;445;459;434;416;406;480;479;486;393;484;495;492;478;492;493;491;280;504;500;502;496;496;499;416;232;509;507;509;496;483;490;493;484;491;499;499;489;481;481;467;349;475;485;480;481;481;481;483;441;485;485;483;484;491;490;482;483;481;490;490;484]
316097 - [434;457;451;422;432;423;419;417;482;487;485;419;477;492;492;483;485;496;491;302;508;500;502;491;490;497;452;229;511;508;504;498;487;482;487;493;495;498;498;489;480;478;467;323;476;490;484;485;476;478;478;440;480;487;487;482;492;483;488;481;483;484;486;501]
317161 - [422;458;429;432;436;430;428;399;483;486;485;443;490;492;494;482;487;497;494;276;507;505;505;494;494;496;441;230;507;512;507;500;489;485;484;489;494;497;499;489;475;481;467;345;476;483;489;484;474;481;480;444;486;487;487;480;505;493;482;480;491;487;489;496]
318125 - [438;449;447;436;448;431;416;405;482;487;487;431;484;496;492;484;489;495;501;276;498;504;503;495;494;497;434;232;494;511;506;497;485;485;486;473;496;496;501;486;479;485;479;343;476;484;486;486;482;480;482;443;488;484;483;484;494;485;484;485;488;488;494;493]
319089 - [425;446;466;439;447;443;416;415;479;483;485;429;486;493;490;480;488;495;484;284;508;501;501;499;495;501;445;231;506;504;510;495;485;486;492;484;493;496;498;489;481;478;472;325;478;483;487;491;484;476;481;442;487;481;488;487;504;488;485;487;481;490;488;494]
320053 - [436;454;454;448;437;429;420;407;483;489;496;421;478;497;492;490;493;494;501;277;498;500;503;491;495;495;447;225;512;505;511;499;489;486;487;472;491;497;495;483;475;479;469;338;474;486;488;486;482;483;477;446;481;485;486;484;490;485;489;483;484;487;494;486]
321017 - [431;460;464;444;452;429;414;402;481;484;485;431;489;497;494;479;494;496;494;305;505;502;505;499;495;497;438;236;502;503;495;500;487;485;491;486;490;496;497;487;481;479;467;350;479;482;482;484;485;484;486;445;482;488;483;486;497;490;487;488;483;487;487;489]