Leitura Plastico Preto - 20cm - VL53L5
1859 - [387;454;429;385;381;399;402;386;481;479;485;439;424;485;491;478;489;498;491;255;234;501;496;495;495;497;494;389;337;500;500;500;493;492;493;484;485;497;497;494;477;481;477;461;459;478;472;476;478;478;477;379;339;475;478;475;484;477;476;405;387;471;480;481]
2724 - [391;437;431;377;369;404;383;388;478;478;480;404;402;483;481;478;486;490;489;258;231;496;492;490;494;494;492;392;361;504;497;496;491;490;491;492;479;496;496;488;475;475;480;463;467;478;475;475;478;476;471;379;343;463;474;472;499;477;473;413;370;470;481;479]
3689 - [387;435;429;388;360;393;379;384;478;480;477;433;394;492;484;474;486;492;485;240;233;496;494;495;492;492;496;386;369;502;501;492;487;491;489;465;473;494;494;489;478;470;476;466;455;476;472;475;479;474;476;373;349;475;477;476;480;478;476;384;387;474;478;490]
4654 - [386;442;433;369;382;409;383;372;480;478;482;432;387;477;487;473;486;487;493;249;244;500;495;491;494;496;499;403;347;495;496;496;486;480;489;471;470;493;494;487;475;475;473;469;482;477;479;474;475;474;481;386;348;471;474;479;486;479;474;400;361;471;479;484]
5619 - [396;436;426;363;355;402;381;380;479;481;484;417;416;482;482;478;486;491;488;248;230;491;494;491;489;498;498;366;359;502;498;498;488;491;494;488;458;493;494;488;473;474;473;478;450;474;473;470;479;472;476;385;359;475;472;469;481;481;476;406;385;468;479;480]
6584 - [388;441;422;381;369;405;385;373;475;478;470;427;391;490;484;483;485;487;491;254;241;495;502;490;488;497;494;392;365;500;500;498;489;490;489;473;496;492;497;490;478;474;474;462;469;487;476;475;476;472;472;389;346;468;476;472;490;482;475;415;395;473;473;481]
7549 - [398;431;429;392;373;389;393;370;478;474;480;456;417;484;484;480;487;490;491;234;229;497;493;493;490;490;495;383;373;496;498;496;487;488;490;482;475;493;490;486;472;476;473;461;451;477;473;475;480;475;473;387;339;472;478;477;484;474;476;383;371;472;472;484]
8514 - [394;438;430;385;369;386;392;374;479;481;480;427;385;485;486;478;487;490;492;252;230;497;492;496;491;496;495;388;368;509;502;493;491;484;489;487;456;495;493;488;475;480;472;472;464;480;475;471;477;473;473;378;356;473;476;477;493;484;473;387;384;470;471;488]
9479 - [396;441;428;368;365;384;380;378;484;479;477;414;426;484;485;480;490;490;494;235;239;495;494;498;489;495;497;388;363;499;500;492;486;486;489;478;473;497;497;492;472;471;474;465;470;482;480;476;478;471;476;391;339;472;471;473;475;477;471;400;385;466;476;479]
10444 - [399;441;419;382;359;401;399;389;478;481;483;417;386;482;479;479;487;490;494;250;257;498;496;493;490;496;495;392;384;505;501;494;487;488;490;482;499;489;497;486;478;469;471;476;480;477;474;479;477;472;473;381;344;472;475;478;481;478;475;406;372;473;472;488]
11409 - [401;436;422;383;353;395;395;388;479;482;482;417;400;480;484;472;487;488;487;255;243;489;495;495;494;495;496;393;359;494;501;497;486;490;490;483;462;492;494;491;477;475;476;472;485;477;472;472;473;479;475;382;352;471;476;473;490;478;474;403;377;472;477;480]
12374 - [378;443;427;386;374;389;387;396;482;486;480;413;426;486;477;478;492;492;489;249;231;493;492;489;494;493;493;395;369;503;500;496;491;485;489;479;465;495;494;493;475;472;474;469;460;477;478;475;477;472;469;388;343;469;473;471;491;480;479;381;370;471;478;482]
13439 - [398;431;432;378;371;395;383;379;485;484;479;417;393;489;486;483;487;489;493;259;240;504;494;493;491;496;491;383;342;500;499;499;491;486;489;481;474;500;495;485;478;473;474;459;465;476;475;478;480;477;469;383;347;474;476;477;480;479;472;397;379;471;473;482]
14404 - [390;430;418;361;358;389;402;384;476;481;488;420;404;482;482;480;486;487;490;238;231;497;500;490;491;493;500;387;348;506;500;497;482;489;486;488;473;497;489;488;474;471;470;466;458;474;478;477;477;473;471;376;345;472;471;474;487;478;475;389;380;477;475;483]
15369 - [391;443;423;385;373;392;386;381;479;483;481;428;397;482;483;478;487;489;489;238;247;500;497;490;492;493;493;363;357;501;499;495;487;487;493;482;491;494;493;488;475;470;474;474;462;481;478;478;475;474;466;380;349;473;476;470;481;474;473;410;383;469;475;478]
16334 - [399;443;422;357;372;393;382;372;480;477;479;398;393;487;493;479;485;490;493;232;242;501;493;491;487;492;497;365;356;503;501;496;487;493;488;482;463;490;498;488;476;477;476;476;462;478;480;474;479;470;473;382;348;469;476;474;484;482;476;398;378;474;481;484]
17299 - [396;452;423;360;378;379;388;397;481;485;480;414;409;486;483;479;489;488;492;250;239;497;493;491;488;493;492;391;373;506;496;495;488;485;487;492;474;491;494;490;474;477;476;463;460;478;476;475;478;476;472;366;346;476;473;476;486;478;474;388;380;469;479;478]
18264 - [385;444;441;381;391;385;388;386;482;480;482;430;420;483;488;481;487;488;490;252;243;495;495;496;492;493;500;393;372;498;504;496;489;491;485;496;472;491;496;490;475;472;468;463;457;485;475;475;477;470;475;381;348;469;476;478;473;478;476;393;390;478;477;483]
19229 - [391;436;427;380;388;386;384;368;477;478;475;431;394;485;483;478;488;493;496;246;253;490;494;496;488;492;498;394;374;504;499;499;487;492;492;482;476;492;493;489;477;476;473;464;487;474;475;478;478;475;473;375;361;470;475;475;479;480;471;404;393;469;478;485]
20194 - [393;443;437;391;371;392;397;375;480;482;485;432;387;487;487;480;486;492;489;252;231;499;493;493;488;492;494;399;358;507;495;499;488;487;489;488;479;498;491;490;473;475;474;466;468;480;472;478;474;475;471;383;355;472;479;475;479;478;474;397;377;470;474;482]
21159 - [392;444;424;387;367;415;394;379;480;483;473;420;389;480;483;481;488;491;494;238;256;494;495;491;489;493;498;366;377;503;497;499;488;491;489;492;466;496;493;494;479;475;474;472;467;487;474;474;480;471;473;382;343;472;474;480;480;484;475;391;391;471;476;479]
22124 - [389;436;429;373;379;402;394;398;480;480;479;411;435;487;485;478;487;489;493;252;232;499;495;493;490;494;494;378;365;497;504;497;490;488;491;493;474;492;498;491;472;470;474;472;475;483;474;476;480;476;474;382;348;475;473;478;485;477;476;392;373;475;478;485]
23089 - [387;446;433;376;373;405;387;387;480;480;485;428;407;489;483;473;490;488;493;237;244;494;493;499;493;494;497;377;371;500;500;495;490;487;489;469;481;499;490;488;478;471;484;473;464;480;474;475;481;473;471;379;348;475;469;475;481;480;479;413;388;470;473;487]
24054 - [394;438;420;356;400;391;385;387;480;480;485;418;387;490;483;478;485;488;493;254;254;498;497;494;490;496;495;376;345;505;495;497;485;488;485;488;471;497;497;494;478;476;475;459;467;479;476;473;478;477;472;366;337;471;476;473;489;482;479;388;370;474;477;485]
25019 - [400;447;437;377;362;395;383;386;479;480;485;411;409;487;479;485;486;490;491;252;228;500;494;491;491;494;498;388;364;506;500;496;487;490;492;480;468;489;495;486;473;473;478;462;455;483;477;470;475;476;470;372;344;470;475;473;486;481;474;414;376;471;477;482]
25984 - [383;458;425;384;374;391;382;381;478;482;475;429;389;484;486;476;489;488;491;240;225;499;496;494;491;493;501;388;362;496;498;495;485;487;487;476;468;492;491;487;471;472;473;469;465;479;475;474;475;476;473;387;354;473;475;476;488;478;475;390;370;471;477;480]
26949 - [392;444;425;380;383;402;380;385;477;478;485;394;390;490;484;480;488;489;488;237;241;498;498;494;490;498;494;394;306;504;504;499;487;486;491;470;470;497;495;483;477;475;474;458;486;480;479;475;480;474;473;375;343;470;477;476;491;479;472;401;377;472;473;481]
27914 - [401;446;437;395;360;406;372;378;479;478;481;419;418;483;483;478;487;486;488;250;231;495;494;495;491;495;493;400;359;505;497;494;491;489;488;489;481;493;496;487;478;474;476;480;467;474;477;474;476;475;475;361;336;473;473;474;488;483;478;377;374;474;479;480]
28879 - [391;441;435;388;373;397;392;383;482;481;483;430;398;480;481;478;481;491;491;231;254;497;496;496;491;491;496;370;379;501;500;497;486;489;488;491;491;491;495;486;474;472;473;468;454;478;473;473;479;476;475;374;354;467;475;472;494;470;478;401;382;470;478;484]
29844 - [382;439;433;381;373;397;374;385;482;482;484;414;386;485;483;478;484;492;490;248;245;494;496;493;494;493;499;374;368;497;488;502;483;489;489;471;480;495;496;493;481;479;474;476;475;475;470;479;482;473;475;380;352;467;477;475;480;476;473;404;390;469;478;477]
30909 - [392;440;431;387;364;403;390;381;479;482;483;425;394;481;482;475;485;486;489;240;247;492;501;495;495;492;495;407;359;500;499;494;487;482;489;479;487;495;487;486;476;472;474;472;464;477;478;475;476;477;475;374;354;473;475;472;489;481;469;391;387;472;479;486]
31874 - [385;437;429;396;395;392;381;388;478;484;487;426;405;489;483;478;487;491;486;254;254;499;498;493;493;496;497;385;354;504;499;497;490;493;494;484;481;492;492;487;475;478;476;458;473;478;475;473;475;476;475;381;355;470;471;471;483;474;473;384;377;468;478;486]
32839 - [391;436;434;373;360;391;392;387;475;481;480;409;419;485;487;476;492;492;491;235;236;494;498;491;493;502;499;392;347;501;501;498;487;491;489;482;457;495;491;492;470;475;475;474;468;479;475;477;473;474;468;376;349;475;475;473;488;477;476;405;388;470;475;487]
33804 - [393;444;424;378;380;389;390;375;476;478;481;406;396;482;486;478;488;489;494;252;229;494;501;484;490;498;497;398;368;504;499;497;488;488;487;489;465;496;490;488;479;472;473;464;465;476;476;480;475;474;472;373;350;469;474;474;496;472;475;402;382;473;480;481]
34769 - [390;440;424;387;373;391;389;388;475;485;483;420;406;488;484;475;484;493;492;249;233;497;496;494;491;497;498;370;337;500;501;502;490;490;490;473;468;494;488;488;472;473;472;472;481;479;476;474;481;478;469;375;351;472;474;476;494;477;471;386;376;472;475;483]
35734 - [390;433;430;402;404;392;393;364;477;480;474;416;407;488;483;475;486;489;481;238;236;491;496;493;491;493;504;371;369;507;502;498;483;484;488;480;469;491;489;489;477;477;470;471;460;478;473;480;477;475;479;378;355;471;471;476;481;481;468;402;387;470;475;484]
36699 - [389;442;422;384;362;406;388;382;482;478;479;419;402;488;485;478;488;488;489;236;236;496;497;494;492;494;501;380;367;504;501;497;487;489;491;498;500;494;489;488;477;478;481;459;475;475;478;477;476;472;474;378;357;473;476;476;492;480;474;391;377;465;476;492]
37664 - [387;440;427;379;367;411;379;379;482;481;481;405;403;490;486;480;488;491;492;256;232;491;493;496;490;496;494;384;352;496;497;494;486;489;492;489;467;494;494;487;475;474;474;469;457;478;476;477;477;477;470;374;344;468;475;477;491;478;477;407;375;472;476;489]
38629 - [389;436;432;401;374;398;388;390;478;477;483;387;410;485;483;480;485;489;492;258;239;496;494;494;492;493;491;374;378;500;499;496;488;487;488;490;454;490;498;492;475;473;476;480;465;473;475;478;476;476;472;377;345;467;476;477;476;477;478;382;393;473;480;484]
39594 - [389;465;424;376;372;391;389;372;476;475;483;408;405;478;485;474;488;492;491;243;230;495;501;492;488;496;495;396;382;499;496;496;488;489;489;490;490;495;499;489;472;472;476;462;476;483;475;478;475;476;473;364;348;470;477;480;493;477;472;409;393;472;476;475]
40559 - [396;438;427;386;380;390;388;373;479;480;480;403;413;487;482;483;487;490;487;242;224;491;495;490;490;501;502;381;379;503;494;496;487;487;490;489;460;494;496;489;478;477;475;470;464;480;478;478;481;477;472;369;347;473;478;475;481;481;473;389;387;472;476;485]
41524 - [387;439;437;364;364;390;393;384;475;483;483;399;406;487;486;483;484;489;488;252;240;491;495;495;491;497;495;372;357;500;495;496;489;483;489;489;476;498;492;489;481;477;474;473;477;477;477;478;478;478;470;380;350;469;476;476;486;481;469;397;386;470;482;490]
42489 - [393;447;438;398;390;393;396;385;482;480;477;420;396;486;483;484;486;491;490;232;223;494;495;493;491;497;491;382;366;500;496;499;484;493;491;483;462;493;495;487;475;474;476;471;488;476;481;475;479;467;475;383;352;470;473;476;480;481;476;383;392;472;474;482]
43454 - [391;439;429;388;382;414;385;393;479;477;487;408;421;481;481;477;488;483;491;251;235;496;495;494;489;499;495;357;363;506;494;501;489;489;487;476;475;499;492;491;478;474;471;475;462;479;477;474;473;474;473;374;353;473;474;475;477;476;472;380;384;470;476;485]
44419 - [383;438;425;365;372;385;390;392;477;486;481;415;405;484;490;477;489;486;490;249;240;498;497;494;490;496;495;383;349;499;499;496;486;489;490;483;472;491;495;486;474;470;475;462;464;478;476;478;473;476;467;374;347;475;474;473;492;473;467;384;388;475;475;482]
45384 - [391;451;437;383;357;396;380;368;475;483;486;414;398;487;483;477;491;489;491;254;233;499;497;492;490;500;495;407;379;504;500;498;494;490;490;471;463;499;493;488;479;472;476;463;467;485;472;476;478;475;470;380;349;475;478;473;488;474;477;391;377;474;480;481]
46349 - [395;439;411;377;352;394;385;381;479;485;476;421;409;491;485;480;484;490;490;238;226;494;493;491;491;495;501;388;353;501;500;498;484;486;489;488;477;492;495;493;478;476;473;478;475;483;478;474;482;471;472;383;351;471;476;478;488;476;471;401;390;468;479;483]
47314 - [385;438;422;415;373;408;382;381;480;482;477;418;435;490;487;481;490;486;488;250;232;497;494;490;494;495;503;388;371;498;499;499;480;486;488;489;465;501;496;485;474;472;476;466;476;477;483;478;476;471;477;369;352;473;478;478;482;476;476;386;387;472;474;484]
48279 - [386;442;422;384;374;396;381;394;472;479;487;431;421;489;485;482;490;491;488;249;230;494;496;493;491;497;495;361;379;503;502;495;483;490;489;477;460;494;493;485;478;471;481;471;473;475;474;473;482;475;473;371;356;470;474;473;490;479;472;382;391;473;476;477]
49344 - [394;447;421;392;391;405;378;403;477;478;477;399;418;487;483;473;487;490;487;256;238;502;495;490;490;495;500;377;361;500;496;498;489;488;499;480;477;496;490;490;472;474;480;466;970;481;477;475;473;473;472;367;353;471;478;478;474;480;477;396;394;468;477;485]
50309 - [388;446;422;361;395;392;372;388;474;480;488;416;411;485;487;479;487;487;488;239;235;495;499;491;491;494;497;369;363;499;499;497;487;490;489;483;477;494;496;485;473;471;476;461;449;479;477;473;478;474;477;374;347;472;471;476;485;481;470;384;379;476;473;481]
51274 - [387;450;422;391;407;393;398;388;482;478;477;414;384;492;488;478;488;488;489;257;242;498;498;495;491;497;500;392;376;505;496;496;484;489;488;487;466;491;494;492;479;474;471;483;466;475;475;474;475;476;475;362;343;468;477;476;480;481;473;407;382;471;480;479]
52239 - [394;442;421;362;379;393;392;380;477;482;484;414;409;484;483;479;489;488;493;237;240;496;498;494;490;494;499;387;367;503;501;499;489;486;494;485;462;493;492;492;472;471;475;460;475;474;480;471;478;474;467;371;348;471;472;470;483;477;475;409;392;469;482;471]
53204 - [390;442;426;371;395;400;384;375;476;481;480;422;412;483;482;482;488;493;487;251;227;494;497;492;493;493;494;325;372;502;501;494;487;494;492;474;458;495;499;483;474;471;477;458;477;479;472;476;480;476;472;379;350;472;476;477;488;476;475;385;375;475;479;483]
54169 - [375;438;423;406;364;399;378;383;478;478;477;414;420;485;488;479;488;494;488;261;237;497;496;489;487;497;497;370;377;503;501;497;487;485;494;473;492;495;491;485;476;476;477;482;475;480;476;478;477;474;474;380;336;474;471;478;481;481;476;394;378;466;482;484]
55134 - [393;452;419;380;391;377;384;391;488;478;481;423;386;484;483;479;485;482;487;258;250;500;495;489;490;496;502;363;346;501;498;494;484;491;494;468;466;490;493;492;476;472;468;476;467;483;481;473;478;472;469;373;361;474;472;474;485;476;477;389;390;474;478;483]
56099 - [390;446;420;373;399;389;391;389;482;482;483;393;399;482;484;483;489;490;490;234;238;500;499;492;490;494;501;378;380;502;500;496;487;489;487;490;468;491;491;488;476;472;475;470;465;483;478;473;479;475;475;379;351;471;475;476;478;478;472;400;377;466;475;486]
57064 - [392;450;423;412;375;399;377;385;480;473;477;431;431;494;486;481;487;489;489;254;242;498;496;498;489;494;490;383;367;498;497;496;487;492;489;483;481;495;491;487;469;475;475;471;453;481;476;474;473;474;468;373;342;471;469;473;486;477;473;383;385;474;478;491]
58029 - [395;451;431;358;379;409;381;387;482;480;480;410;410;476;486;482;488;490;490;251;235;498;496;496;487;493;495;389;363;499;501;501;490;486;495;488;478;496;499;484;480;476;474;466;454;477;474;473;477;471;474;374;354;473;476;478;480;472;475;377;390;469;478;481]
58994 - [393;441;432;386;388;383;378;385;483;481;478;419;405;489;486;477;487;491;487;247;229;502;496;493;490;494;497;364;365;504;497;495;485;485;489;482;477;493;497;488;472;473;475;485;476;481;474;478;476;473;476;375;354;474;472;473;478;479;475;409;394;475;478;489]
59959 - [391;450;425;371;385;391;380;390;480;483;475;447;394;481;483;480;488;490;495;237;245;496;495;494;489;495;495;368;368;502;500;495;487;484;493;477;469;492;493;488;472;477;475;471;473;475;477;476;473;470;472;379;344;471;472;473;475;481;479;403;373;471;475;477]
60924 - [392;438;440;391;388;401;382;393;479;484;483;409;395;485;482;480;484;489;486;252;233;496;494;492;491;487;494;398;381;505;500;497;484;491;494;475;463;494;492;484;475;474;475;482;463;473;479;475;474;473;469;380;353;477;476;478;484;479;479;379;374;470;476;486]
61889 - [398;438;429;371;365;390;377;381;478;480;479;394;374;485;480;480;485;488;492;256;232;495;497;495;491;494;497;374;360;502;497;493;489;489;485;490;491;491;493;491;475;472;474;465;477;480;477;472;482;475;469;377;349;471;476;473;483;482;471;379;388;470;478;488]
62854 - [391;441;424;380;360;393;383;375;476;479;477;394;393;487;487;476;489;491;495;251;242;496;498;496;491;496;494;362;365;499;495;496;482;488;489;480;486;492;496;490;476;474;474;466;462;477;478;475;478;473;474;385;346;470;477;474;489;478;474;377;400;475;479;490]
63819 - [400;441;430;391;388;403;385;391;475;476;479;411;420;492;481;485;488;483;485;248;237;494;500;490;490;493;495;374;376;504;501;499;485;487;491;506;459;492;493;488;475;474;476;478;456;479;475;477;483;471;470;376;363;473;478;476;478;482;475;380;377;472;478;487]
64784 - [398;444;428;379;382;392;386;380;475;481;478;419;404;485;485;482;488;490;494;239;231;493;498;490;489;494;499;371;363;502;501;502;488;484;488;462;472;490;489;492;478;477;477;468;468;479;474;476;481;473;472;374;351;472;476;476;490;478;475;408;375;474;478;484]
65749 - [387;440;420;371;374;404;386;383;478;482;482;423;410;491;481;479;488;489;493;249;231;494;496;494;492;493;496;385;375;500;497;497;486;485;490;486;491;495;490;492;476;478;473;474;471;479;480;477;475;476;473;378;348;469;474;476;474;478;474;392;384;470;477;479]
66714 - [390;448;416;374;353;404;386;374;480;480;482;436;408;488;490;476;485;489;486;245;232;489;501;488;493;494;495;388;375;501;496;494;487;487;490;487;492;494;495;489;476;472;470;470;460;482;475;478;475;469;471;366;349;471;477;475;493;481;470;388;383;470;475;479]
67779 - [394;449;433;393;377;415;378;386;481;478;480;433;430;483;485;480;488;484;495;250;233;492;497;494;483;492;492;354;350;502;497;493;485;489;491;474;476;492;496;489;473;471;472;466;467;476;476;473;483;474;470;379;365;471;469;473;477;474;473;386;392;469;476;479]
68744 - [381;442;431;355;400;389;385;390;478;481;477;414;422;491;486;479;490;490;495;236;233;499;491;491;491;495;498;378;373;495;499;497;488;486;492;482;464;497;494;486;473;475;474;468;458;477;474;473;475;475;474;378;358;472;472;474;484;474;478;410;387;468;475;485]
69709 - [402;444;425;366;387;402;398;370;477;479;480;432;409;481;483;480;488;494;492;244;230;489;496;490;490;493;491;388;380;506;495;496;490;488;498;495;494;493;494;487;472;475;473;462;478;478;475;478;477;469;472;369;356;477;475;476;491;479;472;397;384;470;475;479]
70674 - [392;451;413;407;372;399;386;375;477;481;485;391;430;479;483;478;489;490;484;247;227;496;500;495;492;494;496;372;371;500;500;495;486;492;489;484;468;497;497;490;476;474;472;470;472;480;478;477;480;479;477;376;350;474;476;469;485;478;474;380;389;469;474;478]
71639 - [387;448;425;357;357;394;383;390;480;482;479;421;403;481;482;476;486;490;494;232;253;493;496;494;492;494;495;354;372;508;496;499;490;487;492;490;496;491;492;488;473;474;478;466;467;476;475;477;475;475;469;357;372;466;472;479;486;479;472;405;378;473;479;483]
72604 - [389;438;426;378;374;394;394;372;475;480;488;426;389;488;480;478;493;483;491;248;251;496;497;488;493;494;497;359;345;499;496;495;486;485;497;482;473;490;489;488;476;471;475;471;469;478;476;472;479;475;470;386;347;467;473;475;483;481;472;384;393;467;477;480]
73569 - [395;437;419;401;382;382;389;383;472;484;479;417;408;486;483;476;483;488;487;246;233;494;496;492;487;490;493;366;384;501;498;496;486;491;489;480;481;495;497;488;471;478;474;469;464;476;475;479;475;474;473;382;367;471;477;476;479;478;476;379;387;467;475;486]
74534 - [400;432;426;382;390;404;385;375;482;481;480;396;383;487;484;476;484;491;489;247;237;494;497;497;489;493;499;380;373;498;501;498;491;489;493;490;468;495;492;488;473;473;473;471;473;483;474;478;482;474;473;364;358;473;472;471;484;479;475;402;395;470;471;480]
75499 - [402;442;424;365;364;386;381;380;478;478;483;429;389;486;487;478;491;489;487;245;229;498;496;492;488;495;490;341;374;498;499;498;485;487;485;482;493;491;496;489;479;472;474;461;480;471;477;474;474;471;475;369;360;472;472;478;480;478;476;403;376;471;475;487]
76464 - [398;440;427;360;350;410;397;381;475;483;480;417;420;485;488;470;487;489;489;229;248;496;499;494;491;495;491;375;386;492;495;502;487;488;488;476;488;492;496;485;475;473;468;476;485;476;476;473;477;476;473;379;353;471;476;472;486;479;475;409;371;473;480;485]
77429 - [387;449;422;396;371;390;397;381;479;476;491;412;461;485;485;476;492;490;485;239;241;494;494;493;490;493;495;383;367;504;502;498;485;486;492;494;486;494;494;490;478;476;477;464;486;474;475;478;473;476;471;378;352;471;471;478;492;478;478;393;391;474;477;477]
78394 - [386;446;428;387;380;388;391;384;475;482;484;405;421;485;487;477;489;489;488;252;244;490;498;495;489;493;497;368;376;501;497;494;485;493;494;476;478;493;497;487;479;478;476;463;464;478;476;473;476;477;475;373;348;479;474;475;490;480;476;400;381;469;481;483]
79359 - [397;437;440;364;353;398;384;382;481;481;478;401;400;480;483;474;485;485;489;235;244;492;496;497;490;496;498;372;373;496;495;496;488;491;493;485;477;494;492;489;475;475;474;471;478;476;477;472;473;473;473;373;354;470;480;475;477;477;470;383;376;471;471;483]
80324 - [377;440;427;358;408;403;384;379;480;479;480;414;405;488;485;473;488;491;488;248;248;497;495;493;493;492;496;375;357;500;496;500;489;483;490;487;478;489;500;489;475;468;480;466;468;477;472;475;474;472;476;371;350;474;475;474;490;478;475;411;384;477;475;487]
81289 - [390;442;434;386;367;397;386;372;481;481;486;398;416;475;481;478;490;492;488;233;234;494;496;490;487;498;496;337;369;500;497;495;484;490;489;476;482;493;492;485;473;478;476;469;470;478;475;479;477;475;474;365;344;472;477;480;473;475;478;390;390;473;480;479]
82254 - [405;434;423;366;371;399;398;382;476;480;486;417;421;479;484;472;484;490;492;242;244;498;499;495;487;498;492;344;376;499;499;494;487;490;490;492;491;490;494;487;471;473;471;461;474;481;472;476;481;469;471;364;369;476;471;476;485;475;478;394;379;475;478;477]
83219 - [389;440;421;372;374;393;385;381;475;478;483;416;408;490;480;483;489;493;492;229;241;496;496;494;489;493;498;391;352;508;489;496;483;490;490;487;459;490;492;490;476;473;471;468;470;478;480;479;475;476;475;378;367;473;476;475;480;475;474;398;396;475;480;487]
84184 - [388;443;422;377;407;401;392;387;473;484;483;419;397;486;483;480;491;491;487;237;247;494;497;489;489;496;505;375;367;504;503;494;486;488;488;481;494;491;497;487;481;478;477;474;460;480;477;475;479;474;468;387;347;477;473;475;494;477;479;405;391;473;475;476]
85249 - [390;441;434;389;375;406;383;382;477;480;480;413;418;487;478;482;491;489;489;236;242;492;498;493;491;498;493;379;371;509;499;495;481;488;492;478;484;490;495;490;476;476;478;462;478;478;476;473;478;473;475;347;365;469;477;471;479;474;481;383;384;474;479;482]
86214 - [385;439;432;383;399;404;397;376;479;483;479;404;448;482;488;476;489;490;487;248;259;500;489;493;488;493;498;370;375;502;499;498;489;487;488;498;472;493;497;489;478;474;470;474;467;483;476;477;478;477;474;366;365;470;476;474;490;476;478;387;382;469;476;487]
87179 - [394;441;419;386;370;392;385;383;475;480;477;405;414;489;486;477;486;490;492;249;235;493;496;496;488;490;502;358;367;500;494;498;483;490;494;477;493;492;493;489;474;477;479;467;462;480;474;478;475;474;472;364;346;473;475;475;484;481;473;402;394;470;476;477]
88144 - [390;438;421;369;382;398;387;383;480;481;483;399;404;485;486;481;488;491;488;238;258;497;495;498;490;497;496;377;358;501;498;497;485;490;487;480;481;493;495;492;470;466;474;474;469;481;479;476;479;477;472;360;365;474;472;475;481;477;472;383;391;474;477;481]
89109 - [405;436;436;375;370;404;380;383;476;480;477;434;403;484;484;473;489;490;490;233;252;500;498;493;490;496;497;372;343;496;497;499;486;490;493;469;485;490;493;491;473;475;478;479;472;478;471;479;477;478;472;372;349;464;477;477;481;482;476;374;383;468;476;482]
90074 - [392;440;430;388;376;401;379;396;476;476;480;404;416;486;481;477;486;491;495;235;256;494;495;494;493;492;494;379;368;497;505;502;485;486;486;468;493;498;496;482;473;469;474;476;488;478;480;478;478;474;470;363;349;469;473;477;490;478;474;392;383;471;482;485]
91039 - [400;445;427;382;364;413;391;387;477;481;475;400;405;484;484;480;490;490;489;234;235;496;498;494;487;496;493;378;366;493;501;498;491;491;494;481;469;491;493;490;475;472;472;472;476;472;476;476;482;477;476;368;358;470;472;472;485;482;475;377;377;475;477;485]
92004 - [395;444;417;375;374;397;383;385;480;480;475;400;412;485;480;475;486;490;491;250;255;492;498;491;490;494;501;369;367;503;496;501;487;485;489;475;474;493;494;489;472;475;478;476;464;484;478;476;475;476;470;371;349;472;471;477;479;480;474;408;392;467;476;477]
92969 - [399;438;433;382;374;399;383;386;482;482;484;429;423;485;482;477;486;489;493;244;238;493;492;494;491;494;497;370;374;502;500;492;487;486;491;483;480;492;495;488;478;473;474;476;466;474;479;474;474;477;470;379;365;470;473;474;481;478;479;402;397;473;475;487]
93934 - [392;447;426;373;374;390;394;371;480;486;478;436;414;485;486;473;487;492;491;252;246;499;496;492;490;494;491;346;387;498;497;499;488;492;485;487;452;495;494;484;476;472;477;479;467;478;476;477;478;475;478;378;356;477;476;476;483;479;476;401;379;473;478;489]
94899 - [390;446;421;371;359;404;391;394;481;481;490;388;400;478;485;476;488;489;494;236;232;495;492;497;491;493;494;341;367;502;502;497;483;484;492;485;463;493;491;487;474;472;474;468;484;476;476;479;478;473;471;375;360;472;472;476;477;480;474;405;375;473;479;487]
95864 - [395;438;423;366;379;398;380;383;478;481;475;409;376;484;483;477;486;489;490;248;245;497;496;495;489;493;500;342;378;502;498;494;483;495;487;482;470;493;487;486;475;474;474;454;469;477;475;478;473;478;481;376;349;466;477;473;486;482;470;398;377;474;482;483]
96829 - [400;444;436;374;365;392;386;390;482;487;480;401;419;482;480;482;487;485;490;252;233;495;494;491;492;495;498;376;335;503;494;497;488;491;490;477;464;498;496;490;476;476;473;470;463;481;474;478;478;471;482;363;355;476;473;476;481;478;474;399;384;470;481;491]
97794 - [396;451;431;373;377;387;396;393;481;480;480;414;413;481;486;475;485;489;493;248;256;496;497;495;491;495;498;362;380;503;491;494;483;487;487;480;464;495;493;490;473;479;472;481;475;480;473;477;476;475;476;358;364;472;471;474;489;483;471;401;377;471;479;481]
98759 - [387;435;433;380;386;399;384;368;478;482;478;396;397;481;487;480;488;488;494;240;236;494;500;493;488;495;498;370;358;499;500;495;481;485;492;485;481;495;495;491;475;475;474;469;462;479;475;475;477;471;474;365;342;473;473;477;490;475;479;398;374;477;479;484]
99724 - [391;441;433;392;392;405;395;394;481;479;478;382;415;493;488;482;486;489;497;248;259;494;497;495;492;493;492;387;372;502;494;498;481;490;488;473;479;494;493;487;476;470;479;464;474;483;476;475;480;469;475;387;337;472;480;478;486;477;475;380;390;469;478;480]
100689 - [395;438;423;380;358;387;408;390;477;479;488;417;407;494;481;481;488;486;495;241;234;501;495;492;488;495;495;368;365;499;499;500;484;488;488;477;493;495;497;487;478;475;470;462;479;480;477;477;475;473;472;358;354;470;474;479;478;469;477;399;374;469;475;481]
101653 - [395;440;423;388;395;385;387;383;477;482;485;396;420;490;487;485;489;490;491;247;244;498;496;495;487;494;492;336;381;504;494;496;487;488;488;477;466;492;490;488;478;477;479;479;476;473;478;475;476;475;470;370;351;471;477;478;482;479;471;401;378;474;482;486]
102717 - [391;441;422;399;355;389;381;387;476;482;479;427;406;485;486;475;491;487;491;244;241;496;497;489;489;496;494;371;344;502;498;497;486;489;491;476;485;494;492;488;477;472;474;469;458;479;476;478;480;475;473;375;362;474;475;480;486;478;471;387;402;467;476;488]
103681 - [405;445;420;357;398;389;391;377;475;481;477;421;392;492;488;482;487;491;486;234;243;496;499;494;492;490;494;380;364;498;498;496;489;487;486;475;456;496;492;491;477;472;478;477;471;474;476;471;481;472;472;361;356;470;475;480;480;475;479;394;400;471;476;489]
104645 - [390;439;424;392;375;384;386;388;485;483;480;408;432;491;483;481;489;490;487;242;233;495;495;491;491;497;498;376;368;498;498;495;487;490;493;483;451;500;495;493;479;476;468;475;467;476;474;478;476;470;470;378;359;473;475;475;483;480;472;400;402;469;480;488]
105609 - [390;441;422;367;362;392;382;381;480;482;476;420;446;489;482;471;491;491;487;239;244;499;497;492;490;492;500;373;373;500;497;492;483;490;488;478;492;493;491;486;470;479;477;458;482;479;473;478;475;472;476;372;349;478;480;476;485;480;472;393;391;473;478;483]
106573 - [375;448;432;377;360;399;381;390;480;477;484;398;416;480;484;484;483;487;488;247;249;494;493;495;487;496;500;359;369;504;500;494;484;488;497;480;475;491;493;490;476;475;478;471;467;477;475;476;475;478;472;380;356;468;473;476;480;476;470;395;382;472;476;487]
107537 - [388;451;428;367;358;395;381;369;475;479;479;410;398;485;480;480;486;488;490;239;254;501;495;491;491;490;492;387;384;506;500;497;482;489;487;488;491;495;497;491;478;476;473;467;459;481;475;474;475;472;469;350;353;473;477;478;483;480;478;406;390;471;479;480]
108501 - [390;455;423;357;358;407;383;380;480;479;480;416;426;482;484;484;490;489;491;245;244;494;499;492;492;491;499;326;377;504;498;500;487;485;492;488;487;490;494;492;475;471;479;467;477;480;476;478;475;477;474;361;353;470;475;478;484;475;477;403;393;475;473;489]
109465 - [395;447;419;373;343;397;388;390;478;485;483;436;406;482;487;474;490;489;491;247;256;496;495;494;492;491;498;369;353;496;500;495;488;486;490;483;491;493;500;490;472;476;472;477;461;481;476;479;471;471;475;375;356;478;477;475;481;476;475;380;384;468;479;487]
110429 - [398;452;425;378;370;391;405;386;477;479;478;435;403;489;486;482;486;487;489;240;230;493;496;492;492;492;494;343;387;497;495;493;486;488;491;484;478;495;495;487;478;470;477;475;467;479;475;475;476;475;474;376;354;474;476;475;483;480;478;399;395;475;475;479]
111393 - [398;440;431;378;383;408;379;378;478;480;476;396;396;487;484;475;487;492;492;235;253;494;495;496;488;494;497;374;372;504;500;498;480;493;490;486;476;490;499;489;478;476;475;460;463;474;479;479;477;471;470;368;366;469;473;479;482;479;478;401;393;473;477;485]
112357 - [386;440;420;359;370;401;395;394;475;482;483;418;415;489;481;479;491;484;495;234;256;497;501;494;486;495;500;368;362;500;497;499;484;485;492;489;483;493;496;489;475;474;473;460;482;477;476;478;475;471;470;367;359;479;474;478;478;479;476;381;378;472;475;486]
113321 - [389;446;429;378;378;407;397;383;482;482;475;400;406;489;487;482;487;488;488;248;260;506;495;496;490;490;494;370;368;501;492;495;484;489;488;483;473;497;491;488;474;476;474;487;460;474;477;475;471;479;478;362;355;472;473;470;487;471;474;399;387;470;479;485]
114285 - [391;442;432;365;360;385;383;389;480;484;486;393;414;488;484;482;487;490;491;233;241;497;497;495;492;494;496;376;381;498;496;501;483;487;487;498;478;490;492;487;475;473;470;466;459;483;477;478;475;467;479;370;360;468;474;474;484;477;471;390;377;470;479;484]
115249 - [395;433;422;381;369;392;390;378;480;484;478;393;414;489;485;479;487;491;487;237;241;491;497;494;488;492;493;371;369;499;502;492;489;487;494;479;472;495;489;487;477;475;475;479;489;474;480;476;478;473;466;358;361;473;479;472;483;476;476;381;397;475;478;485]
116213 - [392;433;423;386;361;394;386;382;474;481;472;424;398;485;481;482;488;489;488;251;230;499;495;494;491;493;491;376;372;500;499;499;488;487;488;478;483;496;493;490;476;475;478;464;479;476;477;473;472;473;470;374;367;470;476;472;486;476;475;381;376;469;476;481]
117177 - [394;436;422;384;384;393;398;390;475;477;482;431;424;486;484;476;495;492;490;234;234;501;496;490;489;490;493;387;373;504;501;497;487;493;481;492;478;491;495;490;468;473;475;470;470;479;476;478;472;479;472;373;351;478;474;474;490;479;475;387;381;474;479;480]
118241 - [394;443;421;382;360;389;382;384;475;481;474;403;430;486;487;483;486;489;492;241;245;493;492;490;489;495;502;377;374;498;497;493;486;486;486;474;470;490;496;487;475;470;470;461;475;480;483;470;475;473;469;375;357;469;470;477;483;483;478;409;377;471;478;480]
119205 - [383;431;431;378;395;392;400;400;478;480;482;405;416;494;485;478;486;485;490;236;232;502;495;494;492;494;496;377;367;510;500;495;487;491;487;491;481;485;490;487;476;475;472;461;466;481;478;476;477;477;476;356;351;473;476;475;480;478;471;381;377;473;476;486]
120169 - [398;439;420;356;363;392;383;398;472;481;479;421;440;483;484;476;485;489;489;237;247;502;500;496;494;496;498;370;367;502;499;501;490;485;492;498;481;495;490;488;476;474;475;476;472;484;480;478;475;475;476;367;363;470;471;475;490;479;470;379;399;472;476;485]
121133 - [385;435;423;371;362;390;384;381;479;482;485;409;435;484;481;484;488;487;491;246;255;497;497;496;489;496;491;367;361;504;501;497;486;493;486;488;479;499;497;488;477;480;473;477;466;477;479;478;475;471;475;373;359;474;474;477;490;473;478;407;370;470;478;487]
122097 - [399;443;419;387;369;392;382;380;478;478;485;419;419;486;482;476;485;486;485;232;241;499;494;493;487;496;497;389;377;499;497;497;487;490;494;494;474;495;496;488;475;474;477;463;466;478;475;476;478;474;474;369;363;469;473;473;479;476;477;387;394;473;479;490]
123061 - [387;442;434;362;362;389;398;385;478;480;475;411;418;486;483;475;487;489;487;245;258;497;497;493;489;494;498;380;351;498;499;497;487;489;485;486;482;494;493;490;473;477;478;460;463;479;477;478;476;474;468;380;357;471;475;474;489;482;479;390;396;468;477;488]
124025 - [403;448;427;362;363;392;386;380;477;483;479;424;418;485;485;477;488;490;484;232;256;494;492;496;493;493;498;378;372;496;494;499;488;489;489;482;473;497;496;486;473;481;470;466;475;479;476;475;481;475;471;362;362;472;477;474;478;474;476;387;388;472;479;489]
124989 - [395;451;425;384;369;395;401;376;479;481;482;410;392;487;484;480;489;491;493;248;260;498;501;492;488;493;495;338;370;498;494;498;486;491;492;476;481;496;495;492;473;479;478;463;467;476;478;476;471;472;471;375;368;470;469;477;478;481;474;402;381;471;482;477]
125953 - [396;442;426;377;379;398;390;400;477;481;482;430;400;490;492;479;486;490;487;244;249;497;495;497;489;497;493;345;377;505;499;495;490;486;493;467;494;491;493;489;471;471;476;483;472;475;471;476;478;474;473;371;347;469;476;474;477;479;476;378;377;470;476;483]
126917 - [393;442;420;383;398;399;382;382;478;477;476;396;417;491;485;480;488;487;489;237;258;502;497;493;487;497;495;362;374;500;499;497;482;485;490;479;475;491;494;485;476;473;471;474;477;484;482;478;477;478;472;360;364;473;475;475;475;476;474;401;395;472;475;485]
127881 - [397;443;416;364;379;398;392;389;480;482;486;396;417;484;487;482;489;492;494;242;246;499;499;491;492;493;497;370;373;503;497;495;485;491;485;481;481;493;494;490;475;474;475;472;464;475;473;475;476;475;475;359;361;469;475;477;479;476;478;395;380;473;478;480]
128845 - [390;455;425;387;353;407;391;395;484;478;476;388;429;486;486;485;490;490;495;249;255;492;492;491;493;495;494;379;366;499;491;494;487;487;490;473;476;493;497;492;475;478;475;484;468;477;479;482;472;471;473;358;369;468;472;474;491;482;476;373;389;472;474;482]
129809 - [384;458;425;368;377;388;384;387;480;477;480;413;421;488;485;484;487;493;487;245;251;493;496;493;488;492;496;368;359;500;500;498;488;491;485;477;464;495;495;487;471;473;477;466;480;479;479;478;477;475;474;367;360;473;475;476;483;476;476;393;378;471;479;479]
130773 - [396;446;428;376;398;390;388;393;473;483;481;411;381;487;487;480;489;491;491;239;259;497;497;492;493;495;502;375;359;502;500;498;488;488;495;467;472;495;493;489;474;470;470;473;467;477;475;472;474;471;472;356;365;473;472;476;481;484;475;391;389;475;477;478]
131737 - [399;440;421;382;383;390;387;386;475;482;477;404;403;488;485;479;488;490;491;242;244;499;497;494;491;494;489;373;360;500;499;494;489;484;488;488;488;493;500;487;476;477;475;461;466;475;477;478;477;477;474;350;355;475;472;475;482;483;470;384;379;469;477;486]
132701 - [393;443;419;372;373;406;383;385;473;484;484;394;426;489;484;475;492;490;491;246;248;501;497;493;490;494;495;372;368;505;502;495;487;483;488;481;475;493;492;489;474;473;473;455;461;477;476;475;475;476;473;371;356;470;468;474;485;476;475;382;372;469;479;483]
133765 - [385;443;429;383;386;404;381;388;478;481;482;410;432;487;484;478;489;489;489;235;260;494;498;492;487;493;500;378;366;505;501;498;489;491;493;479;484;497;494;494;478;478;470;468;483;478;474;478;478;476;476;367;351;476;478;475;479;480;474;386;377;469;478;481]
134729 - [392;446;420;373;373;393;377;375;477;476;478;407;380;485;484;479;489;485;490;234;239;497;497;497;494;490;489;376;341;500;500;499;487;491;487;489;454;493;494;492;475;475;477;460;480;477;475;477;483;472;473;355;361;472;476;478;487;476;476;380;382;474;475;487]
135693 - [393;443;433;363;371;409;394;381;478;480;487;410;430;488;481;483;489;487;488;238;243;495;495;493;489;490;495;371;349;500;495;495;487;488;490;493;475;495;497;489;474;472;475;474;463;477;479;476;479;474;470;363;367;472;472;475;479;479;472;402;381;474;476;487]
136657 - [383;437;423;378;381;392;383;382;480;482;479;421;388;484;487;485;488;490;488;245;243;497;497;492;489;496;492;377;359;499;499;499;488;488;495;483;476;496;494;494;475;473;472;462;462;483;478;476;475;475;475;349;349;479;478;473;474;477;479;381;382;470;478;484]
137621 - [389;453;423;373;363;392;383;371;475;476;477;408;403;485;484;475;486;488;491;233;239;493;494;495;490;494;497;370;366;502;499;494;488;490;488;488;489;487;497;489;476;471;472;465;464;478;476;472;479;478;471;370;364;474;475;479;485;473;472;396;379;472;477;486]
138585 - [387;442;431;393;358;408;385;380;480;481;480;396;407;485;486;478;491;491;491;231;242;493;501;494;490;494;493;371;373;503;499;497;489;488;487;489;479;496;495;487;470;474;470;458;466;480;477;475;475;473;476;375;369;475;476;480;488;478;474;391;394;470;478;485]
139549 - [399;437;438;378;352;400;387;386;478;478;483;401;430;486;485;476;486;487;489;236;233;494;496;494;495;499;498;391;358;504;502;498;486;486;491;487;478;489;500;488;479;472;476;460;477;476;480;477;475;469;473;366;361;467;480;473;483;479;478;392;374;471;476;482]
140513 - [396;460;418;373;365;385;375;381;477;481;479;402;433;486;482;476;489;487;485;241;235;498;495;490;491;499;494;365;367;503;496;497;488;489;490;485;480;494;495;488;476;470;474;474;471;481;472;478;481;477;470;366;360;473;477;473;482;478;471;380;375;472;476;483]
141477 - [403;440;408;367;382;403;382;390;476;481;480;402;415;492;485;481;490;485;489;231;257;502;493;495;490;490;501;389;366;503;501;498;486;489;490;467;478;491;495;483;477;477;472;468;460;478;474;479;477;477;469;367;344;469;474;474;476;476;473;395;388;471;478;483]
142441 - [403;453;418;391;383;392;403;384;476;481;477;404;410;483;487;476;484;492;487;244;243;494;497;492;489;494;496;362;373;504;501;497;487;490;489;483;488;491;494;486;478;472;473;459;474;481;475;472;476;476;474;368;380;474;475;476;492;479;478;403;396;471;481;486]
143405 - [397;441;426;352;384;387;392;381;479;477;480;416;412;485;491;475;490;489;489;233;246;495;496;490;491;493;496;377;358;503;493;496;486;492;490;479;476;495;493;489;476;470;473;472;452;479;478;476;472;471;473;376;356;468;475;475;484;478;469;405;375;472;477;481]
144369 - [393;442;425;369;371;397;405;396;483;483;478;413;415;491;489;483;488;488;488;229;235;497;496;489;489;497;495;371;336;504;499;496;488;490;492;478;490;497;491;487;475;475;471;471;478;480;477;478;472;477;474;366;356;476;475;472;475;477;474;388;380;470;479;485]
145333 - [392;442;430;363;371;404;394;388;474;483;483;409;431;489;486;482;488;490;488;228;250;498;494;494;489;493;498;365;349;500;499;501;484;487;486;483;486;492;497;489;473;475;478;480;475;477;478;477;474;473;468;366;361;473;482;473;477;481;474;381;384;471;475;485]
146297 - [387;439;431;337;397;389;383;380;480;481;481;382;394;485;487;477;491;490;488;233;244;492;493;496;493;493;496;371;372;504;498;498;487;491;487;476;470;496;493;489;472;478;473;474;465;478;475;482;476;472;470;367;366;469;478;478;486;482;477;385;373;469;482;482]
147261 - [386;443;425;383;382;404;399;375;479;481;471;416;432;489;483;481;487;488;487;229;234;500;496;488;490;491;496;381;356;504;502;494;487;487;486;472;495;497;492;488;477;479;467;470;459;479;477;472;474;476;473;361;350;471;473;475;476;476;470;401;388;471;482;477]
148325 - [398;452;427;376;378;379;376;389;479;481;481;404;431;490;489;485;487;488;486;243;256;492;492;490;488;490;498;371;384;496;499;496;489;484;495;470;470;497;490;487;476;473;479;486;477;478;477;471;477;474;472;347;354;472;477;471;476;485;476;399;385;473;479;487]
149289 - [396;444;422;398;388;402;385;385;477;481;483;414;391;486;484;484;489;489;493;231;243;498;496;497;489;494;502;333;370;500;502;494;487;486;489;466;474;496;497;490;474;478;472;462;469;482;480;482;472;471;475;388;363;474;472;475;480;481;473;379;379;471;476;486]
150253 - [398;445;427;394;359;384;391;390;480;476;480;379;396;483;485;480;488;490;489;235;235;492;499;494;491;491;496;343;369;494;499;498;489;496;496;486;461;494;496;489;475;476;476;457;477;481;479;480;473;470;473;359;356;470;477;476;478;475;472;405;393;473;479;477]
151217 - [390;445;427;361;369;397;384;370;480;483;481;400;427;489;483;480;489;491;494;247;252;501;494;496;492;496;501;373;358;503;500;497;486;487;493;492;468;492;494;491;472;477;479;467;470;481;473;474;473;469;469;355;353;475;474;472;483;481;473;408;369;476;473;484]
152181 - [386;451;415;359;368;410;387;375;485;478;480;418;432;486;482;476;489;490;488;247;245;496;495;489;493;493;497;376;359;497;497;496;488;491;492;485;489;496;497;488;478;472;475;463;468;483;478;470;480;479;473;376;364;469;475;478;481;475;474;402;381;471;477;485]
153145 - [383;440;416;368;354;410;382;373;481;481;481;408;411;489;484;480;489;487;490;248;232;493;498;491;492;492;497;364;378;501;499;497;487;487;494;479;486;492;491;490;475;474;476;480;467;478;480;476;479;475;472;368;349;469;475;475;490;480;479;379;389;472;475;480]
154109 - [391;442;420;378;361;395;396;385;478;485;482;400;422;485;485;478;493;488;494;239;233;498;494;493;490;495;503;337;377;502;495;494;480;489;493;480;498;497;500;489;473;475;465;481;485;479;477;479;475;473;474;365;353;473;474;471;483;480;475;385;392;472;476;485]
155073 - [395;440;428;375;369;403;383;379;477;478;477;387;418;489;482;482;488;489;492;236;244;492;498;490;490;496;490;377;376;500;495;497;489;489;487;492;487;493;494;490;476;472;474;467;482;481;473;469;478;470;472;345;365;473;475;482;482;473;476;378;397;471;470;480]
156037 - [392;454;430;384;402;393;396;373;481;479;477;426;403;485;488;475;490;487;490;233;242;499;496;493;491;495;495;373;379;501;497;499;487;488;494;480;465;491;495;481;475;475;473;464;472;479;478;478;476;472;474;364;370;473;471;479;486;480;474;396;389;468;476;486]
157001 - [396;438;425;395;383;401;384;389;480;482;482;429;443;484;483;478;486;487;490;252;255;494;493;491;493;493;497;363;388;502;498;497;488;492;493;490;480;494;496;488;471;480;472;482;471;474;474;481;478;471;474;376;375;470;476;477;486;480;472;388;396;475;479;478]
157965 - [388;445;427;374;364;389;388;379;473;483;482;396;439;485;485;477;490;489;490;254;246;498;493;490;490;496;501;371;388;493;501;496;485;488;493;460;484;498;494;489;480;475;474;471;460;479;475;477;473;468;474;367;349;470;475;477;480;476;477;401;388;469;476;485]
158929 - [387;441;423;366;390;389;384;389;482;477;483;409;422;491;484;477;488;492;494;244;235;495;496;493;488;493;496;379;370;504;498;495;482;483;487;479;472;495;496;491;478;477;475;468;469;483;473;476;475;475;473;372;360;468;472;475;485;477;477;399;381;467;481;490]
159893 - [396;445;422;355;371;398;385;385;478;483;480;404;425;484;484;474;492;493;488;253;257;496;496;488;490;489;499;377;381;500;494;497;487;491;495;474;475;491;496;489;471;476;478;458;465;480;475;475;479;473;471;379;354;471;473;476;484;479;475;399;374;469;479;488]
160857 - [397;445;426;373;383;393;398;386;478;484;475;430;408;481;479;484;489;490;489;235;243;493;496;497;490;491;492;368;377;509;501;500;489;488;490;482;456;492;494;490;472;476;474;464;465;476;479;477;474;474;472;375;361;473;476;469;490;478;471;394;380;468;482;486]
161821 - [392;434;427;391;359;405;379;379;478;479;480;400;414;487;487;477;484;493;495;241;242;494;497;491;487;494;494;364;364;502;495;497;484;487;492;478;467;498;489;492;476;471;476;468;474;481;477;477;477;474;473;377;363;468;477;475;490;478;474;377;393;472;480;490]
162785 - [388;438;425;347;360;412;398;388;479;479;480;423;416;481;482;483;488;490;493;236;258;498;498;492;492;499;494;336;376;507;493;494;486;491;486;491;490;494;495;487;474;475;475;472;481;484;475;477;474;472;472;364;364;473;474;475;478;478;475;395;395;469;475;482]
163849 - [394;441;417;368;359;392;389;383;480;478;482;395;406;488;486;480;491;484;487;235;257;501;497;494;494;494;497;372;367;505;499;497;489;484;494;500;485;489;497;489;474;475;475;461;496;478;480;479;479;478;471;375;364;473;473;475;484;479;476;388;392;475;472;486]
164813 - [383;436;435;380;374;392;394;385;479;481;485;386;426;488;486;485;489;491;487;252;240;494;499;490;491;495;497;373;372;499;500;493;486;491;488;481;491;499;495;493;476;475;475;463;458;476;478;479;473;476;475;358;350;472;477;475;483;476;471;394;379;471;476;485]
165777 - [389;450;432;363;369;415;391;383;477;486;484;410;427;488;488;475;489;487;492;240;259;497;492;495;486;492;500;371;368;505;499;498;488;485;496;493;477;491;498;490;479;480;469;465;471;479;472;478;476;470;477;382;366;471;474;476;490;474;473;379;377;471;477;482]
166741 - [396;448;432;338;360;385;373;392;479;481;483;415;391;485;484;478;485;493;490;238;244;496;500;492;490;492;496;372;369;501;504;502;489;492;492;495;486;492;495;490;476;473;469;460;467;479;477;472;475;469;475;370;362;470;478;474;479;480;478;394;400;474;477;488]
167705 - [389;446;428;390;367;409;377;380;482;480;481;406;407;485;482;480;488;492;491;247;235;494;498;486;488;490;497;395;371;504;501;494;490;487;491;470;483;490;490;486;472;471;472;489;473;475;472;479;476;474;472;366;352;469;476;476;479;483;475;394;370;478;477;480]
168669 - [391;443;428;368;375;405;381;391;478;480;481;408;425;489;481;483;485;490;490;223;235;494;498;490;488;496;495;382;328;502;500;494;485;487;484;494;454;496;497;487;478;478;474;477;473;483;475;476;479;475;472;365;355;475;475;476;481;486;473;395;393;476;476;484]
169633 - [385;440;435;407;372;401;389;392;479;482;479;396;419;485;488;484;485;490;498;236;232;492;497;492;490;495;497;370;388;502;502;499;487;487;490;470;488;492;496;491;472;477;475;467;461;475;479;479;477;471;472;378;365;472;476;477;486;480;470;375;392;474;481;484]
170597 - [387;446;421;384;359;400;382;387;482;476;477;396;394;486;490;480;486;485;490;251;253;496;492;493;486;494;498;371;358;497;499;496;487;489;495;484;495;498;496;491;476;471;474;462;465;477;476;475;478;478;472;372;342;471;473;473;487;475;475;405;391;471;478;483]
171561 - [395;436;426;367;357;394;382;385;477;486;475;401;411;486;483;479;489;489;488;238;241;498;497;493;491;494;497;374;375;502;502;499;487;488;486;476;465;492;497;490;474;475;475;474;473;476;478;476;478;470;473;369;370;474;470;476;492;474;475;399;400;464;480;483]
172525 - [389;442;430;366;391;395;389;365;480;478;479;402;410;484;484;485;487;490;490;234;241;499;497;490;487;493;496;379;369;506;498;499;486;493;493;482;493;494;500;485;474;475;477;470;463;481;474;476;476;475;476;372;369;469;476;476;477;480;472;378;395;473;477;491]
173489 - [389;443;432;377;394;388;386;386;481;477;478;398;411;490;486;479;488;493;485;234;231;498;497;493;492;495;497;369;392;499;498;500;480;487;491;452;470;493;495;490;476;470;473;476;462;479;472;475;473;472;469;376;368;471;475;473;492;480;471;404;394;472;478;485]
174453 - [398;439;423;342;386;398;400;384;480;481;479;413;389;491;483;477;493;489;490;236;253;492;494;490;493;493;497;374;337;508;500;499;487;490;486;480;481;495;495;490;474;475;476;469;464;476;474;475;476;473;473;378;356;473;478;474;476;479;474;370;394;473;481;484]
175417 - [393;439;417;360;353;391;389;391;476;480;483;417;430;488;487;476;490;490;493;246;239;491;495;493;490;499;494;338;328;503;495;499;486;486;493;486;484;494;493;491;475;473;480;461;482;480;477;472;472;471;475;369;355;474;475;474;480;475;475;397;386;472;477;486]
176381 - [396;439;431;395;379;399;383;385;475;479;485;401;426;485;480;486;486;493;493;235;236;496;493;493;496;496;501;367;345;498;498;499;485;492;487;495;489;494;498;490;480;471;472;476;477;477;475;477;480;472;470;359;365;471;477;471;486;473;476;395;386;472;477;486]
177345 - [390;451;430;387;381;402;383;378;482;479;482;397;401;482;482;480;489;490;489;236;243;495;492;495;488;492;498;366;353;506;501;495;489;488;486;469;459;499;494;491;473;475;474;469;467;481;479;480;474;473;476;368;361;474;470;479;481;481;474;394;381;471;483;485]
178309 - [391;440;418;381;368;407;394;392;480;483;480;409;422;487;488;482;485;492;488;232;244;499;495;493;491;493;499;359;364;505;497;497;488;491;487;474;494;496;496;489;471;476;476;468;467;483;475;476;476;471;474;362;367;471;472;475;492;482;471;400;373;470;479;485]
179373 - [401;436;422;404;384;400;396;385;476;483;480;403;398;487;491;478;488;487;490;237;256;497;496;491;487;495;496;360;335;504;496;494;485;492;487;473;486;493;494;488;471;473;475;475;464;476;479;479;479;477;468;361;365;474;479;468;484;479;479;394;381;472;477;486]
180337 - [400;441;425;384;359;393;375;375;473;481;481;404;407;483;489;478;484;490;493;230;239;493;496;492;488;494;496;370;367;500;499;499;487;487;492;477;461;496;496;490;475;475;477;469;471;480;475;471;478;471;475;366;348;472;477;474;483;476;469;403;393;474;478;485]
181301 - [394;451;422;388;366;406;383;382;474;480;480;403;411;489;487;480;489;491;487;248;262;494;494;493;487;493;498;368;366;501;504;500;489;483;486;498;482;488;495;486;475;472;475;474;462;480;478;477;477;476;475;377;354;471;474;475;481;476;474;382;381;473;481;486]
182265 - [390;451;416;378;361;409;386;389;479;481;479;387;422;486;481;480;489;489;494;235;256;491;497;491;490;494;495;362;368;505;496;494;483;491;490;485;496;493;492;486;474;471;477;475;480;481;473;474;477;474;477;372;355;474;476;478;484;480;472;376;376;470;478;485]
183229 - [391;458;427;369;368;387;383;387;474;480;472;407;412;482;487;478;489;490;490;251;256;497;494;489;488;495;492;371;381;499;497;493;487;488;493;491;473;493;490;486;473;475;469;482;468;478;473;474;474;476;470;368;368;474;474;476;483;478;478;372;377;471;476;485]
184193 - [398;446;427;399;382;408;396;392;481;481;484;395;419;488;489;481;487;492;482;245;236;499;497;495;487;498;493;359;361;504;498;496;482;485;489;480;489;497;492;489;475;475;474;460;464;481;478;478;474;474;471;375;361;475;473;475;479;476;471;400;398;475;475;479]
185157 - [397;433;429;377;369;396;400;385;475;478;484;409;393;492;485;478;490;487;485;235;256;495;498;493;492;493;495;392;371;505;499;498;487;487;486;475;474;493;496;486;475;478;473;474;469;475;474;476;477;473;477;368;363;472;476;476;483;478;475;402;370;471;480;482]
186121 - [396;436;428;402;372;384;383;367;478;479;477;427;408;478;485;483;487;487;494;233;253;501;497;495;491;495;493;379;347;496;499;498;483;486;493;480;473;493;493;490;476;475;476;463;459;479;474;479;477;478;479;362;362;472;473;475;491;477;475;396;395;473;483;486]
187085 - [400;458;427;400;379;408;394;385;477;479;480;393;409;488;483;474;486;490;495;237;255;490;496;489;489;488;499;356;372;506;500;495;489;484;490;485;479;495;499;491;477;474;475;463;484;477;476;478;478;474;471;372;354;471;476;476;489;474;477;393;377;472;480;485]
188049 - [391;447;424;364;381;393;392;388;478;485;480;416;406;484;489;479;486;490;491;236;249;494;493;490;489;493;493;335;390;501;500;495;481;487;490;474;480;493;493;489;474;473;473;455;473;479;477;475;477;476;473;365;351;470;477;475;486;475;473;402;391;472;478;479]
189013 - [385;443;417;364;367;387;382;387;486;482;479;423;417;488;488;475;488;490;489;242;245;490;497;490;492;494;492;376;356;502;498;497;485;489;491;477;477;493;493;488;477;476;481;456;477;474;475;474;474;476;474;378;368;472;477;477;480;477;478;381;401;469;480;483]
189977 - [384;442;416;353;361;388;397;374;481;484;477;401;413;483;484;482;487;489;496;237;241;494;496;491;487;495;492;368;332;503;502;498;484;484;487;462;471;493;494;487;472;474;477;466;461;481;475;480;480;475;468;353;355;474;471;477;482;481;475;388;397;476;477;482]
190941 - [392;446;431;361;375;407;378;381;477;476;476;404;404;492;480;475;493;492;491;252;260;496;497;493;490;495;493;363;346;505;500;497;485;491;489;483;482;487;493;489;472;470;475;466;476;479;474;477;477;466;470;372;367;465;476;479;489;473;476;402;394;474;473;482]
191905 - [391;451;416;357;342;380;385;379;481;480;486;430;418;485;480;474;484;487;490;237;236;494;496;490;489;493;493;378;350;503;496;496;487;489;489;484;478;489;493;491;473;474;474;456;468;479;476;475;474;477;471;364;368;476;476;476;485;475;472;393;394;470;479;481]
192869 - [390;441;427;362;364;413;387;394;479;480;480;402;400;480;486;476;489;487;486;249;232;496;499;494;491;495;495;363;366;504;498;497;485;489;495;474;488;499;495;490;478;479;475;473;464;475;474;474;476;468;478;376;371;474;475;476;483;478;474;386;388;471;481;483]
193933 - [396;441;420;375;381;395;387;385;477;480;485;420;415;487;486;477;490;486;490;232;255;495;494;491;485;491;491;369;350;500;498;494;489;491;492;491;469;491;493;488;476;473;473;459;471;480;478;476;475;473;473;381;369;467;478;472;483;477;474;380;382;471;476;484]
194897 - [393;438;433;371;383;393;364;381;474;486;487;425;411;481;486;472;485;488;490;239;239;491;494;492;492;494;494;373;362;499;499;497;485;490;490;477;483;496;498;488;474;476;475;468;467;476;476;474;476;475;475;367;364;471;476;476;489;478;480;387;392;469;476;488]
195861 - [393;437;426;358;382;406;391;391;474;479;480;403;411;494;483;481;488;490;491;247;258;495;497;495;491;494;500;375;371;498;498;496;487;487;489;471;462;494;495;490;475;475;475;471;475;479;474;478;473;470;473;387;369;475;476;477;483;477;474;377;376;474;481;480]
196825 - [390;443;423;369;367;398;389;378;478;483;476;396;425;486;481;482;483;488;485;238;250;494;495;496;490;492;498;368;381;501;502;500;487;485;490;470;466;493;496;490;472;478;478;472;476;479;475;477;476;478;473;365;362;471;474;476;485;478;473;374;381;470;475;482]
197789 - [389;453;430;372;371;384;391;387;474;482;477;395;427;491;483;484;487;489;488;234;256;497;497;495;490;493;492;368;339;502;503;496;487;489;489;471;494;493;493;488;475;474;474;463;464;479;470;478;475;470;475;367;358;471;475;478;480;480;474;397;389;470;474;485]
198753 - [389;438;426;372;383;398;394;382;478;481;484;394;402;488;484;485;490;490;493;233;259;500;496;492;491;493;495;383;372;502;503;498;490;487;487;480;471;493;488;489;479;475;472;470;475;479;476;475;475;476;477;369;369;475;472;477;481;484;474;388;384;472;480;488]
199717 - [380;444;430;344;389;396;393;379;483;480;480;399;420;492;487;477;490;490;488;232;256;498;497;492;491;495;494;373;369;499;494;499;489;486;490;481;488;493;495;488;474;475;477;474;464;477;479;477;477;473;469;361;362;477;476;474;490;475;474;382;377;472;475;483]
200681 - [389;440;422;391;391;402;377;381;480;475;486;403;391;481;485;477;488;487;486;246;258;493;499;497;491;489;493;335;355;504;500;494;488;486;488;474;469;493;497;486;477;475;476;454;471;482;474;477;478;472;476;370;360;473;471;473;480;480;478;394;373;475;478;490]
201645 - [404;448;419;366;389;390;390;372;478;481;479;427;407;489;490;479;487;489;493;250;234;495;497;491;490;498;495;375;380;499;500;492;485;486;487;481;481;499;494;492;478;472;484;463;466;481;479;480;475;474;475;359;368;473;473;477;484;474;469;374;396;471;478;482]
202609 - [394;445;427;379;380;384;382;385;477;481;478;420;415;484;484;477;488;490;489;244;234;489;497;494;491;491;496;366;373;497;496;495;487;485;487;473;463;495;493;490;467;472;475;468;462;483;470;476;483;470;475;355;362;471;476;471;489;476;470;395;396;471;475;486]
203573 - [389;451;434;383;380;392;399;386;476;479;477;432;404;486;486;479;487;490;496;231;236;497;496;491;490;496;498;390;372;504;494;499;487;492;481;463;476;492;494;490;471;475;478;475;460;482;479;480;478;472;472;366;369;472;471;474;493;482;475;403;397;477;478;481]
204537 - [377;441;426;378;405;412;395;380;481;483;483;403;419;483;489;480;493;487;490;242;256;501;496;491;492;493;491;362;373;497;498;499;487;491;491;484;482;493;499;490;475;472;477;460;466;482;476;471;473;480;471;364;349;477;473;472;488;477;477;384;377;474;479;482]
205501 - [406;438;441;357;362;395;381;379;479;482;481;411;379;489;480;483;486;489;485;235;249;495;497;491;490;493;500;371;374;500;500;495;489;486;487;491;474;494;494;491;473;472;471;475;455;481;474;480;478;475;474;377;367;472;469;478;478;474;473;383;377;474;478;483]
206465 - [400;447;423;371;387;395;378;389;479;482;488;395;415;485;485;482;485;490;489;236;262;496;495;492;491;490;491;367;373;507;500;496;486;489;490;468;468;493;495;486;476;473;472;474;467;479;476;479;480;476;475;361;367;474;478;474;476;482;471;375;380;470;480;484]
207429 - [397;446;425;366;366;385;383;394;481;478;479;405;383;489;490;479;487;489;484;231;261;500;499;496;491;495;497;360;339;494;502;497;489;487;487;483;469;494;495;487;472;475;472;460;468;478;475;480;473;468;473;363;363;475;473;473;489;479;477;389;375;471;478;487]
208393 - [403;440;424;385;359;387;380;383;480;479;482;406;412;481;482;479;491;494;488;224;261;494;499;495;492;493;490;373;376;504;500;496;487;490;488;478;485;496;495;487;479;471;474;458;461;479;476;474;477;477;470;357;351;473;475;473;483;481;476;375;382;471;473;488]
209457 - [388;438;423;387;363;391;379;389;478;481;484;392;411;494;481;473;486;486;495;233;247;495;492;491;490;492;498;334;374;508;500;496;491;490;488;489;472;492;491;490;473;474;474;461;466;480;478;476;484;474;476;363;360;473;469;470;474;476;469;379;369;473;481;484]
210421 - [396;445;416;372;402;381;388;382;482;484;478;404;387;480;485;481;485;487;488;240;255;495;495;492;491;493;495;354;393;500;498;498;491;486;486;467;455;492;493;489;475;473;474;478;467;482;477;475;474;476;474;356;357;471;475;474;485;477;479;378;378;471;479;482]
211385 - [400;451;422;372;373;392;385;384;478;479;483;418;424;481;486;485;482;489;492;234;245;490;497;497;490;490;498;386;369;504;497;495;490;481;495;478;479;494;493;486;475;483;474;454;475;483;478;479;480;477;470;379;377;475;474;474;481;480;474;402;383;469;476;481]
212349 - [399;436;421;376;395;404;397;375;482;480;480;412;403;490;483;480;485;487;488;249;256;495;496;495;494;492;499;353;360;502;496;501;490;489;486;477;467;492;494;491;472;468;469;465;470;478;475;476;476;476;471;367;357;473;476;470;492;481;468;380;378;472;473;480]
213313 - [394;455;425;363;363;396;385;371;474;479;482;426;428;485;485;478;488;487;483;233;256;496;496;490;491;496;495;355;373;502;495;498;488;489;485;499;481;494;496;488;476;475;475;479;474;473;483;477;475;468;480;357;365;469;483;476;482;484;469;399;385;475;477;486]
214277 - [392;436;422;351;397;407;387;387;477;475;478;415;407;487;487;483;482;490;486;237;248;496;494;496;492;495;498;381;363;503;501;499;488;488;490;472;478;491;491;486;474;475;477;462;484;478;470;477;478;470;471;358;371;471;476;476;488;476;474;385;398;473;477;483]
215241 - [386;440;420;367;391;391;398;385;479;478;482;393;387;491;483;479;491;486;487;237;261;497;493;493;490;495;500;365;373;502;497;497;489;492;487;481;486;492;497;496;475;481;471;459;466;478;477;476;479;474;474;368;361;475;471;477;481;477;472;393;378;472;478;481]
216205 - [392;433;421;382;367;395;383;380;475;477;486;408;404;487;488;485;487;489;488;246;247;499;495;493;487;495;495;371;374;501;496;496;486;494;490;503;471;498;493;485;478;473;475;462;462;477;479;475;478;471;469;364;356;470;479;470;490;477;478;380;376;466;476;482]
217169 - [395;444;422;367;395;400;380;388;474;477;480;395;417;483;483;478;487;491;488;233;230;500;499;493;488;493;499;377;365;501;502;501;487;487;495;473;480;499;496;487;478;474;476;461;470;480;475;479;475;473;470;346;363;470;480;476;482;472;476;371;396;470;476;482]
218133 - [389;438;426;378;367;402;384;378;476;483;477;390;403;487;487;478;490;487;489;228;250;497;497;488;493;494;487;372;380;505;502;498;481;487;490;469;474;493;493;488;477;473;474;459;464;477;477;479;479;473;475;367;369;470;476;475;494;470;475;405;380;467;478;482]
219097 - [389;442;427;348;387;393;379;374;478;482;481;404;407;488;489;480;491;490;491;237;256;496;496;492;490;498;502;365;363;501;499;498;485;491;492;490;468;491;490;487;478;473;472;470;458;482;478;478;476;478;472;363;358;473;474;474;488;479;472;395;377;471;475;475]
220061 - [387;458;419;358;385;391;388;387;480;482;480;399;411;489;488;477;494;491;492;247;242;496;501;496;492;496;496;339;382;499;498;495;483;487;491;486;463;492;495;486;478;478;474;471;462;471;473;478;471;474;470;366;345;473;479;480;474;480;473;395;396;470;477;481]
221025 - [387;444;419;388;380;389;387;381;477;480;482;391;414;490;483;478;489;490;488;238;247;498;495;494;490;493;502;343;369;502;501;498;488;488;494;469;489;491;495;484;473;475;471;460;479;476;479;475;472;472;474;369;366;470;480;481;479;478;476;401;380;469;481;485]
221989 - [378;442;430;394;369;392;380;374;476;477;480;411;414;483;483;474;486;488;486;230;252;498;496;495;494;495;493;365;385;502;500;497;484;488;487;476;489;497;493;491;474;476;475;475;490;480;475;476;474;472;474;373;360;472;473;478;484;476;469;377;377;474;477;489]
222953 - [392;446;420;392;374;397;380;383;478;481;481;406;391;485;481;479;488;493;489;236;256;495;496;495;493;491;501;369;373;500;495;500;484;485;490;486;485;493;497;482;478;474;473;475;464;475;476;476;481;472;474;368;373;473;477;476;478;478;470;398;402;473;479;485]
223917 - [396;441;421;383;394;394;384;384;476;481;478;407;416;488;480;484;487;489;492;238;236;501;494;496;494;496;498;364;348;500;497;497;487;490;492;466;466;498;493;491;475;471;477;481;472;476;480;478;470;471;474;349;372;469;474;471;488;480;475;399;377;474;479;484]
224981 - [394;440;421;360;362;385;396;380;481;479;481;397;416;486;482;482;487;489;491;246;252;500;492;493;487;494;495;372;369;509;497;494;488;482;495;471;492;489;494;489;471;470;477;456;460;477;476;477;481;471;473;368;364;471;477;475;475;477;477;375;384;474;482;480]
225945 - [395;431;426;357;370;391;390;376;474;482;484;407;428;480;485;481;487;490;484;232;253;495;496;493;491;493;496;363;366;501;500;499;485;488;491;478;471;496;495;488;475;474;477;461;466;479;480;478;477;474;472;374;366;473;478;472;489;477;472;388;389;472;474;485]
226909 - [395;446;422;361;366;402;386;386;476;480;487;387;444;490;485;478;493;489;490;231;240;498;497;490;491;500;499;374;375;501;494;498;485;489;489;475;484;491;497;486;476;475;472;480;466;476;476;474;475;477;476;367;354;474;478;473;483;484;472;372;381;472;476;488]
227873 - [391;448;426;376;387;382;397;386;475;484;483;393;409;486;481;477;483;490;492;250;258;495;493;492;494;494;488;362;360;494;503;493;486;488;495;496;486;490;490;483;475;474;475;486;464;479;477;478;476;476;473;370;364;472;476;475;478;479;473;402;397;472;475;488]
228837 - [387;437;423;374;364;394;387;374;479;484;476;428;424;488;484;477;488;486;491;236;257;495;495;497;486;494;494;360;366;504;500;494;486;488;492;482;483;491;495;489;471;482;471;462;468;481;476;475;478;473;475;361;361;475;477;480;483;478;470;374;397;470;477;477]
229801 - [379;440;412;356;369;391;393;390;482;485;477;411;408;485;481;478;487;491;487;240;256;493;496;494;490;495;504;368;351;505;501;496;485;493;490;464;484;495;493;484;472;479;474;469;462;479;475;477;480;474;468;369;361;472;472;480;490;480;476;375;380;472;483;481]
230765 - [397;439;422;392;376;402;390;372;476;481;481;420;407;489;487;477;483;490;489;235;254;495;494;489;492;493;497;361;395;504;498;499;491;485;486;480;473;495;495;488;476;475;475;476;475;478;480;479;477;474;470;369;367;467;473;472;494;479;475;383;392;471;477;484]
231729 - [395;438;421;376;367;408;399;381;479;479;485;390;438;486;483;479;484;491;492;239;255;498;501;492;489;496;496;347;356;500;495;496;484;484;489;460;492;493;490;484;476;473;475;484;477;469;479;477;475;469;475;356;359;473;476;480;489;473;474;385;384;471;475;483]
232693 - [394;443;437;404;373;406;382;381;477;478;481;410;412;489;480;475;489;493;488;232;237;494;497;493;491;494;499;371;357;497;494;496;490;489;490;472;467;493;493;486;474;476;480;453;476;475;478;476;478;469;473;341;371;478;473;475;478;481;472;391;381;467;478;488]
233657 - [393;445;418;360;397;406;399;383;484;478;481;407;414;489;484;475;487;489;489;238;254;496;495;494;489;494;496;366;373;503;502;495;483;489;485;479;480;491;493;486;471;477;475;471;470;482;477;474;476;476;473;374;362;476;469;473;485;483;476;378;386;472;475;482]
234621 - [391;452;420;403;375;390;381;386;476;479;482;403;432;487;484;475;486;485;489;246;253;496;496;495;492;491;495;367;364;503;499;499;484;485;492;478;472;498;494;486;476;471;472;469;467;483;479;479;474;480;472;354;372;470;477;472;485;479;468;400;393;469;476;484]
235585 - [388;441;428;371;384;397;380;394;474;478;481;401;426;485;486;478;483;492;493;233;251;493;496;493;488;491;492;363;371;503;502;499;489;487;492;477;478;503;493;487;475;478;480;468;465;477;477;472;478;474;475;367;367;474;473;480;488;478;473;376;378;468;478;476]
236549 - [393;446;421;368;385;398;392;392;475;482;486;404;410;487;483;484;489;490;490;236;244;496;496;495;486;497;498;369;357;502;503;497;487;490;494;480;481;497;489;489;476;477;475;467;468;478;477;477;476;477;470;364;374;475;475;477;481;480;475;403;393;471;480;480]
237513 - [392;465;429;371;363;394;390;378;476;474;479;423;438;487;488;472;490;488;496;234;260;492;495;495;489;492;497;365;364;498;497;497;487;485;490;468;470;491;494;485;476;471;474;475;461;481;474;476;480;473;472;356;356;472;471;478;480;472;476;379;383;473;475;480]
238477 - [392;438;426;364;394;409;382;388;478;477;479;402;413;483;487;476;483;493;494;241;254;497;500;493;490;494;493;353;369;502;503;495;489;486;492;468;477;490;493;489;475;468;475;470;475;477;475;473;476;474;472;350;357;474;475;473;481;481;475;377;377;473;475;485]
239541 - [397;442;426;385;372;387;377;364;480;481;482;424;423;481;489;477;491;492;488;245;239;499;498;491;486;493;501;363;361;501;504;494;490;487;492;475;482;496;495;488;469;478;474;485;473;483;477;473;477;477;474;369;356;473;471;482;494;479;472;397;391;475;481;483]
240505 - [384;451;423;379;384;383;384;374;479;485;484;425;402;486;483;478;484;493;485;239;256;493;497;495;489;495;494;325;383;501;498;497;486;487;492;493;497;498;490;491;472;473;475;470;483;482;474;477;479;469;471;376;356;469;476;480;480;478;471;391;384;469;479;485]
241469 - [381;442;429;381;360;392;383;382;476;480;475;399;402;477;487;479;488;488;487;239;256;496;497;495;485;489;496;357;364;500;500;495;483;489;494;463;481;499;495;490;470;475;475;470;471;479;475;477;479;470;471;366;363;474;476;477;484;479;472;375;384;478;479;483]
242433 - [398;444;425;353;380;389;376;376;482;483;477;415;405;484;484;481;489;493;487;243;239;494;499;497;489;494;496;338;373;502;492;493;487;487;487;466;468;491;492;491;473;474;473;475;460;481;475;477;475;475;474;360;368;471;477;472;482;480;478;385;393;474;476;484]
243397 - [390;430;418;349;380;385;383;385;480;477;481;420;444;486;487;479;486;490;488;234;261;501;497;496;490;494;495;332;352;500;497;497;488;487;490;491;466;497;496;490;475;471;475;460;459;487;473;477;474;478;466;373;352;476;472;478;490;475;471;389;375;473;473;482]
244361 - [402;447;429;380;358;404;397;390;480;480;482;415;431;484;483;479;485;488;497;248;231;499;499;492;492;493;497;359;359;505;499;495;487;490;487;473;492;491;497;488;474;475;481;470;469;477;477;479;472;476;476;364;347;472;474;479;476;478;475;401;404;472;475;487]
245325 - [387;453;422;371;380;395;375;377;472;482;475;386;413;479;484;484;488;488;492;248;257;498;498;493;488;492;496;365;368;499;499;494;489;492;491;487;488;493;493;488;472;474;481;475;473;479;477;481;475;475;479;366;365;471;474;476;477;475;473;393;382;473;475;479]
246289 - [394;446;414;388;367;391;392;383;480;485;482;408;411;483;490;480;488;489;492;232;254;498;498;495;489;492;498;371;380;499;502;494;485;489;495;488;495;498;494;484;475;471;481;472;469;476;477;477;477;475;470;371;366;475;475;478;482;476;476;379;382;472;476;486]
247253 - [389;438;431;364;379;400;381;387;474;482;481;381;407;489;489;475;487;489;487;239;253;492;496;493;490;493;494;365;368;504;495;496;488;486;491;491;466;493;497;490;477;474;474;467;489;480;477;478;473;477;478;347;369;475;472;477;488;482;473;388;384;473;478;477]
248217 - [394;439;417;394;374;401;384;383;480;482;482;405;420;488;484;485;490;492;493;233;252;497;498;487;493;493;491;360;390;498;499;498;486;485;493;475;487;496;494;488;473;477;477;469;463;478;479;477;481;473;470;351;365;469;475;476;475;482;473;378;389;473;475;481]
249181 - [385;438;431;359;363;406;383;373;478;481;476;394;408;488;487;474;483;487;485;248;238;496;498;497;495;498;497;367;358;504;501;497;488;488;490;464;475;494;492;492;474;474;474;482;453;475;478;478;470;470;474;365;354;469;474;477;482;477;477;377;392;469;476;483]
250145 - [390;444;421;376;362;398;375;389;482;485;478;428;401;491;481;476;491;486;494;241;244;493;495;494;495;497;501;362;372;504;497;494;484;490;488;483;484;491;493;487;474;478;476;469;479;479;477;478;477;472;472;372;364;471;476;474;488;480;473;391;399;472;480;493]
251109 - [387;446;418;380;406;389;384;370;478;481;480;395;392;483;485;481;495;487;494;231;238;494;495;493;491;493;498;371;363;503;497;495;491;490;488;466;471;499;496;487;478;477;473;470;465;484;478;474;474;474;476;370;363;476;476;477;490;485;475;376;395;471;475;483]
252073 - [386;440;417;371;371;401;384;391;474;479;483;403;404;488;483;476;487;485;490;238;241;495;493;492;490;497;493;330;362;503;497;496;485;489;494;473;480;494;493;488;476;474;473;482;469;482;479;475;481;475;473;367;374;474;474;474;477;478;477;396;392;476;478;489]
253037 - [385;442;408;377;383;390;387;374;481;479;478;416;397;489;485;482;490;490;491;245;235;499;497;495;485;492;500;357;374;508;501;498;486;489;489;472;498;492;493;488;474;479;471;472;469;482;478;476;474;475;475;376;364;467;475;474;491;476;476;390;383;469;475;478]
254001 - [397;434;430;358;376;393;386;373;480;481;479;418;431;486;483;484;487;493;493;242;255;493;500;489;491;492;491;361;378;501;495;499;490;494;491;465;482;498;492;488;474;474;474;460;464;481;477;478;477;472;470;355;358;468;473;473;483;483;471;378;374;472;479;489]
255065 - [397;436;421;386;362;393;382;391;479;478;483;404;413;490;489;477;486;488;489;231;255;498;494;493;494;492;502;376;367;492;497;497;487;486;492;495;488;493;494;486;477;471;474;475;481;482;477;475;478;470;472;369;343;473;476;479;480;480;476;395;383;472;475;488]
256029 - [399;440;422;378;380;408;390;375;479;479;480;402;408;488;486;483;486;487;492;249;240;501;498;493;492;492;493;371;351;501;503;499;484;490;493;472;487;497;493;489;472;470;476;472;467;479;479;477;473;474;472;360;370;475;473;476;482;473;476;379;389;468;479;486]
256993 - [393;438;427;369;371;392;397;381;480;477;478;388;387;482;488;483;484;484;487;238;240;496;496;496;483;493;496;369;349;505;497;496;483;490;487;491;470;496;500;489;474;477;474;479;476;480;472;472;482;472;470;368;357;472;470;478;484;478;477;393;378;474;475;482]
257957 - [398;450;411;367;369;409;382;377;478;479;479;415;408;484;487;478;487;490;493;229;257;498;495;497;487;493;495;368;376;502;505;497;486;486;487;489;487;498;494;489;477;472;471;482;469;481;478;476;479;469;476;369;368;476;469;480;488;481;471;391;393;471;477;482]
258921 - [386;436;420;362;373;399;397;380;475;482;475;406;436;489;484;476;490;489;497;242;253;495;498;492;488;494;495;363;359;504;503;498;486;493;488;474;489;495;497;488;474;474;475;476;461;476;482;481;479;477;476;358;362;476;476;476;495;475;476;397;391;468;479;481]
259885 - [375;440;425;402;393;396;377;386;475;483;477;403;403;494;486;482;485;487;488;235;248;499;497;496;487;497;491;344;364;505;503;493;488;486;486;470;493;495;494;487;475;478;472;483;470;477;480;482;471;475;474;360;370;471;474;474;484;479;473;375;398;469;474;482]
260849 - [389;443;432;370;366;390;380;388;479;481;479;397;411;489;484;484;493;491;487;232;234;495;497;490;487;498;496;369;370;501;503;494;489;490;489;460;460;498;494;493;474;480;471;474;477;480;476;475;473;474;472;364;370;478;475;478;480;475;472;388;376;475;475;482]
261813 - [395;439;421;358;365;399;379;382;478;479;478;408;436;490;487;482;486;492;489;246;252;494;496;492;490;495;496;373;365;498;498;494;486;487;494;481;493;495;493;483;475;472;471;461;475;480;479;474;477;472;473;363;340;474;471;474;481;479;476;389;390;473;478;485]
262777 - [388;457;416;371;371;388;374;377;475;476;478;394;421;493;487;473;487;487;486;237;239;496;495;495;493;493;494;348;364;496;498;497;487;489;487;464;473;490;494;490;474;471;476;474;474;479;480;478;475;469;471;382;363;474;475;478;488;478;475;388;395;474;479;485]
263741 - [396;445;427;385;385;392;375;373;480;483;475;411;425;487;487;477;490;490;496;236;237;497;495;487;488;493;498;365;346;501;495;500;487;491;492;473;482;490;493;489;472;474;477;459;461;481;477;476;478;475;472;356;364;475;475;476;488;475;474;376;377;469;476;486]
264705 - [394;446;421;374;367;395;384;390;478;481;480;407;405;489;487;479;494;493;489;252;241;500;499;491;492;495;497;360;384;498;498;496;488;488;490;482;492;496;494;493;474;475;469;469;460;480;480;474;475;476;472;363;363;472;470;480;482;478;474;374;376;472;476;486]
265669 - [394;445;432;382;377;388;385;388;478;479;477;423;438;488;484;480;487;487;488;246;241;497;498;497;491;496;491;326;367;507;500;492;486;489;486;471;488;489;496;488;476;474;474;474;473;480;475;477;478;473;478;349;355;475;476;471;488;478;475;376;384;473;478;490]
