Leitura Plastico Preto - 30cm - VL53L5
1859 - [425;436;363;347;424;424;405;390;480;481;486;479;493;501;496;454;490;492;462;417;502;507;511;483;490;497;496;488;513;513;507;486;479;488;493;481;504;502;505;477;474;475;470;451;485;485;493;487;474;475;474;467;487;485;487;490;479;479;477;476;488;493;491;497]
2724 - [419;433;375;362;411;411;399;385;481;475;478;466;489;496;493;449;486;491;461;428;498;503;509;469;485;492;492;465;511;509;507;482;481;483;495;491;497;498;502;480;473;475;468;459;487;487;487;484;474;476;475;461;484;484;483;487;484;475;475;476;478;486;491;493]
3689 - [420;427;378;340;398;413;398;391;478;482;479;474;496;495;494;454;485;493;456;428;509;506;506;478;487;490;483;489;510;508;509;485;482;487;485;491;497;501;502;479;473;474;459;454;484;488;486;483;472;474;470;467;481;483;486;485;483;477;478;481;481;481;495;492]
4654 - [419;423;371;357;414;411;403;375;474;480;474;467;487;496;495;453;489;492;452;421;506;508;511;482;486;492;480;470;505;513;511;482;486;480;496;487;496;505;501;473;476;470;466;459;482;489;489;479;476;476;470;456;483;480;486;487;486;475;478;476;480;484;487;494]
5619 - [419;440;372;351;414;415;403;385;478;483;475;464;489;498;493;457;487;493;467;430;499;505;506;478;488;488;479;482;505;511;508;478;486;488;487;491;500;504;500;473;474;475;466;449;488;485;487;484;479;473;475;466;480;480;483;493;479;482;472;475;486;487;494;483]
6584 - [432;436;355;356;414;430;414;381;475;481;472;462;486;494;494;450;486;490;449;432;504;506;512;479;488;495;484;476;508;510;509;483;482;484;486;487;500;504;503;471;475;471;473;450;483;486;488;490;475;472;476;460;482;485;485;492;481;478;479;479;480;485;488;494]
7549 - [420;429;380;345;418;414;410;386;473;483;473;471;492;501;491;459;483;489;454;429;505;505;505;476;488;498;482;474;504;511;509;482;483;488;487;484;497;502;503;474;471;471;470;456;480;484;485;483;475;472;469;463;485;486;485;492;477;478;478;480;482;488;498;492]
8514 - [411;439;360;367;413;415;397;382;473;483;477;468;496;496;494;464;489;493;452;411;505;500;506;481;487;496;484;472;511;512;507;484;486;485;484;493;502;497;497;473;469;470;468;454;480;491;482;484;469;473;477;465;487;481;489;490;475;478;478;484;483;482;492;489]
9479 - [423;435;377;355;410;413;402;380;478;484;470;488;493;498;493;458;487;490;465;429;499;504;505;482;489;491;489;472;507;509;510;481;485;493;488;494;498;501;502;481;471;478;466;456;482;487;490;485;475;474;472;452;484;485;487;490;473;478;479;484;483;491;484;489]
10444 - [416;437;369;350;409;409;401;383;477;482;468;474;487;499;488;458;481;492;460;419;502;508;506;476;492;492;481;475;505;511;512;483;480;485;495;490;497;502;502;483;469;470;469;463;481;489;484;482;475;475;471;472;485;483;484;489;483;480;479;483;484;483;486;490]
11409 - [426;422;374;351;413;418;407;390;479;483;477;455;492;502;492;452;489;489;453;414;500;503;505;474;490;492;487;483;507;513;506;480;484;485;497;489;496;502;503;475;471;475;473;449;483;491;489;484;475;477;475;463;481;483;483;482;485;480;476;484;479;489;492;495]
12374 - [435;439;386;361;421;412;407;390;477;479;481;470;489;498;488;462;486;489;452;418;499;505;508;476;490;489;489;493;506;513;508;484;487;487;483;492;499;504;505;474;473;477;476;461;487;486;484;485;475;469;476;467;476;480;489;492;471;480;477;476;482;490;501;488]
13439 - [427;416;372;346;420;409;406;387;477;481;472;457;493;500;493;455;485;487;453;438;504;507;506;478;490;494;482;471;505;513;509;482;488;485;491;490;502;501;506;477;467;474;472;446;483;488;485;484;469;474;475;458;484;485;487;491;475;479;478;476;487;492;482;493]
14404 - [415;434;366;348;414;408;401;384;478;479;468;462;492;492;491;456;486;491;463;438;504;503;505;481;491;491;491;466;510;514;508;489;486;482;487;488;505;501;501;471;472;479;473;454;483;487;489;484;475;472;469;461;482;481;486;486;478;477;483;480;482;484;494;487]
15369 - [411;426;370;345;411;411;406;373;473;479;479;450;493;499;494;460;487;487;446;417;505;502;505;482;488;499;489;477;506;514;507;482;484;488;498;496;496;506;504;478;468;477;471;460;486;487;487;480;473;472;473;460;486;481;483;490;473;482;473;477;480;482;486;493]
16334 - [425;426;372;349;419;415;408;376;482;484;464;466;492;497;495;461;481;490;462;419;500;503;509;480;490;492;478;476;505;508;508;486;485;490;490;488;504;502;503;476;475;478;469;450;478;488;489;487;472;476;467;461;480;484;490;482;487;477;475;482;483;484;488;492]
17299 - [426;436;370;348;405;406;410;387;474;481;472;465;496;494;498;462;486;486;459;424;507;505;505;481;490;491;478;479;503;508;505;486;483;486;500;488;497;505;505;475;475;477;469;454;479;486;485;491;477;477;474;464;481;484;487;486;485;478;477;479;483;487;492;491]
18264 - [424;443;374;349;409;419;403;381;477;484;465;463;499;498;495;456;489;486;457;425;499;507;509;479;491;493;496;471;509;510;506;484;487;481;485;489;502;502;502;478;472;472;463;448;481;490;490;484;474;476;476;460;482;482;487;487;468;481;476;475;479;485;489;497]
19229 - [425;431;371;347;418;421;401;382;474;486;470;475;483;498;493;462;487;489;460;444;501;503;508;478;487;493;478;471;507;504;511;485;484;484;487;491;500;498;501;474;470;472;468;458;482;487;486;490;473;476;470;459;481;484;485;492;487;475;480;476;478;486;486;491]
20194 - [434;438;376;344;422;414;395;382;475;482;467;479;487;499;492;464;486;489;459;416;501;505;506;475;488;494;476;484;508;509;512;489;483;484;486;485;499;498;500;474;473;474;470;452;482;486;488;483;474;471;471;464;480;486;490;490;487;477;466;476;481;487;491;487]
21159 - [432;435;366;362;414;414;408;375;473;480;473;456;494;497;494;460;487;488;464;424;503;504;505;478;481;494;482;472;508;510;513;489;489;491;492;487;499;508;503;485;470;475;468;456;481;493;489;488;470;477;469;466;481;482;488;488;486;478;478;482;480;481;491;498]
22124 - [425;436;370;358;423;410;398;384;476;478;475;473;495;500;493;465;478;491;463;427;501;507;507;475;486;494;483;479;506;507;509;483;487;488;498;492;502;504;500;476;475;474;469;463;484;489;488;487;470;469;477;458;484;481;485;489;488;474;474;477;483;486;482;495]
23089 - [425;428;375;355;411;416;403;382;476;480;472;468;490;494;495;453;486;490;454;427;503;506;505;483;490;490;487;484;508;510;512;491;485;486;498;494;502;500;500;476;472;477;463;455;483;485;491;489;472;477;469;465;484;481;482;487;482;478;475;479;481;486;488;489]
24054 - [422;428;356;357;397;411;404;385;472;483;475;468;497;499;489;462;484;487;454;438;503;506;505;474;492;493;483;469;503;512;505;490;483;482;501;489;500;505;505;479;471;472;462;457;484;489;484;486;473;479;469;467;479;484;488;489;484;474;480;478;485;488;492;488]
25019 - [422;431;375;344;419;417;403;377;477;479;483;472;498;499;494;454;482;486;455;420;501;503;510;483;489;489;491;471;506;511;506;476;482;486;490;491;499;505;501;468;471;478;465;464;484;482;485;484;471;480;472;460;479;482;486;485;471;475;482;478;489;485;491;497]
25984 - [434;432;377;353;417;404;402;387;476;480;474;487;492;497;490;460;486;490;450;419;494;502;504;475;489;492;483;475;510;512;509;485;484;487;492;488;499;504;507;478;473;475;468;455;484;483;482;490;472;474;470;467;480;485;488;487;482;473;477;481;485;489;486;486]
26949 - [428;430;380;371;421;416;407;373;472;478;471;462;490;496;502;454;485;491;457;424;502;507;511;476;487;494;484;464;504;507;511;481;486;486;489;500;503;500;502;477;472;475;463;454;486;490;485;491;476;469;471;464;480;483;486;493;476;473;478;481;484;485;494;494]
27914 - [415;431;362;357;417;421;400;381;473;482;477;468;491;493;498;452;484;492;453;421;504;503;503;481;490;494;480;480;511;510;509;480;484;487;489;480;494;501;504;474;470;473;466;465;491;484;488;486;472;471;473;469;479;480;483;491;483;479;476;476;480;487;495;490]
28879 - [425;436;369;359;405;425;408;377;475;476;477;476;486;496;494;453;487;485;458;434;505;506;505;484;492;498;482;486;508;514;510;486;483;491;491;491;496;502;506;474;471;476;465;446;484;490;483;485;475;477;475;462;485;485;483;493;480;475;485;483;480;488;487;494]
29844 - [419;438;366;356;411;412;400;384;481;480;473;459;494;501;497;461;487;487;450;440;501;504;507;475;490;492;481;473;507;509;508;483;485;482;485;492;496;507;506;480;472;472;468;446;483;483;484;487;475;469;472;464;484;484;487;490;483;478;478;478;482;485;492;493]
30809 - [425;432;368;359;414;414;404;387;475;489;482;459;494;501;491;458;486;491;455;414;502;504;502;477;486;492;487;488;508;512;505;486;484;489;494;497;499;499;507;472;471;475;465;450;487;488;490;483;472;473;475;463;482;484;481;496;472;472;481;480;483;484;497;492]
31874 - [434;433;377;346;416;415;399;396;472;486;472;481;483;498;494;460;486;492;458;429;497;505;507;485;488;494;475;485;505;514;506;479;487;491;494;495;500;503;504;483;472;476;467;454;487;488;484;482;475;477;473;461;485;483;487;494;472;482;477;478;482;488;489;496]
32839 - [421;431;371;362;424;418;402;387;476;485;472;458;492;498;494;453;485;494;464;423;501;502;504;479;489;497;490;478;510;507;508;480;483;490;491;492;499;502;499;477;473;473;457;445;478;487;484;489;476;475;473;464;484;481;488;493;481;478;473;480;480;484;492;486]
33804 - [409;435;359;350;412;422;407;384;477;480;480;461;498;498;498;461;485;485;458;428;500;509;508;477;486;494;498;470;512;514;510;484;486;486;492;486;502;504;508;471;475;475;471;458;488;481;489;481;476;477;470;463;478;483;485;487;486;477;476;478;477;485;498;498]
34769 - [433;429;373;357;419;414;403;377;474;481;470;471;491;498;498;453;484;491;458;425;501;506;505;478;490;490;481;484;503;512;509;482;481;487;498;496;502;501;503;477;466;476;467;455;485;487;485;485;472;469;471;460;481;485;486;484;472;477;470;480;479;490;489;490]
35734 - [418;438;375;367;413;419;401;390;477;477;476;474;496;495;494;451;484;490;452;430;502;506;502;479;492;493;484;471;507;511;511;485;487;486;491;495;501;500;500;478;471;470;468;455;482;487;485;483;476;470;470;462;488;484;488;488;484;478;478;471;482;482;487;495]
36699 - [433;432;375;373;415;415;400;383;475;480;475;464;495;501;491;453;486;488;460;423;504;507;505;481;488;498;488;470;510;513;509;489;488;488;491;488;500;504;505;474;474;471;471;445;486;494;484;485;475;474;470;465;482;485;488;488;480;480;473;475;479;486;482;492]
37664 - [427;426;377;349;414;411;418;390;472;480;473;478;495;496;496;450;483;487;454;435;504;507;512;474;489;495;483;480;504;512;511;480;486;486;489;487;500;503;505;470;473;473;470;451;480;490;485;486;478;473;472;464;486;485;488;488;481;482;483;480;481;485;490;492]
38629 - [422;428;371;362;418;416;405;387;469;483;474;464;488;493;491;460;489;486;446;428;498;506;506;480;488;496;486;472;507;508;514;485;486;493;495;483;494;505;501;476;472;477;469;457;480;489;489;484;475;477;472;462;480;481;485;489;484;479;473;474;480;488;490;497]
39594 - [434;432;372;354;412;418;396;386;474;480;475;471;491;499;494;454;486;488;459;422;501;509;506;476;486;493;491;479;505;509;508;482;483;490;486;495;496;500;506;473;468;469;468;456;481;489;487;489;470;470;473;464;485;482;478;486;486;472;477;479;477;482;492;496]
40559 - [431;434;370;356;413;418;412;387;480;479;477;475;488;498;494;462;484;487;456;421;501;502;510;480;490;492;490;472;513;514;509;484;482;485;495;493;502;498;504;472;472;474;464;458;481;489;484;487;469;473;472;461;481;490;484;490;482;480;478;478;482;486;490;491]
41524 - [427;424;378;358;409;424;401;389;478;485;474;471;485;494;492;460;489;491;450;422;498;508;506;481;490;493;494;478;509;511;509;485;483;485;497;488;502;500;506;476;469;477;468;450;479;485;486;484;476;473;471;467;480;483;484;483;479;477;476;479;483;486;487;497]
42489 - [424;420;372;351;404;408;403;384;475;477;472;461;491;497;494;454;484;491;454;439;506;505;505;473;484;496;484;475;504;510;506;484;479;482;490;503;499;502;506;473;472;472;467;459;479;484;482;485;469;472;471;463;482;480;489;495;478;481;475;481;480;485;493;490]
43454 - [427;426;377;369;415;402;411;384;481;478;467;471;492;498;495;464;484;487;457;424;502;508;511;482;494;495;490;484;507;507;506;482;483;488;494;493;498;500;501;477;470;476;470;459;484;487;488;491;471;475;471;462;485;480;482;485;480;478;481;481;485;485;492;489]
44419 - [421;438;375;352;401;412;411;371;475;485;476;462;490;495;493;459;481;491;457;425;502;506;511;481;491;490;487;484;505;512;503;488;484;483;491;494;500;497;506;481;469;469;467;453;479;488;489;485;474;476;463;463;483;485;482;487;487;476;480;481;480;485;493;490]
45384 - [425;432;369;362;404;417;406;391;474;480;478;473;491;502;492;455;483;491;450;429;501;508;505;479;489;491;487;474;503;513;516;484;489;485;488;487;500;506;503;482;469;474;464;445;483;487;487;484;468;473;472;463;481;484;486;493;486;476;481;475;483;482;493;494]
46349 - [425;430;374;347;405;418;401;393;478;483;474;480;493;494;496;454;487;489;456;433;501;504;507;477;490;489;486;473;508;513;510;482;487;490;494;492;496;501;501;481;473;475;464;460;485;487;489;486;476;476;466;471;481;485;486;489;482;480;475;479;478;489;492;490]
47314 - [426;445;377;360;400;405;406;390;472;480;473;469;498;492;501;454;478;495;461;430;501;508;510;483;490;485;483;484;507;504;509;485;484;487;485;493;500;501;505;475;472;478;467;455;484;485;490;486;470;476;472;463;480;482;489;485;490;479;479;477;481;486;492;493]
48279 - [416;427;373;348;402;419;412;393;475;480;474;473;486;496;495;457;487;490;458;430;502;505;509;478;486;496;485;485;507;508;502;486;480;488;486;496;499;508;503;479;475;473;466;459;486;488;488;487;473;477;475;465;481;485;487;486;479;483;474;480;481;486;492;484]
49244 - [428;428;370;351;408;410;404;388;476;483;470;471;490;496;496;465;486;490;444;422;504;506;503;478;489;492;484;486;504;508;506;482;484;491;489;497;500;501;502;478;471;476;468;456;489;489;487;485;474;469;470;463;484;484;487;487;479;477;473;478;486;483;487;491]
50209 - [419;429;375;345;406;409;410;389;478;480;478;458;494;496;499;457;489;486;470;427;505;504;509;479;494;493;481;471;505;514;507;485;483;486;488;490;501;502;503;479;470;475;477;458;488;485;488;483;472;469;469;465;482;484;486;493;479;478;483;479;484;488;494;489]
51274 - [421;429;376;352;409;418;409;387;475;480;468;468;487;497;493;467;485;487;460;428;501;502;508;482;490;490;500;475;507;515;508;484;483;489;484;504;501;502;505;476;466;475;466;459;483;494;485;485;472;472;471;462;486;481;487;487;479;481;472;475;479;484;483;496]
52239 - [421;428;364;358;414;413;402;385;474;483;473;455;490;497;496;459;486;491;460;421;506;504;507;477;492;496;482;479;506;513;508;483;485;485;489;492;503;503;505;480;475;474;471;460;484;492;485;484;474;478;474;462;480;484;485;487;480;473;479;475;480;483;492;493]
53204 - [422;437;373;348;411;412;409;385;474;481;474;463;488;493;496;457;485;491;450;428;501;507;506;475;494;500;481;484;510;511;507;487;481;486;492;490;499;505;504;478;471;479;463;454;484;486;489;483;476;473;472;464;480;485;486;490;475;480;476;477;478;486;494;492]
54169 - [423;426;370;348;423;418;409;381;475;475;469;462;491;501;495;460;485;491;452;433;504;503;506;476;488;496;481;486;508;512;504;488;484;487;487;489;504;504;505;482;469;479;467;454;483;492;485;487;474;475;469;462;478;487;486;495;477;479;479;482;480;484;492;494]
55134 - [425;431;378;357;415;414;410;375;480;481;473;477;496;492;495;466;490;490;449;425;498;508;509;477;494;493;486;468;508;508;509;484;480;492;489;496;505;502;506;472;473;474;469;454;481;490;487;481;475;475;467;456;481;489;488;485;477;480;474;480;483;487;492;487]
56099 - [429;431;372;354;413;414;402;385;476;483;466;473;490;502;494;455;482;488;456;427;499;506;503;477;492;496;485;470;501;507;512;483;483;490;487;485;502;501;503;474;473;473;463;456;479;487;487;481;474;479;474;466;484;484;482;494;469;477;479;483;482;487;490;491]
57064 - [422;428;372;357;417;417;412;389;477;483;474;476;499;499;491;455;487;490;449;417;506;503;510;478;488;496;486;477;504;510;512;480;484;487;492;486;494;500;506;475;473;470;474;454;489;489;489;488;475;475;471;463;481;484;487;485;482;482;481;480;482;489;487;487]
58029 - [430;431;368;343;415;418;403;386;477;475;475;471;489;496;493;454;485;489;462;428;503;506;507;478;490;494;487;468;499;512;507;487;486;487;488;483;495;501;503;473;472;475;474;453;482;485;488;485;473;477;473;465;479;483;487;487;478;475;472;483;478;481;488;493]
58994 - [424;431;372;349;418;413;399;386;479;476;477;473;490;495;497;456;484;490;450;416;501;508;507;480;488;493;481;472;510;515;509;475;487;484;499;500;498;506;502;474;472;474;470;459;477;480;488;486;475;473;474;467;485;487;490;496;483;471;481;484;477;484;490;494]
59959 - [423;432;373;356;415;407;407;374;476;480;466;465;495;505;498;456;482;491;455;427;496;505;505;481;487;494;483;472;504;513;511;484;484;486;487;488;500;502;503;476;471;478;462;459;484;487;487;485;471;475;468;466;478;487;487;485;488;476;473;478;477;484;489;478]
60924 - [414;432;380;354;415;414;415;390;473;477;471;467;491;497;496;458;484;491;460;423;501;506;503;477;490;494;491;486;508;513;513;488;483;485;485;490;496;500;501;481;474;474;465;451;488;488;483;484;477;478;470;467;483;486;487;495;484;475;476;474;481;484;487;488]
61889 - [418;439;370;353;428;417;401;393;478;484;462;469;491;495;494;468;483;487;455;429;506;501;510;482;490;498;484;483;504;514;511;481;482;492;489;490;499;505;502;479;469;479;463;457;485;488;488;487;474;471;470;464;481;486;488;484;478;475;476;480;475;485;488;494]
62854 - [424;438;378;354;420;417;405;375;472;483;486;459;492;492;491;459;490;486;457;428;504;505;508;481;491;490;485;471;510;507;510;483;483;489;490;498;500;501;502;480;471;473;466;448;479;484;491;484;470;472;474;464;478;486;486;491;485;477;472;480;475;486;484;499]
63819 - [426;431;379;365;416;419;405;382;476;482;473;463;488;496;496;456;486;491;451;422;506;505;510;479;490;491;487;484;506;504;515;489;480;485;494;484;502;500;502;475;472;481;463;449;481;481;485;487;477;477;472;463;487;486;489;488;476;474;479;477;482;488;492;493]
64784 - [437;436;365;368;416;416;401;386;473;482;479;474;490;497;497;454;482;493;456;425;505;505;506;474;488;498;488;481;507;510;508;488;485;491;493;494;502;499;506;479;472;474;468;456;484;488;488;484;472;474;474;463;485;481;489;487;487;476;476;484;482;488;493;497]
65749 - [420;433;373;353;409;421;402;399;476;479;477;463;496;494;491;456;488;489;456;424;503;505;505;483;489;493;486;480;506;510;506;485;486;484;492;491;498;504;503;478;469;477;465;446;489;486;485;484;472;474;472;462;480;483;487;488;481;476;475;477;479;485;493;501]
66714 - [433;435;376;373;422;419;409;387;478;475;466;457;494;501;498;459;484;488;454;422;501;507;504;484;491;493;484;487;505;507;509;485;488;487;489;496;502;504;503;481;468;475;474;457;484;490;480;484;470;473;471;455;480;485;488;488;480;475;476;478;478;487;492;495]
67679 - [422;433;377;349;416;408;405;388;478;481;467;464;493;497;495;454;485;492;454;435;504;506;506;479;486;495;478;478;505;505;507;484;482;490;485;496;500;504;504;473;475;474;471;454;483;486;487;486;474;473;474;466;483;482;482;493;476;471;475;480;477;488;490;491]
68644 - [428;427;379;354;419;419;404;387;475;482;472;465;499;503;492;450;488;489;467;441;499;503;508;479;486;491;494;471;502;511;510;484;488;487;493;488;498;500;500;479;474;475;464;454;487;485;491;479;476;476;471;468;483;483;485;490;483;477;478;475;479;484;489;494]
69709 - [423;434;357;361;412;409;408;392;473;480;473;472;497;495;493;452;489;485;454;420;502;502;506;477;487;496;480;475;508;509;509;480;484;490;487;491;499;502;500;478;471;473;458;460;484;485;487;484;472;470;473;462;481;485;486;490;486;475;478;478;476;486;493;494]
70674 - [420;443;374;358;415;423;400;384;472;477;478;460;490;501;496;467;481;492;446;420;504;506;505;477;488;497;481;472;506;511;507;483;488;488;485;498;502;501;503;475;470;479;478;447;482;485;485;487;475;469;470;465;484;489;486;490;478;474;478;479;487;485;486;500]
71639 - [430;422;367;371;412;413;397;393;475;482;472;475;486;497;494;457;484;489;452;421;502;505;509;482;485;495;487;483;512;509;506;488;485;486;493;489;501;497;503;479;469;473;468;457;483;487;485;483;472;472;470;468;484;482;486;490;472;482;480;474;483;486;489;496]
72604 - [424;434;355;347;409;413;397;392;478;480;478;467;486;494;496;460;484;491;456;437;499;511;503;478;490;495;488;475;513;504;509;483;486;488;489;495;503;502;505;474;474;475;466;454;485;485;487;487;474;472;474;458;483;485;484;491;483;475;478;475;485;484;491;501]
73569 - [423;431;369;348;416;406;407;383;477;478;476;479;493;497;497;454;487;488;467;429;502;510;511;476;491;490;490;485;507;511;509;488;487;482;494;493;503;503;509;471;470;476;467;448;480;490;484;482;472;472;479;465;481;486;488;486;476;478;475;479;482;487;489;493]
74534 - [423;424;371;345;418;426;402;382;475;478;469;480;490;494;497;462;487;491;461;419;503;506;505;482;494;491;483;478;506;511;511;483;487;488;499;494;498;500;504;475;474;470;475;453;481;484;486;484;475;475;468;461;483;484;486;495;475;472;473;481;478;486;487;496]
75499 - [422;431;367;359;411;412;407;386;477;480;471;472;493;499;497;461;485;491;457;419;500;503;508;478;487;494;479;471;512;513;505;485;490;482;486;490;502;501;500;472;475;475;465;461;480;485;483;490;473;472;472;467;480;483;481;490;486;477;472;480;481;486;492;481]
76464 - [427;432;376;355;418;420;412;384;476;483;474;472;484;496;494;457;486;489;464;425;500;505;508;479;493;498;497;476;504;516;509;478;487;486;497;490;502;504;506;474;471;473;471;449;483;489;481;492;472;472;473;470;489;485;486;488;477;478;476;480;479;482;493;492]
77429 - [426;445;377;357;410;419;405;383;481;485;476;473;490;497;497;455;488;490;453;423;507;508;508;478;489;491;490;478;509;510;509;476;490;490;492;484;499;503;505;478;474;477;465;454;480;486;490;487;473;474;474;466;480;478;487;487;478;473;478;480;484;491;487;496]
78394 - [433;433;374;365;405;416;397;387;473;476;474;464;488;495;496;454;486;489;456;425;502;505;506;481;494;495;488;472;506;509;506;484;481;486;491;487;500;504;504;476;473;475;473;463;481;487;490;484;479;473;472;462;483;485;486;485;486;483;476;476;485;485;490;485]
79359 - [419;428;357;353;403;419;408;392;477;488;475;481;492;502;494;454;485;492;461;434;503;507;504;476;492;494;483;485;508;512;510;483;486;489;487;491;503;502;504;473;473;473;473;462;483;488;485;487;479;473;471;471;481;483;484;490;477;476;476;482;475;489;485;491]
80324 - [420;437;372;343;416;418;406;381;478;477;470;467;493;500;499;460;484;489;462;424;498;502;508;478;491;494;485;471;512;505;507;486;482;488;488;493;503;502;504;483;468;477;467;460;488;487;487;486;470;471;474;467;486;481;482;487;481;479;477;481;485;484;486;489]
81289 - [420;429;366;364;424;423;409;381;471;479;476;465;495;492;495;454;484;484;461;433;504;506;509;482;491;495;485;479;511;512;509;487;480;488;489;492;495;501;503;478;478;477;467;457;487;488;489;487;476;472;470;464;484;483;486;492;484;478;478;475;480;484;493;487]
82254 - [425;431;373;358;415;415;400;392;474;480;476;454;493;496;491;455;486;488;455;428;503;503;507;477;487;494;498;482;514;504;510;486;481;485;490;496;500;503;506;473;468;475;469;453;487;486;483;486;474;479;474;460;486;480;487;491;490;478;480;476;479;484;493;504]
83219 - [414;440;368;356;423;418;408;394;472;478;471;463;491;494;494;454;485;489;454;426;508;507;509;484;490;493;481;485;504;509;510;478;481;487;501;486;500;502;502;481;469;471;468;458;485;485;490;484;476;473;472;466;484;481;485;489;474;478;476;480;480;486;489;490]
84184 - [423;441;376;376;411;419;403;381;470;479;488;471;485;499;492;456;486;490;449;425;497;506;504;480;493;497;487;478;511;506;503;484;481;488;498;492;503;499;503;480;472;469;467;456;480;487;485;485;477;477;475;464;483;483;485;494;484;471;475;479;486;485;490;495]
85149 - [428;441;362;365;415;414;405;379;475;479;479;479;493;498;493;453;483;493;462;429;504;505;506;478;492;493;487;479;506;510;506;484;478;485;493;488;502;502;502;480;474;473;463;457;487;486;483;491;469;472;478;461;484;490;487;497;480;478;473;479;482;486;488;488]
86114 - [424;436;361;349;412;413;406;379;476;478;471;461;490;497;496;454;487;485;457;422;502;505;506;481;493;494;499;496;510;508;507;484;485;491;497;495;496;500;507;476;474;472;469;453;480;487;485;482;471;478;470;461;484;485;486;486;490;477;476;481;485;488;491;492]
87079 - [428;442;361;361;414;413;402;383;473;481;474;470;485;498;492;455;491;492;457;429;504;510;509;481;490;488;490;472;509;506;514;487;483;492;492;495;502;496;504;474;478;475;465;453;486;492;488;488;473;474;474;468;483;484;486;489;482;477;473;484;484;489;495;491]
88144 - [424;433;365;353;419;403;413;388;475;480;481;469;498;500;495;461;485;490;462;432;500;505;506;477;486;494;490;467;504;505;510;483;486;487;487;497;498;498;504;472;470;479;471;451;483;488;486;489;469;473;472;462;488;487;483;486;477;481;475;480;482;484;490;496]
89109 - [429;430;371;375;420;405;408;385;476;476;475;475;494;498;499;451;483;491;460;422;499;506;506;482;491;493;487;472;506;511;513;487;492;488;493;490;497;502;501;486;469;474;464;456;479;487;488;483;470;471;469;463;482;487;487;490;484;479;475;478;480;481;485;490]
90074 - [423;430;380;361;427;415;399;382;475;478;467;473;491;493;497;456;487;488;458;430;503;507;510;478;487;492;484;470;508;510;509;478;483;485;493;487;498;500;503;475;472;470;465;447;476;487;482;488;475;471;474;463;480;485;482;492;480;479;477;480;481;485;487;494]
91039 - [432;432;377;361;422;413;395;383;476;483;477;464;488;501;495;460;486;490;449;425;504;506;504;481;491;495;482;465;514;508;508;481;482;491;489;490;500;502;505;476;473;479;466;454;487;487;487;490;474;480;471;463;486;483;487;491;478;473;482;476;481;487;488;498]
92004 - [420;443;373;354;421;415;410;380;475;483;485;472;488;497;497;460;486;492;469;438;505;502;504;478;490;494;484;482;510;507;513;482;484;487;501;492;502;506;505;477;474;473;465;464;482;493;487;485;475;481;468;465;485;482;481;485;485;475;471;482;484;484;492;493]
92969 - [415;435;377;355;417;412;398;390;477;480;474;473;486;495;496;457;484;491;459;419;502;503;508;477;491;492;495;485;508;511;508;483;486;492;494;495;499;501;503;476;470;477;464;454;479;485;486;483;474;472;468;458;482;482;486;486;486;476;474;481;481;484;488;496]
93934 - [424;432;374;358;411;412;399;385;478;483;480;477;499;495;494;462;487;488;462;434;500;507;501;473;487;496;491;472;505;508;509;487;475;489;487;508;506;499;504;472;469;476;464;452;484;487;487;488;476;476;472;462;481;479;488;491;482;480;478;479;479;487;488;493]
94899 - [433;430;376;353;414;413;397;382;479;479;480;472;495;500;494;456;484;491;461;420;500;506;506;478;492;495;490;473;505;514;508;478;486;483;491;492;497;503;502;478;472;475;469;455;481;485;484;485;470;479;475;464;481;485;486;493;476;482;479;483;481;483;487;497]
95864 - [424;429;380;370;414;406;412;391;473;480;485;463;492;498;494;458;486;486;455;422;505;508;506;475;489;494;483;470;510;509;510;487;484;485;494;498;497;500;502;480;470;473;469;458;486;489;490;483;474;473;469;463;482;480;479;486;473;476;473;484;481;487;489;488]
96829 - [409;437;358;359;410;417;410;383;475;483;471;472;495;500;495;459;485;491;459;443;503;506;509;476;491;495;489;486;506;515;509;483;484;483;483;490;499;506;502;481;470;470;477;458;484;488;488;486;473;471;470;465;481;483;486;497;482;478;478;485;486;484;485;497]
97794 - [420;429;369;355;424;418;404;380;478;479;474;468;484;498;497;461;485;491;466;438;503;507;511;480;487;495;490;476;507;515;508;483;483;491;493;496;497;505;505;474;473;474;470;464;483;489;487;480;468;474;469;462;481;486;486;486;479;476;477;482;485;485;487;490]
98759 - [420;429;370;373;414;416;398;390;471;483;477;452;490;498;494;460;485;488;456;426;504;504;506;481;488;493;481;472;505;514;507;487;488;485;494;491;497;500;506;475;475;473;465;454;482;488;488;486;472;474;471;472;485;479;488;490;477;473;477;482;484;485;491;488]
99724 - [412;429;370;357;403;409;401;379;475;483;473;479;498;501;494;463;483;489;454;430;502;504;510;475;492;494;484;481;506;509;508;477;485;485;495;486;504;505;502;476;474;473;479;453;483;485;482;484;469;472;475;459;480;484;486;485;479;470;475;479;485;485;484;495]
100689 - [421;432;383;356;416;411;401;383;476;482;474;472;490;499;498;450;486;493;463;438;504;508;504;477;489;496;483;478;504;512;511;481;483;481;485;486;499;505;502;476;473;474;465;458;482;490;487;483;476;472;475;465;483;481;487;492;480;477;480;478;482;485;492;499]
101653 - [434;432;371;370;414;422;398;389;475;481;469;474;490;497;497;452;486;491;457;424;498;505;507;477;490;494;485;477;504;511;508;481;488;485;492;489;504;500;503;482;472;474;473;449;487;484;490;492;472;476;466;464;481;482;487;490;478;481;479;480;483;487;488;499]
102617 - [425;422;356;354;418;417;398;377;477;477;479;475;490;499;493;455;485;490;453;417;502;506;508;474;487;491;488;473;505;510;510;478;485;489;490;490;495;500;505;478;472;480;466;448;484;488;483;484;473;471;471;462;484;490;491;491;478;484;478;481;480;486;491;495]
103581 - [423;439;371;355;413;417;405;376;478;478;482;465;489;503;493;462;483;491;453;429;498;507;504;478;487;494;489;474;509;517;509;478;487;486;493;490;497;504;504;481;467;474;465;454;486;487;490;484;470;473;469;462;484;489;484;489;476;472;478;480;483;485;490;496]
104545 - [426;441;370;359;402;407;397;389;481;478;479;463;487;501;489;456;484;495;455;426;504;503;504;479;486;492;479;473;508;511;508;493;486;480;488;490;501;502;503;474;472;476;467;448;484;487;484;486;473;475;472;466;480;487;486;492;475;473;477;478;482;486;492;491]
105609 - [426;435;370;376;419;409;405;371;479;483;470;472;495;499;492;454;485;492;457;433;501;506;510;467;491;493;484;467;504;511;504;485;486;483;487;490;501;496;503;477;473;471;465;456;486;491;488;486;473;472;476;459;480;487;485;490;486;483;472;473;486;484;490;499]
106573 - [430;439;362;356;415;413;404;385;477;482;476;472;494;496;494;455;487;495;462;439;503;500;507;480;486;495;486;477;505;507;506;477;483;490;488;498;498;504;503;476;475;472;463;455;485;487;489;491;468;478;470;462;481;484;487;492;480;482;477;478;482;488;490;493]
107537 - [422;443;374;348;420;414;399;378;475;480;475;457;494;498;499;458;487;491;456;432;504;503;505;475;488;497;494;476;509;518;507;485;485;484;488;489;501;503;503;478;472;473;469;448;485;489;487;482;477;477;475;465;485;487;481;491;486;475;476;485;482;488;490;491]
108501 - [421;441;370;368;418;416;401;387;475;481;475;476;489;497;491;460;487;492;463;429;504;506;506;471;487;495;489;493;501;508;505;489;482;487;492;491;500;503;503;480;475;472;469;448;480;490;490;490;473;477;468;463;485;487;487;487;476;479;480;480;484;484;493;496]
109465 - [429;426;358;351;420;419;405;388;480;473;478;474;495;494;492;464;487;491;457;439;502;506;510;480;486;494;491;479;506;509;510;487;482;493;494;493;501;497;502;476;470;470;470;456;482;486;490;490;473;473;475;463;480;481;485;487;481;481;473;478;486;486;490;486]
110429 - [424;433;379;346;419;412;408;380;472;481;485;470;494;496;491;459;482;489;454;429;501;507;509;480;489;495;487;480;508;511;508;479;485;487;492;493;500;500;504;473;475;467;461;452;489;484;485;483;474;478;472;466;478;485;485;487;483;476;479;479;475;488;494;495]
111393 - [424;430;373;352;414;416;407;389;472;487;477;470;493;499;496;463;485;489;470;431;505;506;510;480;496;496;494;479;503;514;509;480;488;486;495;489;502;503;502;477;474;475;469;454;485;484;491;486;477;472;473;461;479;488;484;485;479;479;476;473;484;481;491;491]
112357 - [420;431;377;348;413;416;414;377;474;479;474;475;489;500;498;465;485;490;461;439;498;508;512;473;488;490;491;478;504;507;505;483;484;489;480;500;503;500;505;481;470;477;468;453;485;484;487;490;475;476;471;463;481;484;486;490;482;479;483;487;485;480;491;484]
113321 - [436;436;360;350;423;412;404;385;477;482;479;486;492;497;498;457;484;486;454;445;504;504;506;478;490;495;483;469;505;514;504;488;485;487;489;496;501;501;503;474;469;475;462;455;483;482;484;482;476;473;469;466;482;482;488;488;483;478;479;480;479;483;489;482]
114285 - [428;430;363;350;407;410;404;390;477;481;478;464;487;495;492;458;485;490;465;430;502;508;510;475;487;493;492;490;504;511;507;487;490;489;493;496;499;499;506;480;472;472;468;456;479;488;483;488;465;476;469;462;486;484;488;489;481;476;480;482;483;483;486;493]
115249 - [429;439;376;360;406;416;402;388;480;484;476;468;489;499;499;461;485;490;457;427;502;504;508;479;488;495;482;486;508;514;509;482;482;488;484;484;500;500;504;476;467;475;467;451;489;492;488;484;470;476;474;467;480;481;489;489;472;473;484;481;480;487;489;495]
116213 - [421;435;377;371;408;412;405;384;481;485;471;456;496;492;494;452;486;485;459;423;504;505;506;477;491;496;485;474;507;510;509;481;480;484;488;491;502;511;500;478;470;467;469;448;485;488;484;484;475;472;472;464;480;484;481;488;485;479;474;480;481;481;490;490]
117177 - [424;433;367;358;419;409;406;388;476;482;485;468;496;496;497;454;478;490;454;443;504;507;504;478;490;497;486;474;505;511;513;483;488;488;494;499;496;502;503;478;475;476;461;455;486;486;492;484;475;470;470;460;479;487;481;489;477;478;478;472;478;484;487;487]
118141 - [428;441;372;342;409;422;402;391;474;483;477;464;495;497;493;458;484;488;458;428;508;504;507;478;487;495;488;475;508;516;508;482;483;487;494;492;503;504;500;476;469;475;462;453;483;491;490;484;471;470;472;463;483;482;485;486;477;480;471;477;483;483;489;494]
119105 - [421;422;377;358;401;412;407;391;480;476;472;469;493;496;497;456;483;489;465;427;499;504;510;479;491;493;486;490;505;509;502;484;484;483;484;488;506;502;502;474;470;475;467;452;479;485;485;485;473;475;468;462;485;486;486;488;477;476;476;479;480;482;490;494]
120069 - [428;427;362;356;413;415;409;386;474;480;481;464;490;491;495;456;484;490;461;429;500;504;508;481;488;491;500;487;508;515;511;482;487;490;492;487;501;503;503;478;472;479;472;458;478;488;489;484;470;471;469;462;482;487;487;490;478;475;474;484;480;481;489;492]
121133 - [423;432;371;345;414;410;416;381;477;482;477;483;493;495;490;458;483;491;462;438;506;505;509;484;492;493;485;478;509;515;510;479;482;485;489;490;497;497;501;473;477;478;466;450;482;484;490;484;473;480;471;463;477;486;485;487;481;476;480;483;481;485;496;494]
122097 - [427;431;376;346;409;422;407;384;478;482;484;475;488;497;497;455;487;491;456;429;503;510;508;479;489;490;486;478;509;510;508;479;482;490;491;495;502;500;503;478;469;480;466;453;485;486;491;484;477;473;471;463;488;485;490;491;484;481;480;484;480;485;487;487]
123061 - [427;428;370;358;400;415;399;382;472;483;474;475;493;494;494;456;489;489;457;430;503;503;506;473;486;493;496;471;505;504;504;477;483;485;495;500;501;504;507;484;472;472;469;464;485;487;491;490;467;474;472;462;477;484;484;485;479;481;481;474;486;490;489;489]
124025 - [419;439;371;356;413;416;400;379;478;483;465;473;497;503;498;460;485;492;456;433;503;505;506;477;492;496;490;476;507;504;507;481;484;484;496;495;495;504;502;477;466;475;469;451;484;485;488;482;475;476;474;466;473;482;487;490;483;473;475;481;480;492;490;487]
124989 - [421;432;377;357;411;417;406;386;471;484;474;462;494;495;498;457;488;488;455;429;500;504;505;480;490;490;490;470;504;508;508;485;486;484;489;485;501;504;501;479;474;468;468;455;485;487;487;490;472;469;472;460;478;481;486;489;481;480;473;480;482;486;487;501]
125953 - [418;438;358;353;414;416;399;392;477;483;472;466;493;496;492;455;482;492;465;439;497;506;508;479;487;492;489;486;506;510;512;486;490;483;488;487;500;507;500;470;474;474;462;452;486;488;483;487;472;472;470;470;482;484;485;494;479;480;480;480;479;488;488;495]
126917 - [430;435;371;353;417;409;399;375;482;480;471;459;485;494;489;448;487;489;464;431;503;507;510;480;487;496;486;480;508;512;509;483;485;485;490;496;498;506;502;478;475;473;462;454;483;492;483;488;471;473;473;460;485;483;487;489;480;478;479;479;486;490;492;500]
127881 - [423;437;360;358;415;415;407;387;476;481;470;464;491;498;493;452;482;487;450;431;497;505;509;479;490;493;490;485;508;510;511;487;490;486;490;493;501;503;504;476;473;478;466;459;483;487;490;484;473;476;473;462;479;481;486;491;482;482;475;476;479;488;484;495]
128845 - [434;428;372;354;414;417;412;388;480;486;478;469;495;495;493;462;489;490;457;423;503;504;507;478;490;495;483;477;507;511;506;485;484;487;496;485;506;501;506;476;471;469;467;450;484;487;484;486;472;472;473;458;482;491;489;493;480;470;473;479;478;491;483;486]
129809 - [426;427;373;361;409;418;409;381;477;483;478;465;489;493;493;459;487;489;464;425;499;505;505;478;492;492;487;465;511;508;507;484;485;484;485;489;501;505;503;477;478;475;473;457;483;487;488;487;473;470;474;460;485;481;487;489;472;478;477;480;486;483;491;506]
130773 - [425;416;376;354;413;417;399;374;472;478;474;468;489;497;495;458;484;490;457;410;506;503;506;478;492;497;493;482;505;514;507;489;484;490;491;484;498;499;502;485;471;475;469;462;482;486;487;484;477;474;473;465;480;482;487;488;476;476;476;481;480;487;491;489]
131737 - [426;437;367;357;412;427;399;376;476;480;480;473;486;497;491;457;483;494;460;424;502;504;505;481;492;497;488;472;503;515;511;487;486;489;494;495;499;505;506;476;475;471;466;460;483;484;489;486;471;472;473;463;481;486;484;486;484;479;478;483;479;490;489;490]
132701 - [431;429;370;356;413;425;400;372;473;481;476;466;492;500;496;458;486;492;459;424;503;504;506;477;492;495;490;487;511;513;510;486;487;488;495;487;499;500;505;481;468;472;468;465;481;484;490;488;472;478;470;465;479;485;486;491;477;479;472;478;478;485;494;489]
133665 - [430;432;375;355;423;406;407;385;473;480;475;476;493;498;496;456;485;488;459;418;501;507;508;479;491;495;494;467;509;508;508;481;487;485;496;498;500;503;505;477;475;478;458;452;484;488;486;488;472;470;472;461;483;483;486;486;477;484;480;481;481;481;489;498]
134629 - [426;428;375;364;416;409;403;381;474;480;478;478;490;498;494;455;484;489;458;439;504;509;507;476;490;498;487;478;509;513;506;484;486;481;488;496;499;501;504;480;473;473;473;450;483;485;487;485;474;473;476;465;480;486;489;491;478;473;477;478;479;487;495;497]
135593 - [434;428;374;359;401;414;399;381;472;484;478;463;499;493;492;453;488;486;460;419;501;506;507;483;490;491;485;475;506;508;507;485;486;484;492;499;502;502;501;473;471;475;461;452;484;490;490;486;474;474;476;466;484;482;489;485;480;473;477;482;482;485;490;490]
136657 - [430;439;380;347;421;414;407;387;471;480;484;465;492;501;493;456;485;492;468;423;501;505;507;481;487;493;492;468;507;510;509;484;483;487;482;487;498;502;503;476;470;475;472;454;485;485;489;492;469;473;469;460;481;481;487;491;483;478;478;482;484;481;490;492]
137621 - [416;432;370;353;411;419;407;369;481;482;468;482;495;496;499;453;485;489;463;430;502;503;507;481;488;491;486;482;507;511;510;479;484;491;492;493;499;504;502;475;470;478;470;454;483;485;487;490;470;476;477;460;483;479;486;486;486;478;475;481;480;480;486;490]
138585 - [423;426;366;360;407;413;406;391;478;479;461;454;491;497;498;462;485;490;463;433;499;502;508;474;488;500;484;483;504;508;502;479;485;485;494;502;502;500;502;474;472;470;466;455;481;491;486;486;473;471;473;457;480;485;484;489;485;477;478;479;483;481;492;492]
139549 - [429;432;355;359;415;408;407;389;476;484;468;467;494;490;494;462;484;490;462;439;501;505;503;474;491;495;484;481;509;513;504;490;488;490;491;496;497;501;504;481;472;472;467;449;482;489;488;484;473;472;471;463;482;482;488;492;482;473;477;470;478;484;487;491]
140513 - [432;433;361;350;406;413;403;387;479;483;475;463;492;496;495;458;490;492;450;433;500;505;506;477;489;495;487;472;504;512;510;486;484;489;496;487;500;499;504;479;476;477;465;458;482;485;485;484;473;474;470;464;480;481;489;495;483;473;475;477;477;483;494;490]
141477 - [422;441;371;349;400;416;412;372;476;480;474;469;494;498;497;454;485;491;461;440;503;508;509;478;490;494;486;470;512;511;511;486;483;487;497;500;498;496;505;476;472;475;466;454;484;487;488;488;473;477;473;463;481;483;486;495;484;478;478;484;480;484;497;498]
142441 - [418;433;356;352;416;413;398;385;476;483;470;471;491;500;495;452;486;487;459;418;501;503;506;475;489;495;488;487;511;511;510;489;484;485;492;492;501;504;504;473;472;477;471;461;481;486;489;486;471;469;470;464;484;486;485;498;482;475;477;483;483;486;489;495]
143405 - [428;439;363;356;415;409;403;391;476;481;482;474;489;501;497;453;484;490;459;424;501;508;506;476;492;490;500;484;510;514;510;487;483;488;490;487;499;503;501;479;472;475;469;457;485;487;485;484;474;471;479;464;487;484;485;487;479;477;476;482;483;484;486;488]
144369 - [422;434;358;341;419;419;402;387;478;481;480;469;494;498;494;451;486;489;452;422;503;505;508;480;490;500;481;472;506;513;507;483;486;493;486;496;499;503;504;476;472;475;466;457;481;491;487;484;475;474;466;465;480;483;487;492;485;476;473;482;480;487;495;491]
145333 - [424;433;360;358;418;407;404;394;473;477;481;467;490;497;496;460;485;493;457;424;503;507;507;474;490;493;481;484;504;511;508;481;487;490;493;492;497;499;500;481;477;475;466;452;488;487;485;486;472;476;470;470;482;482;487;482;488;477;476;480;482;487;484;490]
146297 - [430;438;374;344;416;422;404;380;477;477;472;488;496;499;491;455;483;488;462;428;507;502;503;483;490;493;488;485;504;508;505;481;487;491;496;505;500;505;506;476;472;474;462;462;482;489;488;486;477;473;472;466;480;481;486;492;478;478;480;482;486;483;490;485]
147261 - [425;432;361;348;409;415;395;393;476;483;476;472;485;497;497;457;483;487;461;439;505;504;510;475;491;492;486;472;508;510;505;487;487;488;489;497;501;497;502;479;473;477;467;459;483;485;486;492;472;475;467;463;482;486;491;490;482;482;479;481;478;482;490;495]
148225 - [419;431;367;355;418;402;407;387;473;481;480;469;490;496;491;455;485;493;458;422;502;501;504;475;491;491;483;486;507;506;508;488;485;485;495;502;499;500;502;476;472;475;469;461;483;490;492;484;474;476;469;459;485;486;486;486;475;475;476;483;484;482;492;491]
149189 - [420;432;375;364;416;412;408;384;477;483;477;473;493;498;493;456;485;494;458;452;502;508;508;476;489;497;495;483;507;514;504;485;480;486;494;497;502;507;503;470;473;473;467;453;483;487;486;484;473;472;473;462;479;486;483;493;480;481;476;478;482;488;492;489]
150153 - [429;432;365;340;411;408;400;383;478;481;480;461;491;498;494;457;482;490;462;421;504;507;506;479;491;496;486;487;507;512;512;488;484;479;487;495;498;498;506;485;474;475;468;451;485;486;489;484;471;475;468;467;480;486;486;498;479;476;475;483;481;486;486;497]
151117 - [427;427;371;355;415;407;398;374;476;483;473;468;494;498;494;458;484;493;461;428;501;508;508;478;489;496;489;487;508;511;508;483;487;483;490;487;498;502;504;483;475;474;466;456;483;486;488;484;473;475;473;461;482;485;487;492;483;475;480;483;482;481;485;492]
152181 - [425;419;361;356;418;414;402;382;479;483;475;473;487;499;491;454;486;494;457;429;505;503;505;483;492;495;492;477;507;512;507;479;484;488;499;491;500;502;502;477;474;475;466;459;482;486;483;485;472;469;476;463;482;483;484;491;480;475;472;480;487;489;490;503]
153145 - [419;428;374;351;406;413;404;385;475;483;475;458;489;500;494;455;483;494;453;431;502;508;506;480;488;492;491;483;505;510;504;479;487;487;486;484;498;501;502;472;470;477;466;453;480;485;487;484;475;473;472;467;481;483;489;488;477;475;479;475;477;489;494;490]
154109 - [421;440;357;343;409;418;403;390;475;483;479;462;492;499;495;455;483;492;458;434;502;505;510;484;489;496;491;479;515;512;510;487;481;491;489;497;499;500;505;471;469;470;469;457;487;491;487;487;472;471;472;456;483;482;489;488;482;471;474;479;482;483;487;492]
155073 - [417;431;368;350;416;395;403;382;475;478;481;457;494;501;492;458;487;487;460;423;503;504;509;483;488;495;488;480;511;505;508;484;486;489;490;493;503;503;504;473;475;475;470;452;479;491;487;487;475;475;470;461;485;484;490;488;484;475;479;482;479;486;493;487]
156037 - [432;431;388;361;415;412;405;383;477;481;470;477;494;493;489;462;485;492;461;420;502;507;507;474;489;493;495;479;503;505;508;493;483;490;483;496;498;503;506;476;474;472;471;453;483;485;488;485;469;473;474;463;478;484;483;493;490;474;474;482;482;487;488;498]
157001 - [432;436;378;361;411;420;404;380;475;479;475;475;486;496;494;455;483;491;460;437;500;504;512;479;489;496;485;481;506;512;508;484;489;484;495;495;499;502;500;481;474;475;471;454;485;487;488;484;472;476;469;463;484;483;487;489;482;474;481;480;482;482;489;496]
157965 - [426;419;358;357;405;417;411;375;473;483;466;478;491;501;493;454;483;486;465;441;501;506;504;482;488;492;486;484;509;513;511;490;485;488;499;484;503;504;506;477;468;477;474;452;490;487;487;483;470;471;473;460;481;488;485;489;478;480;481;476;481;483;492;495]
158929 - [425;435;382;358;414;409;400;388;476;482;481;461;487;497;492;455;490;492;456;436;504;509;509;478;489;492;481;471;508;508;504;480;480;490;494;495;504;504;504;478;472;473;469;446;486;488;485;488;477;473;473;471;481;481;487;488;473;483;481;476;487;484;491;482]
159893 - [412;420;371;349;418;413;398;377;480;480;479;464;490;501;493;458;492;491;464;420;502;503;503;473;492;492;491;490;505;508;511;477;484;489;492;491;495;505;506;471;476;470;466;452;484;488;481;488;473;471;474;467;484;485;488;489;479;479;483;481;483;479;490;498]
160857 - [423;426;369;349;395;415;407;376;476;477;483;474;489;497;494;459;488;493;457;422;503;502;511;483;489;489;489;482;508;509;507;486;486;487;491;498;497;504;501;481;478;474;467;460;484;492;488;485;471;474;467;463;480;480;485;495;483;482;479;473;480;486;485;497]
161821 - [422;433;370;360;421;412;407;386;475;482;476;483;501;499;494;458;487;490;459;427;500;509;505;481;485;496;475;467;505;511;513;488;485;486;493;494;500;507;501;479;472;472;473;452;477;485;489;485;474;472;472;466;485;487;483;490;486;478;478;479;483;491;485;492]
162785 - [425;433;379;366;412;413;407;389;472;478;477;464;492;496;497;462;485;493;459;440;501;506;504;482;491;493;488;489;503;508;508;476;481;486;496;489;501;498;503;474;474;475;465;454;482;486;483;485;478;473;468;465;482;483;484;494;481;478;474;477;487;488;492;494]
163749 - [441;432;375;351;417;415;393;394;480;481;472;468;487;496;493;461;485;492;443;445;504;505;507;478;489;490;483;480;503;511;501;489;484;486;491;500;501;501;503;481;475;475;465;448;481;487;485;486;475;471;468;462;480;484;485;487;484;477;478;482;482;487;493;498]
164713 - [425;436;371;348;419;414;403;383;478;484;475;470;490;494;493;456;484;491;457;431;502;503;509;479;488;497;489;474;511;509;507;485;483;487;492;489;502;502;502;475;472;477;469;455;482;489;483;484;473;471;471;464;486;481;488;490;476;477;478;477;479;488;495;489]
165677 - [431;420;368;371;421;412;411;383;475;480;481;464;496;494;497;456;490;491;457;420;507;504;509;481;490;497;485;486;502;511;513;486;486;489;488;487;502;500;503;475;468;479;469;453;486;489;486;483;471;475;475;463;483;485;487;492;476;478;475;475;483;484;485;504]
166641 - [418;436;369;348;413;406;405;384;481;477;476;469;495;496;495;457;488;489;456;439;503;506;507;472;491;494;486;485;513;509;511;486;489;490;494;491;494;506;503;479;471;475;467;454;487;485;485;485;472;476;475;467;481;481;483;493;473;480;474;481;482;487;488;497]
167705 - [413;437;374;356;418;421;395;391;478;482;475;475;492;494;493;448;484;487;457;428;501;508;506;478;488;492;491;484;507;512;509;476;484;488;489;489;496;501;501;473;470;477;464;456;487;489;489;488;473;474;476;460;491;485;484;490;484;477;478;479;480;487;488;487]
168669 - [422;418;359;355;409;416;409;393;477;482;470;469;490;499;496;454;488;487;468;427;507;503;506;477;489;495;494;470;509;511;508;486;486;487;501;490;502;498;502;470;476;475;469;454;490;484;490;484;475;475;470;467;481;489;482;488;476;477;470;477;486;483;491;492]
169633 - [421;437;378;354;422;411;399;388;475;487;475;469;492;496;492;460;486;488;460;417;502;507;505;479;492;497;491;472;509;511;508;488;479;488;487;485;499;501;506;481;478;477;470;461;482;485;485;482;472;475;475;462;480;484;487;485;482;483;476;477;480;488;487;492]
170597 - [433;437;359;353;411;417;397;382;471;473;470;463;491;495;498;461;485;489;462;423;500;505;507;478;489;494;494;469;507;510;508;480;487;490;493;493;497;503;501;479;472;476;468;452;482;490;484;488;470;478;469;466;483;482;487;494;485;473;477;481;479;482;495;490]
171561 - [434;443;375;344;412;413;394;383;478;482;472;470;491;500;500;455;485;489;471;423;498;511;506;478;486;490;485;492;505;511;507;488;485;486;494;483;499;505;508;480;475;473;468;463;490;488;487;488;474;472;470;460;483;488;487;486;485;475;474;482;484;489;495;490]
172525 - [433;434;372;342;412;412;405;374;473;482;474;474;491;496;492;457;486;490;459;421;500;504;502;479;493;493;486;473;507;514;507;481;485;486;490;491;497;502;506;476;471;470;470;452;482;489;490;487;465;473;476;462;481;484;484;490;486;478;472;482;484;486;492;499]
173489 - [428;424;375;364;412;414;408;386;475;482;474;464;491;500;495;456;484;489;459;440;500;504;507;480;488;496;487;478;505;511;508;483;486;488;493;483;502;503;502;475;470;477;465;458;486;486;490;488;477;475;469;467;481;480;488;496;483;478;478;480;483;482;489;489]
174453 - [410;430;372;353;407;415;406;385;475;480;485;466;492;497;497;455;488;488;464;421;503;505;506;477;489;493;490;479;508;510;509;489;487;490;491;486;501;504;502;475;471;475;471;457;483;486;485;486;471;474;473;466;482;483;487;492;480;478;477;480;481;486;489;494]
175417 - [421;432;361;352;416;423;399;389;479;480;467;470;494;495;491;456;483;491;450;429;503;503;510;476;489;496;477;470;500;505;510;487;488;489;501;497;496;502;502;473;467;475;477;452;479;484;487;485;476;471;477;463;483;485;483;488;483;479;477;480;483;485;497;492]
176381 - [426;437;359;349;410;405;404;384;474;483;477;481;490;499;494;461;487;488;450;424;501;503;509;483;491;492;490;469;506;511;513;486;485;489;502;490;503;502;503;476;469;472;467;460;480;487;490;484;475;469;473;467;479;485;488;493;478;480;478;480;484;486;486;496]
177345 - [427;428;372;347;413;418;408;385;477;482;479;467;489;494;494;456;482;487;461;429;504;505;506;483;490;496;490;484;508;511;505;485;484;480;491;481;498;503;506;474;474;478;461;464;483;487;486;488;471;469;473;461;480;479;486;483;485;474;476;481;483;483;491;492]
178309 - [416;444;373;349;411;410;399;375;472;481;480;471;489;497;494;459;485;493;465;437;497;505;511;481;490;495;490;470;507;504;508;483;486;490;485;500;499;504;502;476;470;470;464;460;486;488;484;485;471;473;471;464;485;482;481;487;479;480;476;479;480;484;489;495]
179273 - [411;434;375;357;411;413;403;384;478;484;475;474;493;495;499;456;486;487;456;435;504;508;506;480;491;495;490;477;502;510;513;482;484;486;495;497;498;499;501;479;474;475;472;452;487;488;489;488;480;471;470;465;485;481;486;487;479;474;482;478;476;484;486;490]
180237 - [428;421;370;365;420;418;408;384;468;480;472;479;492;499;489;457;488;489;467;430;499;506;505;476;489;492;488;472;507;509;512;481;487;489;489;486;501;499;503;482;469;475;473;442;480;485;485;492;474;474;471;461;479;484;485;493;474;475;480;480;483;484;485;492]
181201 - [423;429;371;360;404;407;406;399;474;481;477;464;493;495;487;464;484;491;464;431;506;510;504;476;490;491;496;475;503;514;511;485;480;490;494;487;504;500;503;474;475;474;464;451;486;484;487;488;472;474;474;464;488;482;487;488;479;479;478;474;484;491;493;492]
182165 - [415;435;381;375;412;414;409;390;472;482;473;456;491;498;496;457;484;489;457;438;501;503;504;477;489;496;485;484;502;510;506;486;486;487;497;493;500;503;503;473;474;473;462;457;480;489;487;482;471;470;467;465;482;486;483;489;476;477;478;475;479;488;485;497]
183229 - [429;428;377;360;400;410;405;374;474;481;482;475;492;493;493;466;486;493;455;429;500;503;505;476;489;492;489;488;510;510;507;482;487;487;494;496;496;507;507;479;476;475;466;451;485;484;484;482;475;469;468;461;486;486;484;489;484;477;481;479;479;487;488;499]
184193 - [422;429;373;349;414;409;404;389;480;487;483;464;493;496;495;455;480;489;463;432;497;504;507;484;490;496;488;480;508;509;508;477;482;494;490;489;498;500;505;477;472;478;463;453;483;484;485;484;475;471;471;460;486;488;487;492;482;481;480;476;477;483;485;495]
185157 - [425;433;375;340;414;420;388;393;482;480;480;464;485;498;492;456;486;490;458;428;502;503;507;476;487;492;493;481;502;507;510;480;484;489;492;491;507;504;501;480;476;472;461;447;482;489;486;485;477;474;472;470;481;480;490;487;484;479;478;483;482;482;491;487]
186121 - [422;423;360;351;409;412;406;392;477;486;474;472;484;497;499;458;487;491;454;439;502;507;506;480;488;493;482;490;505;513;510;481;487;490;497;492;499;503;503;476;474;472;467;452;480;489;488;484;472;475;470;465;484;483;486;493;488;477;478;480;484;485;488;495]
187085 - [420;431;370;349;407;419;409;384;480;478;471;468;486;497;492;455;485;489;460;439;506;503;506;481;494;496;493;478;508;509;512;486;480;484;494;489;498;502;506;471;479;474;468;450;484;485;487;488;476;477;472;461;483;484;483;500;488;478;475;483;480;487;496;498]
188049 - [426;433;362;348;411;427;400;385;477;483;473;469;492;503;498;453;486;491;459;437;506;502;506;476;491;496;496;476;504;514;503;488;484;490;495;498;503;504;500;475;470;476;470;457;482;484;487;487;475;470;467;468;480;486;487;491;487;478;476;480;481;486;494;501]
189013 - [423;428;371;360;417;416;399;384;474;481;476;479;492;493;493;457;487;490;458;425;498;503;507;474;495;494;486;478;503;513;506;480;489;486;495;490;502;504;504;473;475;473;469;451;485;488;490;485;475;471;473;463;488;484;486;494;483;472;475;485;485;481;490;489]
189977 - [433;434;374;359;418;419;413;384;474;485;476;470;496;500;497;457;486;490;458;429;504;509;509;476;489;487;491;480;509;511;510;478;486;488;488;484;497;503;506;476;471;475;464;448;481;486;490;485;472;475;471;461;482;481;481;496;486;479;481;480;483;484;485;489]
190941 - [430;429;376;347;416;416;394;379;475;476;472;475;493;500;495;454;480;484;458;421;502;508;504;485;487;493;485;488;510;507;509;486;488;486;487;483;496;502;501;484;470;474;468;451;484;484;485;488;469;474;473;464;485;482;488;498;469;476;470;481;477;482;491;490]
191905 - [424;424;371;349;413;413;408;389;474;480;475;471;487;500;493;456;486;489;454;446;494;502;507;479;492;493;485;483;507;509;515;479;483;486;496;494;498;502;504;474;474;475;473;451;481;490;487;482;475;478;471;460;479;487;486;482;487;479;478;480;486;489;496;502]
192869 - [420;431;379;358;419;408;401;389;474;481;471;451;493;498;494;453;484;489;452;429;503;503;502;482;489;496;492;484;510;504;506;479;482;489;494;492;496;503;506;474;473;473;468;454;486;490;488;483;474;473;471;460;479;484;484;493;477;481;477;474;482;486;491;490]
193833 - [430;435;375;359;413;414;402;388;477;479;489;467;489;496;496;453;489;491;461;443;504;506;510;477;489;492;492;474;506;511;511;476;481;485;494;497;500;506;503;482;471;476;470;461;484;487;488;485;474;475;467;464;486;487;486;492;484;479;482;478;480;483;484;495]
194797 - [432;428;381;359;424;416;400;382;472;481;477;474;491;497;494;454;484;491;464;437;501;505;508;479;489;490;489;476;506;512;504;477;490;488;493;491;495;503;500;480;473;474;466;455;483;491;483;487;476;478;468;458;485;485;488;490;477;481;478;479;482;487;495;496]
195761 - [426;434;371;373;414;423;404;386;474;479;476;472;491;495;493;459;489;490;457;424;501;504;504;480;484;494;485;481;509;507;504;485;484;493;492;490;503;507;505;473;473;469;472;451;483;489;485;490;474;472;475;461;480;484;486;487;477;475;476;474;481;488;490;490]
196725 - [416;432;363;360;420;419;403;389;482;479;473;470;491;494;494;456;486;489;468;423;498;503;506;476;490;491;484;475;511;514;512;480;485;490;483;494;499;498;504;472;470;474;459;453;478;486;484;486;473;477;472;466;480;481;489;491;482;483;478;476;476;481;488;489]
197689 - [426;437;368;352;418;423;398;372;477;483;479;474;491;496;497;454;485;492;459;422;507;509;505;479;492;490;489;466;504;508;509;482;488;486;490;494;498;500;506;478;474;477;469;458;484;486;489;486;474;474;475;466;481;482;487;484;479;483;478;479;480;483;493;491]
198753 - [428;433;370;352;423;412;405;390;473;486;479;472;488;499;497;458;490;491;459;438;506;506;510;482;483;493;484;479;510;512;512;484;488;484;493;494;500;499;505;475;473;469;463;460;481;484;483;490;472;473;470;459;485;481;487;489;481;474;481;480;476;481;494;494]
199717 - [422;433;379;345;412;417;404;388;481;480;470;465;493;499;491;451;487;486;452;444;504;508;507;475;487;498;489;488;506;507;506;488;482;484;491;491;498;505;504;476;473;479;472;459;479;488;482;481;475;469;473;462;480;483;486;485;485;477;472;476;482;481;489;493]
200681 - [424;432;377;352;422;412;408;389;482;481;478;472;493;497;490;462;480;491;453;428;502;505;505;481;487;496;491;471;512;510;508;485;488;492;489;491;498;500;505;475;469;470;471;457;483;488;489;483;475;471;471;462;482;487;486;494;483;482;478;480;480;491;487;495]
201645 - [426;441;362;370;419;412;406;395;475;482;473;472;484;499;493;461;487;495;457;422;502;503;508;481;492;495;492;487;510;513;513;481;487;490;491;501;497;497;507;478;474;478;466;456;484;492;485;484;471;475;475;459;481;487;487;492;486;482;479;481;484;484;492;495]
202609 - [422;432;380;355;418;415;397;388;471;483;479;476;491;497;497;457;489;485;458;424;500;505;509;483;489;494;485;475;507;505;506;483;484;487;483;496;500;499;502;475;473;475;465;451;482;485;484;491;474;477;466;455;481;482;486;488;488;475;477;480;481;484;487;486]
203573 - [427;418;378;353;409;414;392;380;479;480;469;468;494;501;490;463;485;491;462;440;501;503;507;478;489;493;487;464;507;509;513;484;487;485;488;493;502;502;505;473;472;477;465;459;487;484;487;486;476;469;475;462;483;482;483;491;480;477;476;478;481;480;487;493]
204537 - [423;433;354;356;414;411;397;383;475;481;478;474;494;496;494;462;487;490;460;433;506;505;509;483;487;487;495;470;506;505;511;486;485;485;485;489;500;503;500;477;471;471;466;455;485;488;488;490;472;477;473;466;481;480;485;485;480;476;480;479;485;486;493;493]
205501 - [430;439;378;355;421;414;398;397;476;479;479;476;496;496;498;459;487;493;460;417;500;501;504;480;483;492;483;472;507;511;509;477;485;488;489;491;500;503;505;475;468;474;469;456;479;487;487;487;476;473;472;464;484;480;490;492;478;484;479;481;483;493;492;499]
206465 - [432;421;368;350;420;420;409;391;479;479;477;470;492;498;495;460;490;491;462;420;508;506;506;482;490;492;489;476;506;511;507;485;483;483;489;486;498;500;501;476;471;475;467;456;484;484;489;487;477;476;474;462;482;484;480;485;484;483;479;477;483;483;494;490]
207429 - [421;432;361;358;418;414;407;394;479;480;478;474;496;500;493;455;485;488;465;419;498;504;507;478;490;501;503;480;506;511;511;487;481;486;488;494;503;501;505;476;471;473;463;457;485;489;486;492;475;474;471;465;483;487;488;493;486;475;477;474;482;483;493;487]
208393 - [430;430;366;366;408;417;407;392;474;479;473;466;490;498;491;464;484;490;467;422;504;512;507;481;490;490;487;479;503;508;509;486;482;487;492;498;501;503;506;482;471;474;467;451;484;488;488;485;471;475;472;468;483;478;486;484;483;475;477;479;482;488;494;495]
209357 - [425;426;373;359;406;419;405;383;477;478;477;459;493;501;495;456;484;491;472;425;501;506;505;483;489;492;490;476;511;513;504;488;484;490;494;491;505;504;502;472;472;477;467;460;483;490;488;485;473;478;473;460;486;480;486;489;485;477;479;479;482;487;492;484]
210321 - [418;421;373;350;407;417;405;384;477;483;482;472;493;497;493;453;490;489;458;441;503;505;506;479;490;492;488;478;503;511;506;483;487;481;493;486;504;506;501;473;478;478;466;460;486;489;485;481;472;473;470;465;488;483;487;485;482;480;477;482;479;487;494;492]
211285 - [420;425;358;344;415;416;408;383;479;481;477;464;487;493;499;455;486;488;468;439;503;502;506;476;489;495;486;483;505;514;509;484;480;486;485;497;500;504;503;472;478;477;466;456;479;487;486;482;474;475;475;461;481;481;486;488;475;477;477;483;480;489;488;498]
212249 - [436;434;377;353;419;417;399;393;476;485;478;465;493;495;495;464;484;487;465;425;504;504;510;476;488;495;482;485;505;507;507;483;487;485;484;490;504;504;501;469;471;473;469;458;483;486;488;485;475;476;469;463;475;482;486;493;476;483;479;485;480;484;492;489]
213213 - [424;426;376;350;405;410;391;383;475;476;471;460;492;498;496;458;488;488;465;444;501;506;505;477;490;495;480;485;506;517;508;483;485;489;495;493;498;502;503;473;475;472;467;445;484;485;489;483;472;475;468;463;486;481;484;492;475;477;475;479;478;488;488;492]
214277 - [425;429;376;355;413;419;399;383;479;485;475;480;492;491;492;459;489;488;463;427;504;503;502;481;493;486;483;474;504;515;511;482;487;484;489;487;499;507;505;473;473;475;465;456;482;485;490;493;478;470;474;462;480;484;487;489;487;472;476;480;477;483;490;494]
215241 - [422;431;372;359;424;416;406;385;481;484;476;462;485;497;494;457;489;494;453;421;503;507;503;481;490;497;487;476;504;508;512;481;485;490;491;495;501;504;503;475;474;474;468;452;482;487;487;487;475;473;472;459;482;486;487;485;480;476;474;481;477;487;490;487]
216205 - [428;434;359;363;423;412;409;387;475;480;472;469;491;495;494;465;487;492;454;430;505;505;505;478;489;496;487;489;503;510;512;483;483;486;497;495;500;508;504;476;470;473;468;459;483;484;487;489;480;472;473;458;479;486;485;492;480;484;472;482;477;482;488;500]
217169 - [424;438;372;365;416;411;412;390;476;480;479;473;489;502;488;460;483;490;464;426;507;504;508;479;488;499;491;489;507;505;509;475;485;487;497;498;493;504;499;476;472;475;468;458;482;486;485;486;474;476;473;464;480;482;485;493;481;473;478;480;480;487;492;493]
218133 - [418;428;371;356;416;414;394;374;479;479;476;480;497;494;492;458;485;494;449;447;506;502;505;481;490;493;495;487;510;513;506;486;485;489;489;498;498;504;505;478;469;476;472;459;484;487;488;490;471;472;475;464;483;485;487;492;481;478;474;477;483;490;492;495]
219097 - [432;442;376;356;400;415;399;395;475;482;471;470;495;501;493;456;486;489;458;423;502;505;508;479;490;493;483;473;509;505;509;479;487;486;487;495;499;502;503;481;473;474;462;457;487;488;486;485;472;472;468;464;485;478;491;495;474;478;474;479;480;483;487;492]
220061 - [419;434;373;370;397;406;405;377;481;485;475;469;486;495;496;456;487;490;463;426;503;508;502;486;490;496;482;478;508;511;511;483;487;485;491;499;501;505;504;478;474;480;469;463;488;491;487;484;480;473;475;463;483;484;483;489;477;473;477;480;486;484;488;494]
221025 - [427;431;380;358;418;411;405;385;472;482;475;467;491;501;497;455;492;493;462;423;505;506;512;476;487;495;490;479;508;506;509;481;483;487;495;495;501;503;505;480;476;479;468;461;485;489;486;488;475;473;469;458;480;484;480;488;484;473;479;481;479;481;488;489]
221989 - [420;422;374;347;409;411;398;386;474;483;475;466;493;497;497;456;487;490;468;443;502;506;506;476;491;497;488;491;509;514;507;485;485;489;498;488;495;501;504;475;473;475;469;465;484;485;489;485;474;474;468;465;488;485;489;491;471;478;477;477;485;489;491;491]
222953 - [426;427;351;370;407;414;408;375;475;480;473;477;494;493;494;453;485;491;461;428;502;505;507;479;487;490;483;470;505;511;507;490;481;486;492;495;498;501;506;482;469;473;474;456;481;487;484;488;471;477;472;463;483;483;487;484;484;476;480;476;485;485;492;493]
223917 - [424;438;380;349;411;423;412;380;472;482;471;456;491;499;498;463;483;486;463;424;503;503;505;476;492;497;489;473;510;511;510;478;485;490;489;498;503;500;505;475;470;475;472;446;479;486;489;489;476;475;468;466;481;487;488;489;477;481;476;480;475;484;497;504]
224881 - [421;436;368;357;412;412;404;373;479;483;479;472;490;496;495;457;486;491;457;422;500;501;505;477;489;498;490;474;508;513;509;478;488;486;496;491;498;502;504;474;475;476;464;452;486;486;489;484;470;473;467;462;486;479;484;489;474;473;479;484;481;486;489;493]
225845 - [428;429;371;351;416;408;402;381;479;482;481;463;491;502;487;462;486;494;461;441;505;503;510;481;487;497;487;476;503;510;513;486;485;490;496;486;497;504;503;480;474;472;465;457;485;487;483;485;472;473;473;462;484;487;487;488;485;476;478;478;476;487;492;494]
226809 - [431;433;374;352;401;409;407;381;479;479;480;480;494;498;496;459;485;488;462;448;500;504;509;475;490;494;482;477;503;513;511;486;487;488;494;486;501;504;502;474;474;483;461;459;481;487;484;484;472;475;476;467;485;481;485;493;476;473;474;480;484;485;489;490]
227773 - [432;438;374;353;414;410;396;379;479;483;467;467;497;493;495;460;486;492;454;442;503;509;506;479;486;490;482;476;508;512;503;485;483;489;489;492;500;503;502;476;472;475;463;457;484;489;486;484;469;473;474;458;485;484;488;490;480;477;475;477;480;485;490;493]
228737 - [428;427;356;367;410;425;401;383;479;485;469;462;490;499;496;462;487;487;465;426;506;508;507;475;485;492;481;481;510;512;511;483;485;491;492;498;500;499;502;473;473;471;469;453;485;490;490;482;473;467;471;467;483;484;483;488;487;477;475;477;481;484;489;489]
229801 - [419;442;364;353;413;400;406;389;473;479;479;467;491;499;497;460;482;494;454;437;501;505;507;481;487;497;493;471;507;510;513;487;487;489;490;499;500;503;502;481;473;474;468;470;479;483;488;487;475;473;476;462;478;486;484;492;480;475;480;482;486;484;488;491]
230765 - [430;432;375;360;415;413;398;388;476;480;478;463;491;497;498;458;483;489;463;419;502;505;508;480;489;495;485;481;504;513;508;481;483;483;491;490;503;506;501;476;470;476;463;457;486;490;482;487;475;475;472;462;483;483;489;492;480;479;469;481;480;482;488;493]
231729 - [419;433;369;346;412;413;405;390;476;485;475;467;490;499;493;460;487;489;457;436;508;505;507;473;485;494;487;479;509;513;506;482;482;486;499;491;499;504;502;483;472;471;465;457;483;486;489;480;474;476;467;465;482;484;484;487;479;474;480;480;480;484;487;499]
232693 - [426;432;376;359;401;417;401;383;480;481;467;467;488;499;492;460;484;488;457;437;499;508;507;480;487;496;481;475;512;513;506;489;483;487;490;486;506;502;506;482;473;476;464;462;483;487;486;487;476;469;471;469;480;483;487;486;480;477;475;480;483;484;492;490]
233657 - [421;423;381;355;419;406;403;389;474;482;480;470;494;496;490;462;488;489;467;430;501;503;511;480;490;496;484;484;506;508;510;486;484;494;488;494;496;499;500;473;472;470;464;451;482;488;489;485;471;472;476;464;482;483;485;497;482;479;476;480;479;483;492;501]
234621 - [420;430;373;354;414;414;399;380;478;483;477;474;490;500;497;459;486;492;460;422;502;507;508;477;489;495;489;478;509;508;510;487;484;489;492;492;501;504;504;473;470;480;467;451;486;485;489;488;475;478;471;471;484;487;484;489;484;478;479;474;484;486;490;488]
235585 - [419;433;370;348;418;416;409;386;475;483;470;455;493;500;498;457;490;487;451;424;502;506;506;476;494;494;488;463;504;514;510;488;487;490;499;496;504;504;503;476;474;477;464;461;480;486;491;483;476;476;470;464;481;487;485;488;480;474;473;473;483;486;489;489]
236549 - [422;433;373;366;413;406;407;380;478;477;478;450;493;500;496;459;480;490;452;429;501;507;505;480;489;490;491;472;507;512;508;486;480;488;490;487;499;500;504;475;472;472;466;457;482;487;483;485;468;474;475;464;481;487;487;494;479;482;480;477;481;485;492;482]
237513 - [424;423;362;369;417;419;406;389;473;481;477;474;495;498;493;465;485;485;469;429;502;505;508;478;487;497;487;469;508;509;510;485;486;486;488;494;499;499;501;478;474;475;468;454;481;486;487;483;475;473;473;467;479;481;491;493;481;480;470;477;484;486;485;493]
238477 - [409;431;378;350;411;413;410;385;474;484;476;457;494;500;492;460;484;488;455;428;500;505;509;479;485;491;493;485;509;514;507;480;485;491;490;492;500;498;505;474;472;473;459;454;487;489;481;484;470;476;472;461;488;484;485;493;487;475;476;480;480;486;491;497]
239441 - [428;433;372;371;402;412;409;377;474;477;477;463;489;494;493;452;487;489;454;424;502;506;508;478;494;491;491;471;508;512;508;481;483;487;493;491;504;504;503;480;475;471;468;452;482;489;483;486;473;476;472;466;483;482;489;490;476;477;478;478;482;484;493;493]
240405 - [420;427;354;356;419;420;409;389;475;476;473;461;494;497;496;465;486;486;465;428;498;505;508;473;487;497;491;479;505;512;508;482;488;490;486;493;501;502;500;476;477;474;466;455;484;486;484;489;473;475;467;462;488;480;488;494;473;478;477;479;485;487;492;494]
241369 - [430;435;371;355;404;414;412;377;474;486;475;464;494;497;492;459;486;490;453;426;503;512;508;480;492;499;485;477;508;512;509;483;484;485;484;498;501;504;506;473;474;475;465;462;481;487;487;487;476;476;474;461;481;481;492;488;483;476;471;478;479;487;484;495]
242333 - [424;424;375;356;403;417;382;391;477;478;475;469;488;498;495;454;483;487;453;433;506;507;509;477;490;494;484;483;506;509;507;484;487;493;491;493;500;503;502;480;475;472;465;454;485;487;488;484;474;473;475;464;478;482;485;483;475;478;476;478;480;488;490;490]
243297 - [413;434;379;360;419;414;403;385;473;477;479;457;492;500;494;464;484;492;460;423;505;507;505;481;486;493;492;490;509;508;510;486;487;490;494;489;502;498;502;471;472;474;475;455;484;487;487;482;474;471;465;458;482;483;483;491;484;478;474;480;483;486;487;489]
244261 - [430;425;380;348;417;416;401;377;472;479;470;465;495;496;496;453;485;490;459;443;503;506;506;479;490;496;490;477;503;512;508;486;489;486;499;490;502;501;504;471;475;472;464;454;485;492;486;484;471;474;472;463;486;485;489;494;476;480;478;479;480;485;484;496]
245325 - [434;425;382;365;415;419;411;382;478;481;471;459;493;498;495;453;489;488;446;427;501;506;506;476;491;491;497;469;517;508;510;482;485;484;491;484;500;506;506;474;469;476;468;441;488;489;487;485;474;472;473;468;483;483;485;494;477;480;476;483;484;488;487;494]
246289 - [422;436;377;360;422;418;397;389;476;480;476;474;492;497;496;457;486;489;457;420;503;507;505;478;491;493;492;473;511;514;510;486;486;487;495;498;499;502;505;480;473;472;467;454;482;487;486;483;475;474;470;470;482;484;485;486;484;478;478;475;481;486;497;496]
247253 - [419;427;368;356;404;414;398;371;472;481;477;479;491;492;495;453;487;489;455;428;503;503;504;481;490;494;483;480;507;507;511;483;486;489;502;486;500;498;506;480;473;474;472;448;481;488;488;486;474;470;480;462;482;488;486;489;482;479;476;480;482;488;491;497]
248217 - [423;435;365;356;415;414;401;392;476;484;475;470;491;496;495;453;488;489;470;426;501;506;504;477;489;493;491;478;504;511;508;479;482;482;490;493;499;504;503;480;472;475;465;449;483;489;484;487;472;477;472;461;478;482;487;492;483;477;473;480;479;489;487;494]
249181 - [427;435;378;354;406;416;399;387;475;484;467;470;493;501;497;463;483;494;459;417;503;503;509;475;492;496;482;468;510;509;507;483;484;488;486;488;499;498;504;477;471;476;468;457;486;485;484;482;475;477;465;465;480;481;487;495;479;475;477;485;481;490;484;490]
250145 - [432;414;379;356;420;414;407;388;481;481;476;468;487;493;501;460;490;492;465;424;504;505;503;476;491;492;493;462;507;514;509;480;483;486;499;497;498;501;504;473;473;473;468;457;484;486;485;487;467;469;471;459;485;483;489;487;480;478;477;481;477;485;483;502]
251109 - [428;438;373;347;414;414;398;388;474;481;484;474;493;496;497;458;487;490;454;420;501;508;508;476;490;492;490;480;509;508;506;487;492;481;481;494;500;499;508;476;472;476;465;454;482;487;489;486;475;473;471;466;487;483;489;493;482;475;476;481;483;487;496;491]
252073 - [426;418;358;361;412;413;403;380;478;482;475;471;486;497;495;459;485;496;464;423;503;505;509;479;489;495;484;472;511;512;505;486;490;494;493;492;500;499;504;478;474;479;465;457;482;482;489;487;474;470;474;463;479;480;485;491;476;479;475;479;480;488;492;490]
253037 - [421;424;359;346;415;410;407;389;480;478;472;472;488;497;495;460;489;490;459;425;501;506;509;479;489;493;480;480;507;507;510;476;484;486;496;492;499;501;506;474;473;473;469;462;481;488;490;484;478;473;471;464;482;480;482;484;480;481;474;474;484;490;491;495]
254001 - [422;430;372;343;418;416;402;390;477;478;481;477;490;500;494;456;485;488;468;421;497;508;506;476;489;497;484;479;501;512;512;489;484;484;488;488;499;504;506;478;468;473;468;458;481;491;485;484;476;471;472;464;486;482;490;494;478;478;478;482;485;484;485;491]
254965 - [431;435;367;364;418;413;410;391;473;476;485;467;493;496;500;459;486;488;454;423;499;509;509;479;488;490;485;479;503;514;513;487;479;483;485;495;500;509;505;476;469;474;465;458;482;488;489;483;473;473;472;462;484;485;489;489;483;478;476;483;480;487;495;490]
255929 - [420;433;373;351;402;412;403;390;478;478;473;481;490;497;494;454;485;490;458;426;504;505;502;481;487;495;497;468;506;512;507;480;488;491;491;491;502;505;503;477;472;470;472;455;485;489;490;482;476;476;474;465;477;484;487;491;478;479;475;480;478;490;489;488]
256893 - [425;429;370;349;414;420;402;376;475;480;476;465;493;493;496;462;486;489;451;424;505;507;506;472;488;498;487;482;509;517;511;485;485;489;488;486;499;503;505;486;472;476;466;459;482;488;490;486;468;475;471;461;486;480;485;486;473;471;475;478;479;481;491;498]
257857 - [422;434;381;370;416;410;408;372;473;480;473;460;493;496;491;458;486;491;455;432;503;504;507;478;489;496;484;475;507;508;510;483;488;484;490;489;502;502;505;481;473;475;466;452;484;486;485;485;469;474;476;458;487;485;484;485;484;474;474;477;482;484;492;488]
258821 - [429;429;360;374;410;422;412;372;473;481;475;481;489;496;497;462;486;494;459;433;504;506;507;478;492;493;488;475;509;507;513;486;482;489;496;495;497;504;499;473;472;474;474;459;481;486;485;484;472;474;475;464;478;486;485;496;485;485;478;480;477;485;494;486]
259785 - [425;432;351;345;407;420;406;389;479;478;477;473;490;495;492;455;486;492;461;424;502;501;505;479;485;498;487;468;510;506;508;485;487;487;484;489;499;502;507;483;471;474;468;456;490;489;486;486;477;470;467;460;484;489;481;493;482;479;473;476;485;481;484;495]
