Leitura Videro Branco - 20 CM - VL53L5
1859 - [365;439;270;216;227;345;349;367;470;475;325;221;234;463;478;472;489;485;334;222;234;471;501;493;491;492;326;219;224;471;500;495;486;488;373;230;274;482;497;494;476;473;461;282;390;478;480;478;473;474;461;304;400;478;482;475;478;475;473;471;473;477;483;487]
2724 - [371;432;267;216;225;351;368;328;475;467;327;215;232;463;479;470;484;487;331;218;234;466;495;491;489;490;312;217;230;468;504;493;486;483;372;230;270;476;496;490;472;468;456;282;389;474;480;478;468;475;457;268;396;474;476;476;484;473;470;474;473;473;474;482]
3689 - [359;438;282;214;226;348;349;369;469;474;300;217;231;459;479;468;486;483;346;219;227;470;494;491;488;487;325;216;228;468;493;498;482;488;365;228;270;478;499;488;470;473;458;283;385;475;474;474;470;471;461;308;370;478;475;477;477;471;469;466;470;475;475;486]
4654 - [375;430;276;216;224;349;351;365;473;467;298;218;232;452;477;468;485;483;331;218;235;461;497;493;487;492;283;219;224;474;501;495;486;471;372;227;252;487;495;487;470;471;463;283;387;478;481;476;475;473;466;289;404;472;475;474;475;470;474;465;472;473;477;480]
5619 - [370;430;281;216;223;345;368;366;473;474;324;219;226;453;479;470;484;488;350;219;236;473;497;493;487;490;279;218;230;462;501;493;489;489;346;229;265;476;496;489;470;473;458;258;380;477;475;478;469;474;460;293;399;473;478;475;473;471;474;472;471;471;473;475]
6584 - [376;435;282;212;226;335;364;357;475;465;326;219;231;456;476;470;484;484;336;222;234;473;496;488;491;492;320;217;220;469;500;497;484;488;363;226;268;478;494;487;466;475;460;266;384;466;478;474;471;470;469;312;399;474;474;476;479;471;465;466;469;477;473;481]
7549 - [359;436;281;214;227;353;346;356;470;474;330;221;232;459;483;473;482;483;334;217;227;473;499;492;489;484;282;216;225;470;493;497;483;486;339;232;242;480;497;489;473;475;453;258;382;475;476;473;473;471;464;306;398;473;473;476;479;469;472;476;472;476;474;482]
8514 - [370;438;274;213;222;343;372;354;471;471;325;218;234;461;485;473;486;485;335;219;237;469;493;496;490;489;319;219;221;464;493;489;486;487;344;220;271;479;495;489;467;464;456;285;380;476;472;476;471;473;461;302;401;474;475;480;480;470;472;480;473;471;475;486]
9479 - [370;434;288;216;222;333;364;361;469;472;316;219;224;451;478;464;488;481;303;218;227;468;493;490;482;491;320;215;222;468;500;503;484;480;343;226;273;484;497;483;470;471;460;282;381;477;479;477;470;473;455;286;391;477;477;477;476;475;469;473;474;475;478;488]
10444 - [363;426;267;216;217;342;347;360;468;467;329;219;220;455;479;475;488;488;339;219;228;468;497;491;488;491;317;214;222;468;501;497;484;487;363;228;270;477;493;489;468;473;462;275;392;471;474;479;470;470;464;288;397;473;477;470;477;473;474;468;473;470;476;483]
11409 - [374;434;270;214;223;327;363;350;471;470;331;222;232;461;484;480;486;484;311;216;239;469;497;491;489;494;324;211;221;473;502;498;489;483;366;227;277;476;497;490;471;468;464;281;384;475;475;475;478;469;470;304;371;476;478;474;479;473;473;467;473;471;476;475]
12374 - [372;439;273;214;228;335;370;348;470;469;329;221;231;454;479;466;486;479;340;218;224;474;496;497;482;492;328;217;232;474;493;495;489;489;370;231;272;480;492;490;472;474;459;276;384;475;478;471;477;469;464;302;366;479;471;472;479;477;467;467;473;474;478;479]
13439 - [366;427;281;215;224;352;349;356;476;469;332;216;222;462;478;470;487;486;329;218;235;472;497;492;486;493;290;214;223;470;498;491;487;489;340;229;270;484;496;486;474;466;456;258;362;478;475;478;470;475;461;284;390;477;469;479;479;473;467;471;475;478;478;477]
14404 - [353;444;285;213;225;354;352;363;477;477;328;220;222;453;480;481;490;484;338;217;236;465;500;490;487;491;322;217;223;473;501;496;482;483;363;229;269;479;490;488;472;469;455;272;371;473;480;477;467;471;460;302;398;476;480;473;477;471;474;473;477;472;477;479]
15369 - [365;443;278;214;223;360;363;347;468;471;317;220;231;446;476;466;487;480;304;220;233;461;500;493;490;497;278;216;214;466;500;494;485;485;368;230;276;476;497;489;474;462;457;281;380;476;478;474;472;473;461;306;395;471;477;474;483;470;479;474;476;472;473;484]
16334 - [372;435;259;214;221;358;365;373;469;470;294;221;235;460;480;468;484;484;338;218;233;464;491;495;486;491;280;217;229;470;495;494;486;487;367;228;246;481;492;491;475;473;458;284;384;471;481;478;471;471;463;288;371;470;472;479;481;466;472;475;469;472;475;479]
17299 - [369;436;270;214;225;344;354;363;473;479;330;218;230;454;474;469;484;486;338;216;237;470;497;491;485;481;272;216;231;469;499;493;484;486;339;232;253;478;498;487;474;469;457;257;384;469;479;477;473;472;463;282;400;475;476;475;477;477;469;469;473;477;469;481]
18264 - [363;428;286;215;223;347;346;361;473;469;324;213;232;449;479;471;484;483;330;218;234;472;496;490;489;490;320;215;230;465;493;499;480;479;360;231;253;480;495;487;469;472;466;267;371;473;471;471;470;473;462;322;401;472;475;475;482;480;471;472;474;471;476;480]
19229 - [372;424;278;217;224;345;379;368;476;471;293;218;220;460;479;468;488;484;310;216;237;468;498;493;487;491;325;216;219;466;499;495;480;486;338;223;274;481;498;488;475;474;464;283;362;476;480;479;475;471;463;310;391;473;473;473;480;471;469;472;473;475;476;480]
20194 - [377;433;268;213;224;352;383;363;468;475;325;219;233;459;479;468;486;487;296;219;238;468;492;493;487;489;319;213;227;464;494;495;482;486;370;233;270;483;489;488;470;476;463;273;386;466;481;476;466;471;468;308;401;475;476;480;480;473;469;468;474;470;478;478]
21159 - [356;442;261;218;223;342;369;361;470;469;329;219;233;457;481;473;487;484;304;219;235;477;499;497;485;496;327;213;229;465;498;498;483;485;363;229;254;478;496;487;472;473;456;271;361;475;478;476;467;470;462;304;399;475;476;478;479;480;469;469;470;471;477;483]
22124 - [368;435;283;214;224;352;370;360;474;473;305;219;229;458;482;463;487;487;334;218;238;469;497;493;491;490;320;217;231;473;498;498;486;486;362;229;252;473;498;491;464;474;455;269;386;481;474;478;476;472;469;290;388;470;473;475;475;471;475;466;473;479;470;477]
23089 - [374;434;268;215;226;351;374;376;473;468;324;218;233;456;480;478;488;488;333;218;236;472;493;493;489;490;320;216;221;473;499;493;483;489;367;228;270;482;493;489;467;471;460;280;392;473;482;477;477;465;463;306;398;471;474;471;488;477;470;474;475;473;473;485]
24054 - [377;429;289;214;223;327;368;373;469;469;312;220;230;461;487;468;486;491;309;217;236;468;496;497;485;494;315;214;220;464;498;492;486;488;367;231;251;471;489;489;470;474;455;290;388;472;473;477;474;467;466;278;364;473;473;477;480;478;472;470;472;471;478;477]
25019 - [362;440;286;214;226;348;356;360;470;477;314;220;231;459;474;469;485;484;336;219;226;474;491;496;489;489;319;212;222;465;499;496;486;489;372;231;273;480;492;488;468;474;455;267;390;476;472;476;468;469;459;310;398;466;474;480;478;472;466;474;475;477;475;479]
25984 - [367;423;270;217;220;350;347;366;471;468;328;220;229;458;475;476;484;485;332;217;226;467;501;497;485;487;319;216;231;476;498;496;482;487;347;229;255;481;491;488;472;467;459;260;386;472;473;477;470;470;463;288;363;472;474;474;477;473;469;469;481;477;474;482]
26949 - [377;440;265;214;223;351;370;374;474;468;329;211;233;451;485;479;488;489;342;217;236;467;495;490;486;491;324;216;229;475;503;496;486;481;361;227;274;482;493;494;469;476;461;280;366;477;477;482;475;469;464;287;393;470;469;479;477;477;475;473;474;469;478;486]
27914 - [375;442;289;218;228;325;363;351;471;469;325;219;226;461;473;470;487;484;342;218;236;472;490;490;487;489;316;211;218;474;502;497;483;483;337;223;253;474;496;487;470;468;463;262;382;465;485;478;473;472;468;307;395;476;476;472;484;475;471;467;469;472;480;485]
28879 - [363;438;267;213;223;355;364;358;472;475;299;221;233;444;475;471;482;485;332;217;236;471;499;493;483;490;321;214;232;474;496;492;480;487;343;227;259;482;498;488;471;471;464;278;386;469;483;474;472;472;465;310;401;478;474;478;476;473;469;473;472;477;479;485]
29844 - [374;437;265;214;225;356;368;360;472;480;310;220;229;459;469;473;487;481;334;221;235;467;496;489;490;483;280;215;219;468;500;499;485;483;365;228;270;477;500;494;470;472;456;277;364;474;473;476;481;470;466;293;367;466;476;477;472;470;471;462;466;475;473;487]
30909 - [362;428;283;212;224;345;350;364;470;473;296;217;224;451;477;472;490;487;305;219;235;472;493;497;487;492;305;216;223;469;502;488;483;485;372;217;253;481;490;489;474;471;461;272;387;476;474;477;471;468;459;303;370;472;476;475;479;478;471;468;472;472;475;484]
31874 - [375;436;287;218;225;352;367;366;473;472;331;219;232;451;474;469;490;485;331;223;232;469;489;493;489;487;282;215;229;476;506;499;484;482;375;233;269;479;498;489;475;475;459;268;386;472;479;481;473;469;466;305;402;468;475;477;482;477;465;469;473;472;473;479]
32839 - [366;428;279;213;224;344;352;358;473;468;322;219;230;454;479;468;487;480;345;218;238;469;500;490;489;492;282;217;223;468;494;497;486;488;360;230;249;478;494;489;473;472;455;282;356;478;477;477;469;469;462;317;368;469;477;474;483;473;476;467;468;471;474;488]
33804 - [366;425;283;215;220;347;364;361;474;476;314;217;230;454;473;472;483;480;308;220;223;466;495;493;487;493;324;216;236;467;494;491;483;482;368;223;251;476;501;490;469;473;457;264;388;472;473;473;470;468;461;309;396;471;473;478;476;473;468;476;474;472;478;482]
34769 - [370;413;268;214;225;349;363;364;474;473;325;219;230;460;480;468;485;486;340;219;239;470;496;494;490;491;328;214;230;472;500;495;486;480;369;229;252;478;497;490;469;465;461;284;385;471;478;478;470;474;465;307;391;476;475;478;477;474;473;472;473;476;479;486]
35734 - [367;431;279;215;226;350;351;362;460;475;313;216;228;452;486;476;489;479;344;220;237;473;497;492;485;491;317;212;219;475;493;493;488;482;364;222;252;479;499;487;470;465;457;264;391;474;475;477;471;467;463;270;374;466;476;474;479;473;472;469;470;470;468;483]
36699 - [369;427;269;215;227;348;374;365;473;466;297;221;235;464;470;471;490;485;333;221;235;465;498;495;489;488;286;216;222;466;497;494;485;483;335;229;250;476;497;489;472;469;461;276;380;477;477;480;468;473;464;298;392;474;475;473;484;478;472;469;470;473;475;486]
37664 - [362;438;272;217;225;342;374;349;473;473;327;220;223;458;476;470;486;493;343;222;234;474;493;496;486;490;277;214;222;471;498;499;489;488;331;232;247;480;500;489;472;475;456;277;384;474;481;477;470;475;463;276;393;473;475;475;473;477;473;472;469;473;475;481]
38629 - [368;423;281;215;220;337;364;366;473;470;325;218;231;454;477;466;483;479;343;216;235;471;498;489;484;491;323;217;225;476;502;495;480;491;374;229;254;483;491;490;473;472;457;279;386;475;474;475;473;472;462;304;406;472;477;476;470;470;471;476;476;474;471;484]
39594 - [378;426;286;214;226;342;367;366;475;470;327;215;228;462;472;475;485;484;335;219;226;476;496;490;490;492;324;213;231;471;499;500;483;487;367;226;249;485;498;484;470;469;456;283;391;476;472;477;467;468;461;308;396;474;476;473;482;467;474;470;474;471;481;481]
40559 - [360;436;285;214;226;339;370;343;471;470;320;215;235;452;483;472;482;488;331;221;225;473;497;491;493;489;317;214;233;475;493;494;488;481;347;230;257;485;494;488;465;467;458;270;387;475;476;483;473;469;462;308;399;474;477;476;483;477;469;465;477;477;476;485]
41524 - [369;432;281;217;223;355;357;362;469;472;335;222;232;455;480;476;487;481;333;222;231;468;498;488;482;489;313;217;229;473;496;493;484;480;371;226;270;482;492;489;471;474;465;278;388;474;472;479;479;472;461;286;397;474;469;476;472;474;470;475;470;476;475;476]
42489 - [375;431;264;214;227;353;371;369;474;473;320;219;230;455;480;471;487;487;305;219;236;466;497;493;489;489;280;217;232;470;499;497;483;485;363;231;251;486;497;494;475;474;461;277;393;471;479;468;475;465;468;305;397;475;474;477;468;475;470;467;474;474;481;477]
43454 - [371;431;265;214;225;337;359;369;472;468;325;215;231;465;478;468;486;485;309;217;224;472;500;490;489;492;294;217;222;467;496;493;489;488;371;231;254;479;500;485;473;468;458;272;380;475;478;474;470;474;462;301;397;475;474;477;475;472;466;468;473;477;474;482]
44419 - [372;433;271;215;225;344;368;374;471;473;333;218;231;456;479;468;487;485;329;218;233;477;495;487;487;492;283;216;231;473;494;494;489;484;366;229;258;477;493;490;469;473;461;276;372;479;479;482;472;473;461;306;371;471;478;474;473;475;470;470;473;476;475;477]
45384 - [363;431;267;212;222;356;372;375;470;465;299;221;230;458;481;468;488;483;346;219;234;472;496;499;491;489;321;216;224;468;501;493;486;492;337;224;252;481;497;489;472;473;460;283;383;475;476;473;476;474;467;302;374;479;477;476;481;471;467;469;469;477;480;487]
46349 - [363;429;287;213;226;331;372;358;472;468;315;221;228;458;474;465;483;484;337;220;224;476;491;492;489;493;291;216;231;473;497;496;484;487;326;226;268;478;493;490;471;474;458;262;387;476;478;480;470;471;464;291;394;474;472;473;482;474;474;464;471;472;478;481]
47314 - [370;433;281;212;226;331;373;351;467;476;325;217;235;454;478;468;484;482;331;219;226;473;491;489;485;494;280;217;221;473;498;498;487;483;368;228;248;480;497;492;470;471;457;267;388;472;477;475;470;470;463;288;376;475;476;476;482;473;472;470;471;477;472;472]
48279 - [353;429;268;212;226;343;366;362;470;466;324;219;224;456;480;469;482;490;334;217;236;471;497;495;487;487;314;216;232;467;500;500;485;485;367;231;270;480;496;487;474;472;457;270;387;477;477;474;473;471;465;299;398;474;466;475;480;472;469;467;474;477;475;485]
49344 - [362;430;290;214;224;330;343;366;476;469;325;220;227;456;478;471;482;485;336;220;233;466;495;491;487;490;320;218;233;462;501;495;482;485;363;229;275;481;499;492;470;474;459;291;389;470;476;475;473;465;465;309;402;475;473;474;479;474;470;467;465;475;478;479]
50309 - [388;446;286;214;223;337;364;359;471;470;315;217;231;459;482;475;486;485;331;217;233;469;500;490;489;496;321;220;224;474;500;493;485;490;357;224;273;477;496;486;475;467;459;276;389;474;470;478;475;472;458;302;400;474;474;476;472;473;471;472;474;470;473;476]
51274 - [369;431;285;214;227;342;345;359;471;476;319;218;234;458;477;474;484;486;342;220;238;466;496;493;485;488;321;216;231;472;503;500;487;489;340;229;273;477;498;490;472;465;460;278;388;473;475;476;473;468;461;272;363;476;470;475;477;467;472;470;472;481;477;480]
52239 - [371;432;276;215;219;337;347;352;470;470;315;220;228;451;479;470;487;486;337;218;238;464;495;491;486;490;313;217;233;473;500;497;485;489;361;228;250;480;500;487;472;475;454;269;383;477;479;475;472;469;464;303;371;472;480;473;485;477;474;471;472;474;474;486]
53204 - [376;437;285;215;225;341;373;365;477;469;338;220;233;460;485;470;491;487;340;220;236;472;496;490;486;490;283;213;224;472;495;491;486;482;369;227;271;475;499;493;468;469;458;279;380;471;469;477;473;467;467;306;402;478;476;476;469;472;471;472;473;474;478;483]
54169 - [374;429;282;216;228;330;367;350;468;473;297;218;223;457;481;468;482;480;337;221;227;472;495;495;486;489;276;216;222;470;497;500;490;488;339;231;250;482;498;490;472;467;467;273;381;475;473;479;473;471;465;304;394;470;476;479;476;475;472;470;472;474;479;473]
55134 - [379;437;284;212;223;352;352;375;469;466;326;216;229;453;473;475;486;486;340;218;230;467;495;493;488;491;275;214;232;472;500;492;488;484;369;231;269;478;491;489;463;473;454;268;366;472;478;478;469;470;463;309;393;475;476;474;477;468;471;467;473;469;478;478]
56099 - [367;430;286;217;225;356;364;344;471;472;327;218;231;454;473;469;482;488;341;218;233;474;496;494;489;494;285;212;223;471;498;498;486;480;371;228;272;482;496;493;472;471;456;267;388;474;479;475;472;473;466;306;364;475;474;477;481;476;473;474;473;467;479;479]
57064 - [343;433;283;215;222;341;354;352;471;470;335;215;234;461;474;469;484;482;329;219;234;473;498;493;485;490;282;214;218;465;499;495;489;480;368;226;251;472;499;489;475;473;456;275;384;472;477;477;474;478;459;290;395;474;472;477;478;476;469;471;471;475;473;481]
58029 - [375;437;287;216;226;344;368;359;475;466;302;218;232;461;480;464;483;482;329;221;235;471;494;497;490;494;283;214;219;473;495;496;486;484;344;231;254;476;494;493;474;473;458;264;388;474;476;479;476;466;461;304;367;475;476;478;480;475;470;473;471;474;471;480]
58994 - [373;426;278;214;225;352;369;335;469;479;327;218;232;457;479;468;488;486;325;219;235;477;494;498;489;485;306;217;233;466;501;493;489;493;341;230;270;478;495;489;471;467;453;264;384;477;477;475;475;472;459;306;368;470;478;475;477;473;472;469;472;473;476;479]
59959 - [377;441;284;215;227;336;369;368;476;472;329;215;235;456;481;472;487;479;305;215;234;467;500;492;487;500;299;214;225;466;498;494;483;491;366;227;251;478;491;488;469;473;452;278;369;474;473;476;475;471;466;299;370;470;475;477;486;475;471;470;473;472;472;479]
60924 - [367;433;283;215;218;328;371;363;467;475;312;219;231;459;475;470;486;487;334;219;224;470;495;500;489;493;322;219;222;472;503;495;482;484;364;230;245;482;491;490;473;470;454;280;386;474;472;476;470;468;465;307;376;475;476;481;479;468;475;471;467;478;476;474]
61889 - [368;433;261;218;222;346;353;375;476;467;324;219;231;465;480;471;483;485;334;219;225;469;501;495;486;490;281;216;219;465;497;495;487;482;327;228;253;480;493;488;472;468;464;278;387;472;475;473;472;469;468;305;388;475;476;474;488;471;470;472;478;471;478;476]
62854 - [380;429;285;216;224;347;346;367;467;468;317;217;235;451;480;469;487;485;338;215;223;471;494;493;490;492;281;216;231;472;498;496;480;486;361;231;271;476;500;480;472;472;458;263;385;474;477;477;475;473;460;302;373;471;476;472;476;473;474;468;472;472;474;479]
63819 - [367;434;280;214;229;355;355;369;469;470;301;218;224;454;475;472;484;486;303;219;234;474;491;490;481;491;282;211;231;468;496;494;484;488;370;228;248;480;498;489;469;470;463;269;386;476;473;476;472;470;465;301;395;477;475;482;484;475;472;471;473;475;476;482]
64784 - [349;437;265;212;227;341;360;375;471;470;289;217;233;454;485;472;486;483;346;214;225;472;495;493;487;484;318;214;230;470;497;501;481;492;329;228;247;479;491;488;471;469;457;271;364;473;478;478;469;472;467;303;374;473;472;475;480;469;469;473;470;475;477;482]
65749 - [362;434;270;214;226;343;342;354;479;473;330;219;236;461;472;468;479;487;335;218;238;470;496;493;486;490;321;218;220;476;502;495;482;488;365;230;251;474;496;490;474;466;455;264;387;475;476;478;471;468;466;289;393;479;473;476;479;475;471;474;474;472;480;480]
66714 - [366;431;286;214;225;344;368;368;480;468;298;220;232;461;475;470;490;487;325;219;223;470;499;493;491;486;279;215;223;468;501;495;485;482;368;227;271;485;499;486;472;471;457;270;383;477;476;478;473;471;473;287;364;469;476;475;477;478;468;472;470;471;477;480]
67779 - [347;434;288;214;228;346;358;366;470;468;318;218;235;453;476;470;485;486;307;222;236;465;494;493;484;485;284;216;223;475;498;494;483;484;364;228;258;488;500;484;473;473;463;272;385;477;475;475;473;469;464;301;394;473;476;473;472;472;473;464;474;472;472;484]
68744 - [370;432;260;215;222;346;343;355;477;476;332;217;224;458;478;471;484;488;343;217;225;472;494;485;487;493;281;217;222;478;495;494;485;483;339;226;271;476;496;486;475;475;461;270;396;475;475;476;473;473;461;290;399;475;475;475;479;471;480;469;465;471;476;478]
69709 - [382;434;288;215;223;357;356;360;471;467;321;221;231;460;475;465;486;489;333;220;230;470;492;495;485;493;318;218;217;471;497;495;485;489;363;229;250;480;493;487;474;467;458;279;376;472;472;478;472;467;464;306;363;470;480;475;479;473;469;469;471;471;470;486]
70674 - [365;441;268;215;228;352;360;365;477;479;287;218;230;444;478;471;485;487;305;218;226;468;492;485;486;492;319;211;231;476;502;496;482;490;363;226;248;479;494;486;467;472;454;280;389;470;480;477;475;472;460;304;395;474;474;476;486;465;471;468;470;469;475;477]
71639 - [352;437;284;214;223;351;346;355;466;471;329;218;231;456;480;475;491;482;335;217;237;469;499;492;487;490;320;216;230;472;504;497;483;485;361;228;272;480;495;487;476;470;456;278;381;470;474;478;473;471;467;289;394;475;479;479;474;476;469;475;471;470;475;482]
72604 - [358;433;266;215;229;339;362;361;472;469;317;215;233;460;479;463;480;484;336;219;236;470;501;490;484;487;281;219;216;473;495;496;482;483;341;228;251;480;496;489;478;474;456;272;387;472;472;481;469;465;460;298;397;472;472;475;477;469;469;467;472;474;476;480]
73569 - [349;431;282;216;221;347;362;351;476;470;290;218;221;457;476;476;489;487;334;218;233;473;498;494;489;489;320;218;229;472;500;494;487;485;365;228;269;480;498;491;473;466;457;268;389;476;477;476;478;470;461;294;395;471;475;476;478;471;475;465;469;475;476;488]
74534 - [364;429;258;217;224;324;366;362;475;473;334;218;225;455;477;467;487;482;323;222;225;473;494;495;489;490;313;217;228;475;497;498;481;485;367;229;249;476;493;483;472;471;460;269;368;478;479;476;473;469;467;302;393;471;476;477;479;469;469;473;471;475;475;474]
75499 - [365;434;280;214;228;344;351;372;464;474;314;218;232;461;478;470;483;486;344;219;236;475;498;494;488;494;317;219;221;471;500;494;487;492;341;226;273;482;495;490;470;473;461;279;391;473;473;476;473;472;467;283;397;474;476;473;482;475;469;472;476;472;474;484]
76464 - [365;436;286;213;223;326;356;349;469;478;311;219;229;456;476;470;484;483;339;221;227;468;498;495;487;488;294;216;219;473;502;493;484;485;365;223;268;478;494;491;471;466;468;288;360;474;479;481;475;469;459;284;400;473;478;477;479;464;471;470;474;475;476;477]
77429 - [371;432;279;213;224;344;363;365;474;472;327;219;231;460;482;464;480;485;344;220;223;462;497;495;488;491;282;216;234;470;500;493;490;487;320;225;269;481;496;488;469;469;455;264;363;475;477;477;468;470;462;282;374;476;472;472;474;471;476;473;476;475;472;483]
78394 - [388;439;273;217;225;340;348;370;473;476;295;219;222;456;477;470;487;481;331;219;237;472;501;492;487;494;318;211;221;473;501;497;483;488;365;230;274;482;498;487;471;475;458;275;380;474;475;477;471;470;465;302;399;475;473;477;475;478;471;471;471;478;476;480]
79359 - [371;428;269;217;225;345;367;364;469;468;319;216;231;459;477;480;486;484;324;219;236;468;492;490;489;488;322;217;232;470;496;497;487;489;368;229;273;480;498;486;475;461;457;281;383;477;476;480;471;473;463;288;397;474;473;472;477;472;469;468;472;477;478;481]
80324 - [371;436;261;216;220;351;360;364;472;469;317;220;233;464;481;467;487;487;307;219;235;468;491;494;490;487;317;214;229;471;500;495;484;488;368;222;269;476;496;490;474;465;456;263;363;475;482;477;471;472;462;306;387;472;475;472;471;472;472;469;469;474;476;483]
81289 - [368;429;266;214;225;340;358;372;469;467;312;219;234;459;472;467;487;484;303;219;233;473;498;490;488;487;316;213;218;465;494;496;485;488;362;228;249;478;500;489;471;470;457;277;375;475;470;472;476;466;464;302;396;472;473;473;484;469;472;470;468;476;475;484]
82254 - [359;436;262;215;228;347;374;360;468;472;315;218;222;452;475;468;483;487;335;219;238;469;499;494;486;488;290;214;217;465;499;500;490;480;366;231;252;477;495;487;469;475;464;280;382;476;480;473;471;469;464;303;398;474;476;474;482;474;471;468;481;472;479;474]
83219 - [371;439;288;215;224;343;370;337;471;471;312;215;235;444;481;463;484;479;332;220;238;473;500;494;493;490;287;215;228;475;496;493;485;486;339;228;274;475;496;493;475;467;457;268;390;472;477;481;476;467;467;288;395;475;469;471;471;473;471;470;470;467;468;480]
84184 - [363;444;265;215;225;352;350;343;470;472;310;219;234;449;476;468;485;486;339;220;226;469;494;487;483;487;326;214;229;473;499;491;483;482;338;228;270;480;497;489;472;470;464;273;400;474;478;479;473;465;462;285;357;477;473;475;483;475;469;464;466;474;480;481]
85249 - [368;432;277;214;225;344;373;361;468;466;310;218;229;455;475;473;483;487;304;217;237;467;495;487;487;492;323;216;230;475;503;490;484;488;359;229;273;481;491;490;473;467;457;276;385;475;473;475;477;474;468;304;392;473;475;473;477;470;466;469;471;473;476;476]
86214 - [365;438;283;214;224;349;368;352;470;478;319;218;223;459;477;473;489;485;328;220;236;469;494;488;490;490;319;218;218;470;499;494;490;482;364;228;253;481;490;488;475;468;458;287;383;471;476;478;476;472;462;285;391;471;476;478;481;469;471;474;473;475;475;480]
87179 - [376;435;286;217;225;347;360;364;468;472;317;215;228;451;474;468;488;484;305;219;237;471;497;496;490;495;316;218;221;466;500;496;479;482;328;223;250;480;497;490;473;468;461;283;394;476;473;476;475;472;465;299;406;471;477;471;478;468;465;470;473;474;475;476]
88144 - [368;436;287;217;223;358;369;359;465;470;327;213;233;455;473;467;485;486;337;218;236;468;500;494;489;488;320;214;229;472;500;499;484;489;364;228;264;472;502;486;471;470;457;268;377;473;475;477;473;474;467;289;397;476;479;478;479;472;475;472;472;475;480;480]
89109 - [365;429;281;216;228;342;349;359;480;468;316;217;234;455;489;470;485;485;306;217;236;473;497;493;488;492;326;215;231;472;500;494;488;484;368;229;248;485;497;491;477;471;464;274;388;475;480;479;470;466;463;300;369;476;474;474;477;480;469;468;475;471;476;482]
90074 - [362;426;267;218;222;346;348;355;468;465;311;216;225;455;480;473;485;487;334;219;238;474;496;491;487;487;280;217;225;475;500;496;481;482;337;228;248;479;496;492;471;468;465;269;375;475;475;478;472;470;462;284;396;473;473;471;482;473;466;474;473;470;473;484]
91039 - [362;433;283;213;222;348;363;333;473;471;316;217;235;464;473;466;489;482;307;216;235;467;497;493;489;486;322;216;218;469;497;494;483;483;334;229;267;473;490;484;474;463;464;290;384;475;475;476;471;467;459;300;386;476;471;477;479;468;473;471;472;472;476;485]
92004 - [366;432;265;218;225;346;354;359;475;477;315;216;231;460;478;470;485;480;338;218;237;471;496;490;486;484;320;214;231;469;499;495;486;480;364;228;251;478;497;489;469;474;458;267;382;474;478;480;473;474;468;293;401;466;473;475;480;470;463;470;473;475;475;479]
92969 - [382;428;284;216;227;350;347;368;471;471;330;218;230;460;479;477;485;482;330;220;224;468;496;493;488;487;285;216;220;463;501;497;486;484;337;229;265;484;498;485;478;465;458;280;390;474;479;477;472;470;464;303;395;468;474;474;484;475;467;472;469;473;479;475]
93934 - [362;435;283;214;218;341;366;357;474;469;326;221;232;460;478;475;485;484;337;219;235;470;496;494;489;486;277;217;218;475;495;497;484;485;342;225;271;482;494;485;465;473;455;260;383;475;475;475;474;470;460;288;370;470;473;473;489;469;470;472;474;472;478;479]
94899 - [358;430;271;214;226;356;361;359;466;467;290;217;228;461;478;473;484;486;302;219;233;472;494;491;489;482;281;215;230;474;502;497;487;488;344;225;272;477;491;490;476;472;461;277;386;475;478;477;477;470;470;301;394;473;476;475;479;476;470;473;469;475;473;486]
95864 - [353;418;266;214;227;352;341;349;471;473;321;216;230;463;480;473;485;488;332;220;228;472;496;489;490;490;289;218;221;470;494;498;483;492;369;230;250;485;496;494;470;470;460;268;388;474;476;477;471;464;462;279;393;470;474;474;477;471;476;465;473;475;478;485]
96829 - [374;435;281;217;228;346;374;362;468;469;314;216;232;461;480;465;484;479;303;218;236;467;498;496;486;492;320;216;219;469;500;496;486;487;364;228;268;476;498;493;475;467;462;278;362;477;477;476;467;468;463;304;372;474;472;473;473;474;470;471;473;472;475;482]
97794 - [350;427;270;216;228;342;360;371;471;474;315;214;232;458;473;472;485;481;343;220;235;473;497;495;490;492;329;216;220;473;499;496;489;480;365;225;244;478;499;493;472;467;461;272;386;479;475;479;473;473;461;285;396;471;477;475;479;469;469;474;473;472;472;484]
98759 - [368;438;288;215;224;343;371;361;469;473;317;220;230;454;477;473;487;482;303;219;237;473;500;490;490;490;280;214;219;471;500;493;486;483;360;227;265;478;494;489;470;473;459;270;377;475;476;474;477;473;464;288;364;473;481;470;485;475;472;469;476;476;476;479]
99724 - [368;431;271;216;224;343;365;362;470;470;313;219;232;454;477;468;483;484;338;221;236;467;497;491;492;486;279;211;233;470;496;490;483;484;338;229;251;479;495;492;468;465;456;282;384;472;478;473;475;471;458;304;369;472;478;474;478;473;471;476;473;472;475;485]
100689 - [369;437;285;217;227;350;369;359;475;464;290;221;230;457;480;474;488;485;337;214;238;470;496;490;487;489;279;215;227;468;500;496;483;489;337;228;253;481;499;486;470;471;463;281;385;473;477;477;473;467;457;303;402;471;474;475;480;475;472;471;473;478;476;482]
101653 - [374;437;282;215;227;328;346;360;476;466;296;219;230;451;475;469;486;487;337;220;234;472;495;490;486;486;281;215;230;475;497;500;483;481;372;227;273;479;493;489;473;474;459;278;389;480;477;477;472;468;465;286;392;475;471;479;476;470;466;471;470;472;475;477]
102717 - [359;429;281;218;223;350;368;356;468;472;322;218;230;454;472;467;486;483;332;219;234;466;497;497;491;488;292;215;230;472;499;494;487;485;362;227;250;482;496;483;473;480;458;281;389;473;478;477;468;468;465;291;400;476;479;476;482;470;471;472;469;473;473;477]
103681 - [353;435;266;214;220;334;349;353;471;469;296;218;228;449;478;475;492;484;333;218;229;468;492;494;487;489;282;216;223;472;502;494;491;479;345;226;270;477;494;491;475;473;461;276;372;478;473;473;476;469;463;307;399;470;478;472;479;474;470;471;472;474;474;478]
104645 - [367;421;273;215;218;341;372;368;470;475;289;214;231;458;480;476;485;488;335;220;235;473;496;492;490;493;282;217;220;476;500;495;487;485;365;226;250;477;499;490;475;473;457;261;387;472;474;481;478;471;464;306;374;478;476;479;478;472;473;472;468;471;476;481]
105609 - [359;443;280;217;221;347;354;360;471;472;292;220;232;455;473;472;482;479;339;220;237;465;496;492;487;492;319;217;229;469;498;494;483;483;335;227;272;477;496;489;471;474;458;262;388;470;473;478;477;471;464;269;376;471;472;479;477;468;471;473;474;473;476;485]
106573 - [346;429;285;218;225;346;364;345;468;471;326;220;234;459;477;469;487;485;338;218;226;474;497;499;484;494;318;212;231;461;499;498;488;486;362;231;249;476;498;486;475;469;453;278;366;472;476;479;472;468;462;304;392;475;476;476;482;474;472;471;469;473;476;484]
107537 - [357;439;281;217;221;341;350;351;467;474;291;216;235;463;478;467;485;489;341;218;234;469;499;493;488;489;322;214;221;468;498;499;493;485;336;230;268;481;497;494;473;474;455;276;358;479;476;474;478;473;459;286;392;475;477;472;479;469;473;470;475;476;479;480]
108501 - [375;427;260;217;225;326;372;360;471;470;313;220;231;467;483;465;484;482;335;219;225;471;495;496;487;485;281;214;219;474;504;490;485;482;341;229;269;473;496;489;473;468;456;277;373;477;476;478;471;469;456;295;372;472;472;475;477;473;469;469;467;472;473;477]
109465 - [370;440;259;214;226;342;360;358;474;474;315;222;231;456;477;476;485;487;319;219;235;474;495;490;487;490;325;217;222;471;495;493;484;490;362;227;271;477;486;493;477;466;455;279;381;476;478;476;471;468;462;307;370;474;474;478;479;475;474;469;463;474;473;478]
110429 - [358;428;266;215;227;349;360;347;465;469;319;218;234;456;479;470;486;489;303;221;223;470;498;496;485;493;286;218;223;473;503;493;486;486;368;230;269;483;495;490;475;473;460;270;384;477;478;475;473;468;465;283;406;474;478;474;479;477;468;469;474;475;475;485]
111393 - [362;436;279;219;228;350;356;366;463;470;329;220;232;460;483;472;484;488;333;218;229;468;497;487;486;493;304;215;231;472;496;493;484;485;362;231;249;477;500;492;475;477;460;267;390;477;477;476;474;469;461;285;372;469;478;473;473;472;468;470;473;476;479;486]
112357 - [364;432;283;214;223;339;360;360;469;470;292;219;232;456;472;468;485;487;338;219;234;470;496;492;493;492;274;216;218;471;493;496;487;493;331;228;271;480;498;491;474;469;449;279;396;469;474;468;471;466;468;301;364;476;472;473;484;474;468;469;473;478;479;483]
113321 - [378;437;270;214;226;342;362;365;465;475;312;219;227;454;477;470;482;486;335;218;232;470;498;492;487;491;292;216;225;468;496;497;483;482;365;224;270;482;493;487;472;475;458;267;388;475;478;475;472;467;462;287;394;476;477;475;476;468;474;471;475;472;475;481]
114285 - [373;435;268;217;227;348;355;366;472;471;315;220;231;449;474;477;485;484;335;216;223;468;495;490;488;489;317;215;219;471;504;495;484;489;310;227;274;477;493;488;472;469;456;276;387;475;480;478;474;468;461;299;390;472;479;477;486;470;474;469;470;475;477;487]
115249 - [365;414;276;217;226;349;364;356;477;471;295;219;226;457;476;469;488;489;315;219;226;475;494;487;489;495;315;213;228;464;500;497;483;484;340;227;249;479;492;489;473;464;458;269;371;474;483;475;469;466;462;305;371;471;478;477;482;472;472;472;473;468;475;485]
116213 - [370;437;280;215;228;341;357;363;476;473;319;221;235;458;477;473;486;484;341;219;227;466;497;489;487;490;317;215;229;466;499;495;485;481;361;230;272;482;487;490;474;472;453;277;369;479;477;476;474;472;461;289;398;472;475;475;477;471;471;470;473;472;474;480]
117177 - [369;431;268;215;225;346;349;355;468;467;326;214;229;460;479;465;490;479;338;215;235;470;497;488;492;486;283;217;220;472;493;494;484;482;344;227;244;480;500;485;475;473;461;280;366;473;477;475;476;472;465;318;398;471;471;471;477;469;469;471;471;472;474;474]
118241 - [386;437;285;216;225;356;365;351;470;462;292;219;225;454;478;458;487;485;335;216;225;475;493;492;492;493;279;218;231;464;493;495;489;489;369;228;269;480;495;487;472;469;456;276;369;478;473;476;468;473;465;300;396;476;473;475;484;473;468;473;473;474;476;486]
119205 - [368;429;263;216;228;353;372;358;471;469;317;218;230;461;474;471;489;481;336;217;227;476;497;495;487;492;273;214;221;470;500;501;485;484;369;228;270;481;495;487;470;467;463;267;361;469;477;472;469;474;464;304;371;475;474;473;482;473;474;468;472;470;472;475]
120169 - [366;436;269;215;229;341;363;362;473;466;290;213;230;459;478;470;484;485;307;219;225;472;498;490;486;494;311;217;230;470;499;491;488;485;332;228;251;478;500;488;468;466;456;273;391;471;475;480;474;469;462;303;366;468;477;476;476;470;472;475;472;469;473;487]
121133 - [368;421;269;217;226;333;370;337;469;469;313;218;228;462;480;468;487;480;333;219;238;470;496;490;489;485;322;213;230;463;503;494;488;490;360;227;267;480;491;494;472;471;455;273;379;470;477;481;472;467;457;287;370;474;478;475;477;475;469;474;477;476;479;486]
122097 - [338;425;282;216;222;353;361;359;469;465;318;220;235;454;483;469;484;484;303;221;225;471;497;494;487;490;293;217;228;477;497;500;482;482;370;230;266;478;498;489;473;465;465;280;393;478;475;474;467;469;464;302;390;471;475;480;485;475;468;473;473;476;471;473]
123061 - [368;429;283;215;221;348;353;355;466;474;312;216;232;451;472;470;491;484;279;218;226;473;497;494;485;489;318;217;222;468;496;495;490;481;365;229;251;481;498;490;473;468;462;279;393;474;475;475;472;473;460;287;396;473;469;475;479;470;474;469;474;475;472;483]
124025 - [377;435;282;214;228;343;370;362;471;471;319;222;231;461;478;473;489;479;304;219;236;470;491;495;485;493;321;216;223;469;503;497;482;492;364;228;269;460;496;490;472;473;456;270;388;475;472;478;470;472;462;299;394;478;469;477;477;478;469;465;467;473;478;477]
124989 - [357;439;277;215;225;349;360;361;472;465;326;221;228;454;473;470;486;484;330;219;231;467;497;487;487;490;276;217;219;471;499;496;484;488;360;229;269;476;498;493;473;474;456;278;391;476;480;478;477;470;465;307;398;475;470;474;475;475;469;473;468;473;478;484]
125953 - [373;434;279;214;225;349;365;351;471;472;292;220;233;455;473;467;486;485;326;214;227;472;492;491;487;490;318;217;231;473;501;497;485;490;368;227;246;484;498;490;473;471;460;260;389;470;476;481;473;465;469;280;397;468;474;479;475;473;473;474;472;473;477;480]
126917 - [367;433;278;214;224;348;365;363;469;473;289;220;230;453;474;469;484;482;310;217;238;479;490;490;490;493;316;213;232;475;497;489;484;485;366;228;249;475;494;488;466;469;462;270;390;474;475;478;475;474;458;302;391;470;474;476;481;476;471;468;469;472;472;477]
127881 - [371;439;270;214;223;338;376;339;471;470;291;222;225;453;470;470;488;484;336;219;230;468;496;493;488;491;292;213;221;474;498;498;485;486;363;228;253;480;494;488;472;472;457;277;388;476;477;475;471;464;467;300;399;467;473;475;479;470;470;469;476;473;475;483]
128845 - [367;431;280;217;223;347;361;358;480;478;327;220;225;458;477;468;485;481;334;219;227;475;497;486;492;493;314;215;225;475;496;492;488;489;358;231;267;480;498;486;469;471;458;284;390;475;478;474;467;464;462;287;392;474;475;482;476;477;471;477;473;475;472;476]
129809 - [363;435;284;217;227;346;347;362;475;470;325;219;230;457;483;471;485;482;331;221;237;477;493;487;487;489;319;216;231;477;504;492;482;485;341;226;270;480;496;485;472;470;463;276;388;478;475;477;477;466;464;286;362;471;470;473;478;470;469;468;472;470;473;481]
130773 - [368;429;261;213;227;346;346;340;470;469;319;220;230;453;478;469;484;485;333;218;234;474;496;492;490;488;323;216;228;473;495;496;485;480;366;229;249;485;500;495;466;474;456;263;390;480;477;476;470;470;464;305;371;473;477;478;472;473;468;472;469;477;473;482]
131737 - [348;436;284;216;224;343;365;354;471;466;326;218;225;457;471;468;479;484;319;219;235;474;495;489;490;498;289;217;228;474;502;498;489;483;367;229;270;479;500;491;476;474;453;274;388;478;474;476;472;467;460;284;402;471;477;475;479;471;466;472;475;474;476;484]
132701 - [364;431;281;215;227;345;362;366;469;472;299;218;232;456;479;472;486;484;334;219;227;470;496;490;486;497;322;217;228;471;495;499;481;481;351;221;248;476;497;487;472;467;460;288;368;471;472;475;475;470;462;303;365;474;474;479;481;466;473;474;474;472;473;475]
133765 - [380;436;279;214;226;350;365;365;469;472;317;218;225;458;480;467;481;486;332;218;228;467;496;493;487;492;323;217;220;466;498;495;485;482;363;229;275;479;494;485;474;469;458;284;387;474;482;478;473;470;460;300;397;482;475;473;477;467;469;472;471;465;475;479]
134729 - [373;432;265;214;227;339;372;368;464;466;291;221;229;456;473;477;487;484;321;220;226;466;496;490;489;486;318;216;231;469;497;495;485;488;369;227;270;480;494;490;476;472;461;278;366;477;475;477;469;473;466;286;401;475;476;480;473;471;473;470;466;478;475;476]
135693 - [369;436;282;217;226;339;361;364;466;470;289;221;229;466;474;470;484;487;306;221;234;466;497;494;491;489;322;216;229;477;499;493;486;488;362;228;243;475;493;491;473;475;457;279;360;473;484;476;470;470;464;298;402;474;473;478;482;470;468;470;468;479;477;484]
136657 - [375;425;277;214;228;340;346;366;470;467;315;216;231;449;478;476;485;488;327;220;232;470;496;493;487;486;321;215;235;469;500;495;484;488;358;229;254;478;496;489;472;465;457;278;385;482;482;479;470;470;465;271;370;470;474;479;484;470;471;473;473;472;471;479]
137621 - [360;435;273;217;228;330;368;373;463;465;289;219;233;460;478;470;484;485;324;219;237;474;493;497;488;487;319;214;235;463;495;494;487;475;343;227;247;482;495;488;473;472;459;280;390;479;481;480;476;472;461;283;398;472;474;477;482;476;468;473;468;476;473;487]
138585 - [371;433;285;215;227;342;366;336;470;470;311;219;230;451;475;469;487;482;331;218;226;472;499;491;486;491;324;216;219;473;496;498;483;491;363;227;247;483;495;489;473;468;457;272;381;476;478;477;479;467;468;286;368;469;472;478;481;473;469;473;468;473;478;485]
139549 - [373;436;282;214;225;335;353;366;473;468;294;220;226;462;477;471;483;486;333;218;226;471;498;493;489;488;322;215;219;476;498;499;486;490;363;227;264;479;500;483;472;471;462;265;389;473;478;475;472;469;465;280;391;479;479;475;479;469;471;474;475;475;480;478]
140513 - [371;428;283;217;226;355;367;356;471;468;295;221;223;455;476;467;485;484;323;216;233;473;501;493;489;485;307;216;224;471;498;494;485;484;361;219;245;473;499;488;472;470;461;278;384;475;476;478;466;467;465;307;393;479;476;475;479;474;472;469;471;477;470;479]
141477 - [369;435;281;215;228;347;361;366;473;470;314;219;234;455;478;476;484;482;304;219;227;473;497;493;489;491;314;215;234;466;499;493;483;488;360;230;270;479;496;491;470;469;461;276;366;473;475;475;473;470;461;303;369;475;474;474;482;475;472;471;472;471;474;480]
142441 - [367;429;281;214;221;342;371;361;472;470;317;220;229;456;475;472;487;490;335;220;231;469;496;491;492;489;281;217;225;475;498;499;483;484;358;229;271;476;499;488;473;469;458;282;383;476;478;476;473;470;464;293;395;472;478;475;479;475;471;470;473;475;470;486]
143405 - [362;429;281;215;229;333;356;336;477;473;327;220;224;461;479;474;485;490;331;216;232;472;503;490;489;488;292;211;225;475;502;497;483;486;334;230;251;478;497;490;467;474;463;283;385;471;475;474;475;467;459;303;394;467;471;475;477;476;473;471;475;473;474;483]
144369 - [352;434;276;214;226;343;355;357;469;473;317;218;232;458;478;466;482;487;337;217;233;466;499;495;486;486;319;215;233;479;501;496;485;487;350;226;263;480;493;492;475;466;455;257;384;477;475;475;476;470;457;303;395;476;478;476;483;473;472;472;470;478;475;480]
145333 - [385;430;264;216;227;340;361;342;470;469;316;221;231;459;480;472;480;478;322;218;227;472;496;492;490;491;318;215;224;471;495;500;488;485;360;228;247;479;501;491;474;474;462;268;387;475;479;476;471;468;460;298;377;472;473;477;474;471;469;476;472;474;474;480]
146297 - [372;430;282;215;228;345;361;359;479;471;309;219;231;458;475;473;484;485;309;217;234;467;496;492;489;492;320;215;234;462;501;495;485;486;364;226;271;476;494;492;471;473;470;270;392;478;480;480;467;468;464;298;402;475;474;478;468;474;467;469;477;475;478;482]
147261 - [367;438;273;214;223;337;363;360;465;471;318;220;223;454;480;466;483;482;341;220;226;473;499;492;488;490;317;217;219;463;500;494;484;482;359;230;269;477;497;489;470;473;453;277;383;479;477;473;473;473;457;299;400;474;478;475;477;472;469;472;474;475;478;475]
148325 - [360;434;268;212;226;352;368;365;475;474;318;219;230;450;475;462;490;483;302;219;239;471;497;493;488;491;280;216;221;465;496;497;483;485;334;220;270;481;496;493;472;474;465;269;384;479;474;477;474;475;461;282;372;469;473;475;477;470;472;470;470;475;477;484]
149289 - [365;431;281;214;231;347;360;363;467;475;315;219;230;454;479;465;486;484;336;221;226;474;493;493;490;490;312;214;232;471;498;494;485;485;334;228;268;480;494;493;471;475;455;276;390;474;478;476;473;472;461;302;403;476;475;478;477;473;470;474;472;474;471;486]
150253 - [364;424;280;215;228;344;342;367;471;465;313;222;237;460;476;467;482;486;333;221;236;462;497;490;492;491;315;213;215;468;498;500;488;492;333;230;248;478;499;487;475;464;458;264;388;475;478;474;474;469;458;304;386;468;480;475;475;480;466;475;475;473;473;479]
151217 - [378;438;284;215;228;344;349;353;464;464;295;218;222;454;479;468;485;481;325;220;226;472;495;498;487;486;317;217;227;472;499;497;486;487;342;228;271;476;500;490;472;469;454;268;394;480;476;480;477;474;467;287;392;469;475;475;477;473;469;473;472;478;475;479]
152181 - [364;430;258;214;228;348;357;351;475;471;330;219;224;458;479;469;483;484;302;223;226;471;493;488;490;490;316;214;229;467;500;495;485;472;328;226;251;479;499;486;474;469;460;278;396;473;475;476;476;472;462;281;396;478;475;478;482;473;466;468;471;476;473;475]
153145 - [371;441;283;216;224;343;368;361;473;470;291;216;231;459;478;473;484;483;336;220;235;472;504;493;487;490;277;219;219;465;501;494;486;481;362;228;270;479;498;488;470;474;455;270;389;482;482;477;477;471;462;307;403;475;475;478;475;472;472;467;466;473;470;480]
154109 - [365;429;286;217;225;344;342;353;467;477;315;219;231;456;470;469;489;488;324;218;235;465;492;490;486;487;316;214;228;476;496;493;484;490;336;228;253;484;498;489;472;465;458;271;385;480;480;475;473;470;463;304;370;472;472;475;477;473;465;472;472;471;478;482]
155073 - [369;431;280;215;225;329;364;360;472;475;295;219;223;455;474;463;490;488;347;217;235;475;492;490;489;487;324;217;229;473;500;496;486;489;364;229;251;480;494;489;472;462;462;270;384;475;475;474;473;468;463;298;370;477;475;477;481;474;476;469;479;473;471;483]
156037 - [366;432;266;217;224;347;340;361;472;463;312;219;231;454;477;469;485;483;325;217;234;464;499;494;489;488;319;214;225;473;500;493;488;496;361;227;267;482;494;489;472;472;462;269;394;472;482;480;466;476;463;305;391;467;474;474;474;476;469;475;474;477;476;483]
157001 - [376;426;281;215;229;346;362;346;472;471;311;220;228;453;480;470;483;484;320;218;225;471;501;486;487;486;310;216;230;471;500;494;477;484;362;228;245;486;500;488;471;467;459;277;384;478;475;476;466;470;459;285;398;472;475;479;485;464;471;473;475;473;472;485]
157965 - [375;435;272;216;228;345;369;359;474;468;323;221;231;455;478;472;487;490;329;219;234;477;500;496;486;488;322;218;225;464;496;499;491;492;364;229;270;483;496;490;474;468;455;286;366;477;473;482;477;476;464;302;397;466;479;473;482;473;469;470;475;475;473;484]
158929 - [356;441;280;216;228;343;378;344;470;473;290;215;231;461;478;473;488;483;336;217;237;471;495;492;489;493;316;215;232;474;501;503;486;485;366;227;271;482;494;489;473;471;464;265;386;477;476;471;475;470;468;301;372;472;475;475;473;476;471;475;471;474;479;476]
159893 - [360;434;254;216;221;348;343;374;472;473;326;219;233;461;484;468;485;482;333;218;223;475;498;495;488;492;279;214;222;470;502;496;486;483;371;226;267;487;497;489;472;471;459;272;364;481;476;475;473;467;468;298;397;474;474;475;469;468;469;469;478;477;477;480]
160857 - [366;433;283;214;225;342;352;357;469;469;314;218;230;462;478;465;485;487;307;217;238;472;497;491;489;494;307;216;230;471;496;497;488;493;362;228;253;480;498;491;469;467;457;264;387;466;472;479;470;464;456;306;391;470;469;476;471;469;469;467;471;475;479;479]
161821 - [353;438;267;216;227;349;366;357;469;476;309;216;231;459;475;469;488;488;332;218;227;470;494;487;487;488;279;217;222;474;502;493;488;488;326;229;248;476;492;489;469;468;458;272;368;478;473;478;477;471;461;300;398;474;475;477;477;472;469;471;469;477;468;488]
162785 - [352;425;266;214;227;344;342;362;470;465;311;219;225;455;482;476;487;485;320;219;225;468;502;496;486;486;275;217;218;476;501;489;482;485;336;227;253;483;495;491;470;476;455;282;387;478;476;479;469;473;464;275;396;471;476;477;468;474;467;472;475;476;479;487]
163849 - [358;440;256;214;227;350;350;360;464;472;311;218;231;462;477;463;479;485;332;219;230;475;496;491;490;488;277;216;223;466;501;498;487;483;360;227;254;483;500;488;473;471;455;288;388;476;475;480;469;469;458;304;384;471;477;472;481;470;472;471;472;476;474;486]
164813 - [362;429;283;216;226;343;350;344;468;474;290;219;232;457;477;470;484;483;324;219;233;467;501;492;488;491;313;215;229;465;502;495;481;490;360;229;270;481;494;491;475;468;457;275;390;472;473;477;477;472;466;305;401;471;473;475;475;473;471;469;480;471;474;483]
165777 - [351;433;277;218;228;347;346;359;472;473;291;220;234;454;487;462;486;491;332;220;237;467;493;491;487;492;311;217;221;477;500;496;486;479;373;228;253;477;501;490;469;470;455;269;382;471;474;479;464;467;460;288;399;469;476;478;473;479;475;469;470;475;476;481]
166741 - [364;437;277;215;228;351;343;344;464;471;314;219;233;459;473;466;484;487;337;219;236;469;493;492;481;493;284;214;222;470;500;496;488;489;311;222;241;478;497;488;475;469;451;279;394;474;476;476;479;469;462;303;399;474;475;480;464;473;467;470;473;472;477;480]
167705 - [351;429;282;214;221;344;356;363;473;473;315;221;228;454;476;468;489;481;322;218;239;467;494;484;490;490;321;217;218;470;503;494;488;484;363;227;254;482;499;486;472;473;457;279;382;474;477;477;474;475;462;283;393;477;470;478;478;475;474;471;473;479;473;484]
168669 - [367;431;282;215;227;346;364;353;472;467;293;220;226;460;478;471;490;488;324;219;226;472;494;492;486;488;315;214;231;467;495;496;489;484;355;228;275;478;499;492;471;472;461;265;386;480;476;476;473;471;458;280;370;470;475;477;473;466;472;477;475;474;472;481]
169633 - [365;429;275;217;227;349;356;361;467;466;314;217;232;461;478;477;484;488;331;220;235;474;492;495;482;488;313;219;231;469;495;494;483;480;362;229;269;477;494;487;474;475;466;282;382;472;477;479;472;471;460;301;368;471;476;478;475;475;469;471;476;475;478;476]
170597 - [353;425;279;214;227;346;340;362;470;473;318;218;223;453;476;469;485;489;322;220;235;479;498;490;485;490;318;214;212;469;500;496;483;486;367;228;253;478;493;487;475;472;455;287;384;475;479;477;471;467;467;299;371;471;470;474;474;470;463;473;473;472;477;485]
171561 - [367;433;280;217;226;343;361;360;471;472;314;221;232;463;479;468;487;484;335;217;228;475;498;490;486;489;320;213;217;466;498;495;488;484;335;230;267;479;495;492;472;466;450;270;387;474;475;478;470;472;463;266;393;476;475;477;467;473;465;470;474;471;473;479]
172525 - [364;433;254;214;222;348;361;365;471;469;311;221;231;452;477;468;484;482;325;219;228;478;497;493;487;489;279;217;228;473;497;498;485;491;368;228;251;480;496;490;472;466;460;283;388;476;478;474;473;473;460;296;364;473;472;478;480;475;470;470;473;469;473;483]
173489 - [357;431;280;216;225;355;361;360;472;475;313;216;230;461;480;471;485;485;299;218;237;474;499;490;488;488;316;216;230;474;495;497;489;486;316;229;251;478;494;488;475;466;455;276;381;474;477;474;465;463;455;283;395;475;469;472;472;471;471;476;468;473;474;486]
174453 - [364;438;281;215;228;348;352;351;468;465;312;217;228;446;477;469;491;482;322;219;237;469;493;497;484;490;320;212;231;466;500;492;487;488;356;228;270;487;498;488;471;469;462;272;381;479;473;475;476;473;463;295;402;471;472;477;483;470;469;468;473;475;472;480]
175417 - [368;433;273;214;230;350;349;359;468;467;314;219;232;464;481;464;483;480;317;219;235;471;492;492;489;489;283;217;232;467;500;500;485;484;365;228;241;479;497;489;474;472;461;282;360;474;480;478;474;471;466;300;388;475;470;478;481;472;467;471;470;470;475;484]
176381 - [366;434;279;215;227;352;345;339;470;471;314;219;227;456;476;464;485;490;334;219;233;469;496;495;490;491;277;217;227;472;501;497;486;486;333;228;267;482;493;495;469;469;453;279;359;477;475;480;474;470;457;293;395;466;475;477;480;472;467;465;466;472;475;482]
177345 - [366;419;279;215;227;346;337;357;472;471;293;219;229;455;477;469;488;485;307;218;238;466;496;490;490;493;313;216;224;471;498;494;489;487;315;219;266;482;495;490;468;473;461;264;388;475;473;481;473;467;464;276;391;470;476;476;477;476;472;465;470;476;478;484]
178309 - [375;422;283;213;228;346;356;364;469;473;305;221;230;451;480;468;485;484;324;217;228;468;496;494;486;485;276;218;227;465;499;492;490;486;359;226;270;478;498;490;471;470;462;277;394;475;480;474;475;469;461;299;367;474;473;468;478;474;470;471;471;472;475;478]
179373 - [383;436;275;215;223;342;344;360;466;467;293;223;229;452;478;479;484;478;334;222;240;469;496;492;483;495;286;216;221;465;498;490;487;484;330;226;249;478;495;486;471;470;459;271;385;475;478;482;474;468;464;284;367;471;472;471;471;468;475;471;473;474;474;482]
180337 - [379;432;285;215;227;349;368;356;470;476;288;220;232;453;477;466;482;483;305;218;236;472;491;487;487;491;315;216;221;475;497;503;484;487;357;230;269;477;494;488;469;469;456;282;387;470;483;478;472;471;461;285;398;471;475;477;475;467;467;471;468;474;481;479]
181301 - [340;428;256;215;222;348;356;357;475;474;314;219;223;456;482;475;480;483;307;221;237;472;497;493;488;487;315;217;221;470;499;498;487;489;356;226;265;479;501;488;473;470;463;280;388;475;476;477;472;467;455;301;361;472;478;475;471;470;469;478;473;474;476;478]
182265 - [370;437;259;214;227;341;341;362;469;471;290;217;234;453;479;465;481;489;328;219;235;477;499;491;487;496;315;219;228;477;501;497;487;482;360;227;245;481;491;489;471;463;464;273;388;476;476;476;472;471;463;280;401;471;474;472;470;469;471;471;474;471;474;484]
183229 - [353;429;280;214;230;347;361;354;470;471;319;218;234;457;480;471;485;483;337;216;226;474;492;490;488;489;305;216;225;473;501;496;485;490;361;226;250;479;501;482;473;470;452;267;383;477;482;479;474;468;464;273;366;472;469;477;474;472;470;473;466;473;478;481]
184193 - [372;437;263;213;225;353;362;358;477;475;291;217;229;460;477;469;490;488;331;217;236;476;497;497;488;488;275;218;229;472;499;496;480;483;360;227;249;477;492;486;472;476;454;282;379;473;476;473;469;472;457;303;400;470;476;477;475;472;469;471;471;474;475;483]
185157 - [377;434;279;218;226;345;348;330;463;464;316;218;223;459;478;472;486;483;336;217;238;469;495;494;487;490;282;216;217;476;501;496;487;482;360;227;274;480;500;490;476;469;461;267;389;473;474;476;468;474;465;294;365;478;475;474;474;468;474;462;471;471;474;480]
186121 - [349;438;260;216;224;350;353;336;467;469;317;220;236;452;475;470;482;482;325;217;228;469;494;491;487;490;312;215;223;474;495;498;487;483;355;232;251;481;500;490;473;471;457;268;380;471;478;479;471;470;461;266;364;476;478;475;478;470;470;473;471;476;477;480]
187085 - [337;432;275;213;220;338;351;340;482;470;294;221;229;455;483;465;483;485;278;217;226;471;496;490;488;487;317;217;231;475;500;495;483;486;362;228;268;482;491;485;476;469;456;266;389;477;475;473;470;466;454;294;394;470;477;473;476;470;476;466;471;474;476;477]
188049 - [361;436;267;217;226;344;363;362;473;465;310;219;225;450;474;471;488;483;325;218;236;473;494;491;484;481;281;217;225;469;497;491;488;487;350;227;272;480;500;484;472;466;456;268;364;475;476;476;475;465;460;286;368;475;474;476;486;470;473;464;464;472;476;477]
189013 - [368;427;287;217;228;332;350;368;465;464;297;220;232;455;468;472;486;486;323;221;226;468;494;491;487;494;275;216;228;468;502;495;485;488;348;228;264;474;500;486;470;473;454;281;386;469;476;475;477;469;461;302;396;473;471;472;474;469;469;471;475;470;475;481]
189977 - [342;429;259;215;223;356;363;364;465;467;311;219;229;459;479;462;483;485;303;219;237;472;495;491;487;492;324;216;230;472;497;498;487;488;361;222;252;475;497;489;473;469;455;281;389;477;472;477;475;472;458;282;398;473;474;470;477;474;475;469;473;467;476;483]
190941 - [372;433;281;215;229;340;346;347;466;469;313;217;228;458;477;463;487;485;331;220;238;468;495;494;488;491;318;213;219;472;493;500;486;483;357;225;268;477;493;487;475;463;455;281;401;474;476;475;472;467;461;281;392;477;480;474;476;474;466;476;470;471;478;480]
191905 - [366;430;285;216;228;343;356;352;468;473;325;218;234;458;473;473;484;489;335;219;225;475;495;487;485;488;273;216;229;476;506;500;484;488;349;224;251;482;495;490;470;470;458;281;392;479;471;475;474;467;461;283;392;475;473;478;473;475;470;470;470;474;474;473]
192869 - [370;439;286;214;226;330;363;354;472;472;287;216;222;461;477;469;486;485;323;218;235;473;495;491;483;492;278;216;228;472;501;496;489;489;348;229;267;480;497;488;473;471;458;273;398;473;481;476;470;472;463;298;363;471;476;471;475;471;470;471;468;473;473;479]
193933 - [368;438;282;214;226;348;344;353;469;466;306;217;233;456;477;470;485;485;333;218;230;469;496;489;487;487;316;213;216;477;500;498;486;484;326;227;248;483;493;489;474;469;456;281;380;472;478;478;476;472;459;280;405;477;477;476;477;475;475;469;466;470;477;482]
194897 - [366;434;279;216;228;343;363;359;466;476;310;219;231;462;480;470;481;486;325;220;226;466;497;492;481;488;276;216;230;471;493;494;483;489;354;229;269;482;499;487;474;469;461;276;373;480;476;475;474;475;459;274;366;476;476;479;471;468;470;468;475;475;475;479]
195861 - [363;424;266;213;227;345;361;362;478;475;311;216;231;457;479;464;487;487;302;220;232;476;497;489;481;489;281;218;222;472;501;496;482;489;365;226;248;479;497;488;470;471;452;287;384;475;481;476;470;473;462;296;385;474;476;476;475;473;470;469;467;472;475;482]
196825 - [376;434;279;215;224;342;363;362;469;474;307;218;234;451;480;468;486;479;343;220;235;472;496;487;486;486;275;216;216;468;500;494;479;484;356;226;273;477;497;489;469;463;456;276;384;470;477;479;474;473;460;285;392;478;476;474;472;472;468;465;473;472;476;481]
197789 - [361;434;277;217;224;336;369;343;476;468;313;219;232;456;479;475;481;483;322;219;224;471;499;493;488;485;317;213;227;470;495;497;480;490;327;229;269;479;496;494;478;472;459;269;387;478;477;477;469;468;460;295;397;476;475;476;480;468;471;472;470;475;473;473]
198753 - [369;436;266;213;229;349;361;358;467;462;286;217;235;455;484;464;484;485;324;219;236;474;500;488;488;490;290;216;225;479;503;497;480;483;356;226;240;481;495;487;478;472;459;279;384;477;477;473;471;473;457;268;394;470;478;474;473;467;472;470;477;477;478;469]
199717 - [364;438;278;211;226;336;371;358;467;471;311;221;232;458;480;471;483;480;336;219;237;476;496;489;489;493;280;217;218;468;498;498;488;492;347;227;274;481;495;489;475;468;453;259;362;475;482;478;473;468;461;297;390;473;477;477;481;469;470;472;469;471;480;479]
200681 - [364;430;265;216;222;342;360;347;471;470;309;218;235;456;484;470;482;489;327;221;237;473;495;493;487;490;311;215;229;466;499;497;481;486;361;227;249;485;495;491;472;472;458;270;385;476;478;472;474;473;460;282;398;474;472;475;482;466;472;464;469;475;473;479]
201645 - [370;426;272;215;229;355;341;356;465;472;313;218;236;457;478;477;485;486;313;218;240;477;496;492;486;489;314;219;230;468;499;499;488;488;370;228;267;475;500;488;472;473;454;279;390;474;473;478;468;468;460;300;391;470;475;476;476;470;478;473;471;470;475;479]
202609 - [359;429;276;214;227;347;356;348;470;479;305;220;228;456;478;472;487;481;335;222;234;480;495;489;489;492;309;219;231;474;506;495;485;487;352;228;247;481;493;487;470;468;459;276;385;473;478;477;469;470;462;295;394;471;475;471;479;473;465;473;474;471;472;479]
203573 - [351;424;279;215;223;351;368;355;462;472;314;221;227;466;466;468;482;479;325;221;238;467;498;491;483;492;288;215;219;473;498;497;485;481;365;232;267;477;496;489;466;468;451;285;362;475;478;478;465;471;459;278;399;476;475;477;474;473;471;468;474;474;479;485]
204537 - [365;436;266;213;230;340;353;360;470;465;314;220;225;460;476;467;483;488;311;219;236;471;497;497;487;487;314;214;228;473;500;492;487;487;359;225;271;476;491;488;470;467;457;277;369;472;475;480;467;471;461;297;391;470;474;469;477;471;471;465;471;475;473;481]
205501 - [373;436;279;211;227;353;355;360;470;469;311;221;229;452;484;470;481;485;325;219;229;469;493;491;488;485;312;215;219;482;500;500;483;484;353;228;248;481;498;489;470;469;460;275;390;475;475;476;468;471;462;267;400;472;476;473;477;474;466;465;469;474;474;476]
206465 - [370;431;267;215;221;329;346;360;468;466;312;219;226;458;473;470;488;488;304;218;236;470;492;496;488;489;281;214;217;473;498;498;486;483;361;224;269;482;494;490;474;471;457;283;388;476;477;478;470;470;462;297;401;471;474;480;475;469;464;470;471;471;474;484]
207429 - [366;434;276;217;228;339;370;366;470;471;292;215;226;450;478;469;487;486;326;220;237;479;494;488;485;492;278;217;231;473;500;494;486;488;355;226;248;476;502;487;470;471;455;274;382;478;482;478;474;464;456;289;370;477;479;476;482;473;468;471;468;474;476;477]
208393 - [362;441;277;217;222;348;340;342;470;465;313;220;233;457;476;475;481;485;299;220;234;473;496;497;483;487;318;216;219;468;500;497;485;488;351;227;245;481;493;488;468;468;459;279;385;472;476;480;476;474;462;284;400;472;475;476;482;469;465;468;473;473;475;474]
209457 - [367;429;267;215;223;347;374;358;464;464;309;221;231;453;469;474;487;484;304;219;228;475;497;491;487;487;313;216;228;470;503;494;487;478;325;225;246;485;498;494;475;467;455;277;368;474;475;475;473;471;462;295;388;474;476;477;484;470;468;472;471;476;473;480]
210421 - [365;434;265;218;226;346;363;343;476;467;306;220;231;460;472;475;487;485;277;218;235;469;494;494;488;488;315;216;218;475;493;496;487;484;350;229;243;480;495;488;471;471;454;266;385;473;479;473;469;468;460;286;389;470;477;473;474;472;470;471;472;473;472;482]
211385 - [368;432;281;213;226;350;364;357;469;461;292;219;233;453;482;471;485;481;333;218;228;471;497;493;494;489;309;217;220;475;503;499;489;492;361;225;240;478;494;492;473;466;457;288;389;475;479;477;472;470;459;296;393;473;472;472;479;473;469;469;473;471;474;474]
212349 - [367;433;278;216;227;340;364;358;476;466;316;218;232;451;484;466;484;484;307;219;236;469;499;487;485;492;277;215;223;477;502;497;482;489;364;231;241;477;501;490;469;471;459;276;397;468;476;474;473;467;459;297;400;471;479;477;474;472;466;467;472;475;476;475]
213313 - [349;436;276;213;228;356;368;362;472;464;305;218;234;458;477;476;487;485;324;220;237;469;494;492;487;486;288;213;220;477;501;496;485;487;361;227;248;485;490;489;469;473;459;287;390;477;480;476;473;466;462;297;394;470;475;472;479;474;472;468;466;469;473;476]
214277 - [368;428;263;221;227;348;359;339;468;467;287;217;231;456;471;465;487;488;326;220;240;466;496;494;491;492;314;217;231;464;492;494;486;480;328;227;267;479;502;488;470;475;455;277;391;476;478;481;471;471;457;281;393;472;473;480;475;469;475;469;472;472;479;484]
215241 - [362;429;283;218;228;343;347;365;466;466;315;221;235;464;478;464;482;484;326;217;238;468;497;492;483;487;278;214;233;464;502;491;489;483;364;228;266;483;496;490;472;469;443;278;385;474;478;475;467;472;465;285;400;468;474;472;478;472;471;473;475;470;474;480]
216205 - [373;429;272;215;228;345;364;340;466;468;305;221;230;454;476;468;482;486;337;220;237;475;497;494;488;489;313;217;231;474;495;492;480;487;356;222;268;481;502;490;471;474;458;294;385;477;480;478;474;468;460;299;405;469;475;473;479;467;472;467;468;473;473;477]
217169 - [347;426;278;214;228;350;356;371;462;472;287;219;234;456;476;471;484;489;321;219;240;476;502;493;489;494;276;215;223;473;505;495;485;486;323;231;249;481;500;486;474;474;456;276;384;477;474;479;468;465;460;301;397;471;474;475;478;470;473;471;471;471;469;482]
218133 - [359;436;275;215;229;347;346;356;462;466;310;218;233;465;474;468;485;488;327;218;239;475;492;497;484;488;313;216;229;478;500;495;487;485;355;230;248;483;501;492;476;473;449;269;390;469;475;478;470;470;461;298;390;473;474;476;478;468;472;470;472;473;474;488]
219097 - [357;439;279;215;220;337;347;348;472;466;312;220;234;449;478;472;486;488;324;219;229;472;496;494;488;489;294;215;228;473;501;495;486;491;363;227;247;482;500;487;470;469;458;282;372;473;479;477;472;476;461;299;406;470;475;471;471;474;471;473;469;471;476;476]
220061 - [373;436;282;214;227;339;352;359;463;475;330;219;222;465;474;463;490;481;320;220;227;471;496;487;488;493;272;214;230;472;502;495;483;480;351;229;267;481;499;488;469;475;460;269;383;473;478;477;466;469;460;285;376;472;475;475;485;473;472;473;468;470;480;485]
221025 - [354;440;283;212;226;344;350;362;470;476;294;219;227;463;476;468;485;481;323;216;239;471;497;493;485;493;277;217;231;467;501;499;483;484;302;225;250;479;497;489;470;469;456;277;393;477;475;476;471;463;462;287;400;471;479;473;473;471;472;472;472;476;475;484]
221989 - [371;436;258;216;224;344;361;357;468;465;306;216;233;461;483;461;487;481;318;217;238;467;494;493;487;491;310;217;232;473;500;494;483;481;349;227;266;475;498;492;471;468;464;268;373;478;477;476;471;473;457;291;394;473;475;473;477;472;464;471;470;472;473;482]
222953 - [363;426;275;217;223;355;345;369;468;475;308;221;233;462;476;465;485;480;319;217;241;468;496;492;487;491;276;216;229;472;496;496;489;488;330;226;268;484;500;491;474;470;456;258;388;475;476;474;472;474;466;298;407;469;475;468;477;470;465;473;470;470;475;484]
224017 - [360;431;254;217;227;339;358;355;471;473;313;218;231;466;476;464;487;483;339;220;234;474;502;492;488;487;313;218;232;468;498;492;486;482;335;226;273;484;498;491;471;470;462;279;389;478;478;476;474;474;458;297;397;478;472;472;469;471;468;473;474;472;475;476]
224981 - [364;432;276;215;228;348;346;361;472;469;312;219;231;463;474;469;484;481;335;217;237;475;498;493;482;489;276;214;218;473;498;494;481;482;320;225;245;480;498;487;469;468;456;277;361;474;475;480;480;469;461;297;402;472;478;474;474;465;471;475;470;470;478;482]
225945 - [342;439;270;217;226;345;365;338;462;465;309;222;237;453;476;464;482;487;322;215;234;473;497;496;484;489;305;216;220;472;504;496;483;487;350;224;270;479;495;489;472;469;456;268;366;472;479;475;468;468;465;282;399;472;478;476;477;473;473;473;475;468;476;486]
226909 - [363;429;279;216;228;333;361;367;472;467;287;221;220;463;480;461;482;482;318;220;234;471;500;491;487;487;315;217;220;471;493;501;483;487;348;229;245;482;495;488;472;469;454;278;389;473;478;483;467;474;458;303;397;473;475;476;474;475;472;467;471;471;474;478]
227873 - [368;434;267;214;227;341;363;333;464;465;306;219;234;455;476;471;487;480;318;218;234;473;498;486;486;490;281;217;230;466;496;492;488;482;328;225;247;478;496;493;472;470;456;266;373;477;479;476;468;469;462;300;377;469;469;475;472;469;472;471;474;470;477;477]
228837 - [366;430;276;217;228;345;345;361;476;468;307;220;230;456;480;469;486;481;321;219;238;468;496;490;488;491;311;213;231;467;495;501;484;487;361;226;270;480;499;490;474;468;456;283;391;471;474;476;476;469;458;296;372;474;469;478;479;471;472;469;471;466;475;479]
229801 - [367;437;266;212;232;346;339;363;470;454;313;220;222;455;479;466;490;485;321;218;236;474;496;495;489;490;312;215;227;476;502;490;485;481;320;220;269;481;490;488;474;464;450;266;384;474;480;477;469;471;456;284;399;477;479;477;470;476;468;476;468;473;478;480]
230765 - [362;434;257;216;230;334;348;359;468;472;304;222;233;455;476;474;489;490;320;220;241;472;492;490;488;488;276;217;220;472;497;495;486;493;329;229;241;482;493;487;474;476;454;268;391;471;479;482;471;469;466;296;397;472;475;472;478;471;473;472;466;472;481;484]
231729 - [366;443;275;214;228;349;352;363;465;471;305;220;229;455;477;472;485;483;324;219;227;468;491;489;488;491;310;213;219;474;503;497;485;488;328;224;271;482;494;485;472;471;458;288;396;475;476;480;472;469;462;284;367;471;477;475;481;468;471;473;474;474;473;478]
232693 - [351;430;274;216;224;346;340;350;473;467;314;217;232;453;474;470;490;479;288;220;238;474;496;496;485;494;274;218;230;475;502;495;482;485;331;225;248;481;496;490;468;471;457;264;384;478;472;478;472;474;458;281;396;471;475;475;473;471;474;470;471;473;478;483]
233657 - [354;418;259;218;225;335;359;349;471;472;308;215;236;460;480;477;487;485;312;217;237;474;497;493;487;490;278;214;222;477;498;496;490;482;349;227;247;478;495;489;472;465;459;277;387;479;475;474;472;471;452;282;377;476;475;472;471;470;472;470;468;474;473;477]
234621 - [359;430;281;214;220;348;366;362;473;469;300;221;223;459;474;464;483;483;325;218;240;471;491;493;489;489;311;216;224;469;496;496;482;482;327;226;245;482;502;492;471;468;450;260;387;478;476;475;470;467;456;273;368;475;474;476;478;471;475;470;473;474;473;479]
235585 - [340;432;256;216;222;341;356;350;473;465;312;221;226;456;477;462;481;482;316;218;226;471;501;499;485;489;280;215;219;478;496;497;484;490;355;229;246;482;498;490;471;470;457;260;360;476;479;479;468;475;461;280;387;479;477;476;474;469;471;471;470;470;477;485]
236549 - [370;443;277;214;230;330;362;349;474;470;315;220;232;455;478;473;487;477;320;219;240;474;498;490;488;490;276;218;230;475;498;499;487;485;356;226;250;480;489;487;473;474;457;264;395;477;480;473;472;466;457;279;401;470;476;473;474;473;472;476;471;476;473;475]
237513 - [346;426;277;215;225;344;358;343;470;473;309;218;231;462;479;468;488;488;323;221;228;475;499;499;487;489;313;213;231;477;500;497;485;488;349;226;253;482;499;486;474;468;458;275;392;474;473;477;472;473;459;294;394;467;473;478;476;470;470;473;475;472;477;475]
238477 - [370;431;282;214;219;335;364;350;467;476;292;219;225;460;477;466;484;484;295;218;238;472;496;491;486;492;279;218;229;478;495;497;485;482;349;228;270;478;495;492;474;465;453;291;394;469;474;476;475;468;466;294;366;474;477;473;477;466;473;469;470;474;477;479]
239541 - [369;430;259;214;229;334;368;365;465;474;311;219;233;464;479;464;484;484;318;218;235;476;495;490;488;496;308;212;230;471;498;499;486;489;320;220;271;484;496;492;470;467;456;267;388;468;478;480;470;467;463;298;398;472;480;480;476;464;472;469;471;472;473;475]
240505 - [351;440;279;213;229;340;368;358;469;465;311;215;235;457;485;472;482;490;321;218;229;473;495;493;483;493;275;216;230;474;497;497;481;487;324;228;272;484;497;493;474;469;455;282;397;474;476;479;473;473;458;284;365;469;474;478;473;473;470;469;473;471;471;479]
241469 - [364;417;275;212;225;334;346;360;475;472;302;218;234;454;472;463;484;477;322;218;228;473;498;494;491;489;311;218;222;467;501;497;486;484;319;224;274;485;498;485;472;463;453;274;388;473;475;479;469;474;455;294;388;476;475;478;479;469;469;469;477;472;476;481]
242433 - [355;432;282;216;229;339;355;360;467;468;308;217;234;453;477;473;484;481;323;219;227;479;496;496;486;489;314;216;219;477;504;499;487;481;348;227;269;481;494;490;472;467;457;272;387;471;474;478;470;468;456;298;401;473;475;480;480;475;472;469;469;473;477;482]
243397 - [365;432;262;213;228;337;345;339;470;472;306;218;232;459;484;465;482;487;318;219;241;471;496;492;488;491;313;218;228;467;501;497;482;483;352;226;267;481;500;486;471;470;455;269;390;474;480;477;470;467;454;280;402;474;477;473;473;472;470;470;473;475;474;479]
244361 - [356;429;275;216;226;347;349;360;470;468;308;219;235;460;477;477;487;486;320;219;232;473;496;492;489;486;309;214;231;474;499;497;488;488;357;220;250;483;498;491;471;470;453;278;387;480;477;472;465;466;459;280;400;473;475;472;484;476;470;472;468;472;474;485]
245325 - [341;432;276;216;229;344;361;358;474;476;312;216;238;450;478;480;486;483;302;218;229;474;499;490;485;493;274;212;232;475;499;496;489;488;353;228;250;488;500;488;473;472;453;267;389;480;476;475;476;468;462;305;370;472;476;474;471;471;470;470;467;476;475;482]
246289 - [345;427;277;215;229;342;343;354;469;469;287;219;232;455;477;463;480;485;298;219;238;474;501;492;494;487;273;216;232;475;500;497;489;489;356;228;269;487;497;487;471;471;455;257;392;475;477;478;471;471;461;280;387;472;474;475;477;474;467;469;470;466;479;480]
247253 - [355;425;253;213;227;349;346;331;468;473;307;220;230;460;475;469;489;484;320;219;238;469;499;492;491;485;310;212;218;478;500;497;488;486;326;224;263;488;498;494;468;471;459;264;395;475;475;477;467;468;464;282;369;474;475;475;475;473;473;469;469;476;474;481]
248217 - [356;433;277;216;228;348;365;351;465;467;289;219;234;468;472;465;484;487;294;215;238;472;492;492;488;486;277;213;232;473;500;490;482;490;355;226;253;481;498;490;472;464;458;282;394;467;481;474;475;469;463;291;403;470;474;477;475;467;469;471;468;477;480;477]
249181 - [365;428;259;215;227;343;358;363;465;467;273;216;237;451;481;470;484;487;327;219;241;472;497;491;485;486;275;215;233;475;504;499;484;486;347;220;266;484;494;490;470;465;455;269;392;477;474;477;474;472;460;294;396;471;478;473;473;469;471;468;470;474;472;475]
250145 - [358;436;280;218;226;346;370;340;465;468;312;219;238;460;468;469;487;485;329;220;228;470;497;494;489;492;277;212;231;471;503;495;486;493;351;218;250;481;499;490;470;464;459;276;388;476;470;476;471;468;461;298;402;475;474;472;481;471;468;470;470;470;470;481]
251109 - [366;426;259;214;228;347;335;351;469;467;311;223;229;458;476;467;484;485;319;218;229;471;499;492;490;494;311;216;224;475;497;497;487;487;326;225;268;477;501;491;466;470;452;280;391;478;476;478;469;472;458;295;394;473;478;475;473;475;471;469;473;473;475;480]
252073 - [367;434;258;213;230;358;350;360;470;478;307;219;235;459;476;464;483;485;324;218;228;471;496;492;486;489;306;218;218;472;499;495;491;486;343;224;266;475;499;496;473;471;456;261;385;479;479;481;474;469;460;294;397;470;474;476;472;475;471;469;473;472;479;473]
253037 - [371;421;273;214;227;341;361;361;464;473;312;220;234;455;486;468;483;486;297;217;237;473;497;490;487;489;279;214;222;471;500;498;483;487;323;224;244;486;496;487;476;473;455;278;391;476;480;474;468;469;462;296;392;466;475;478;475;470;473;471;472;471;474;480]
254101 - [368;435;278;215;224;347;360;356;473;468;310;217;236;461;480;475;485;483;318;216;227;473;496;487;490;490;308;216;223;471;498;495;486;491;346;226;268;478;496;491;473;472;456;265;399;475;474;478;470;465;457;295;372;475;472;474;482;473;470;467;473;472;477;475]
255065 - [362;421;246;215;224;342;368;351;472;469;309;216;235;459;477;471;486;487;329;219;239;471;498;489;486;490;284;215;230;474;501;492;480;489;355;227;245;477;497;491;470;477;456;278;392;476;474;475;471;467;458;298;396;473;476;476;475;470;468;469;469;474;475;484]
256029 - [363;431;280;217;228;341;367;357;464;468;308;219;228;456;480;468;485;491;318;220;229;475;497;485;489;491;271;218;231;472;499;497;487;484;347;227;251;481;497;486;472;471;456;277;389;476;475;476;470;469;458;291;367;474;473;473;474;473;471;470;470;469;470;479]
256993 - [377;424;259;218;224;342;353;338;470;463;312;219;224;457;479;462;481;481;323;220;228;477;494;491;487;490;276;217;219;475;501;497;490;483;347;223;252;482;495;490;478;467;453;279;394;477;476;470;467;463;457;266;374;475;469;475;468;479;469;471;470;472;474;477]
257957 - [354;427;277;215;228;342;349;347;465;468;306;222;225;452;478;467;492;488;333;218;237;473;497;490;489;488;266;221;221;476;499;492;487;486;353;225;251;483;496;487;470;472;456;283;392;475;479;477;476;471;460;294;400;473;473;473;479;473;467;477;474;473;475;481]
258921 - [352;438;275;215;230;339;351;352;469;473;309;219;230;464;487;464;484;488;320;219;227;480;496;490;485;490;316;218;227;475;506;495;485;491;314;225;252;483;499;488;474;468;452;266;396;472;475;479;476;469;463;297;404;475;472;475;475;473;469;463;469;469;475;486]
259885 - [360;435;274;214;229;338;352;362;465;466;288;220;228;460;477;461;488;482;295;219;239;470;504;491;480;493;274;215;223;472;499;496;490;483;319;223;266;480;494;492;468;472;460;281;364;477;475;477;465;469;460;296;395;480;474;474;475;472;467;473;476;477;475;481]
260849 - [361;432;275;217;226;345;360;354;480;469;306;220;224;460;483;467;485;487;320;218;238;471;499;488;490;491;275;212;232;471;499;495;489;490;355;226;251;484;492;489;469;474;449;268;384;474;473;481;474;466;465;301;372;477;474;483;476;474;471;467;474;471;476;477]
261813 - [368;429;277;213;229;341;338;362;465;465;288;218;233;460;481;470;486;484;321;222;230;472;498;496;482;491;310;215;232;475;493;494;480;491;310;225;251;485;500;490;470;471;453;281;391;478;483;476;470;469;455;280;402;476;471;474;474;477;469;469;473;477;476;481]
262777 - [372;430;276;213;226;348;357;357;469;466;308;219;236;458;481;464;483;483;329;215;237;473;496;491;486;490;279;218;230;480;506;495;487;486;348;225;253;477;498;483;472;474;454;266;391;480;474;474;469;467;464;298;401;472;472;478;473;469;467;466;475;473;476;481]
263741 - [372;424;263;215;227;342;354;351;463;475;309;217;226;458;476;472;489;486;298;219;238;481;494;493;484;494;309;216;224;477;500;495;487;484;317;213;250;484;500;489;471;472;454;281;388;477;475;474;467;472;459;297;399;479;475;472;473;469;471;465;475;469;474;487]
264705 - [351;431;274;217;225;341;338;360;469;462;299;214;234;456;470;468;485;475;319;218;231;478;500;489;484;492;308;218;228;478;500;496;486;486;347;227;268;469;494;490;469;471;453;280;386;473;477;481;471;470;464;283;399;474;470;475;470;478;469;469;472;472;477;483]
265669 - [343;438;255;217;226;344;365;351;469;464;303;216;234;466;477;471;487;484;315;219;229;475;498;491;484;487;274;218;224;473;498;501;483;485;319;227;244;480;499;490;474;473;453;279;386;480;481;472;476;469;461;295;392;475;472;478;474;471;469;468;473;472;474;474]
266633 - [365;435;273;216;233;336;353;361;473;471;306;213;238;456;469;467;483;483;313;216;238;475;496;496;489;494;309;216;229;476;499;501;483;487;361;224;268;482;493;491;473;469;447;279;388;475;477;475;473;471;458;281;390;476;478;476;473;469;467;470;472;476;482;480]
267597 - [356;438;275;213;229;342;369;363;465;469;304;221;226;455;480;471;486;489;321;218;229;479;498;492;481;493;312;215;232;471;504;498;485;488;350;225;244;478;503;492;472;468;455;276;384;473;478;477;473;469;458;297;394;472;475;471;476;468;475;472;472;476;474;482]
268561 - [359;435;282;217;223;336;342;354;477;465;288;221;233;463;475;464;485;485;319;218;235;473;496;495;487;488;295;219;229;472;497;492;484;487;344;227;267;481;501;493;466;471;457;269;381;472;478;475;472;465;454;294;396;470;474;478;479;472;476;473;471;469;471;481]
269625 - [340;429;256;217;229;347;343;355;470;472;307;218;235;455;476;466;485;485;298;218;229;472;498;495;485;489;275;214;230;470;500;496;487;480;349;223;272;482;496;490;475;469;454;280;364;473;477;473;465;471;464;294;393;472;475;476;473;469;471;475;478;471;477;482]
270589 - [336;434;278;216;228;343;363;358;472;469;310;221;233;458;486;465;486;481;316;218;239;472;496;493;485;486;272;214;220;472;497;493;487;489;339;221;251;479;498;489;475;473;450;269;392;473;477;476;467;470;463;290;394;469;471;472;481;467;472;471;470;470;476;477]
271553 - [353;436;281;216;231;339;348;361;469;471;309;221;237;458;484;463;487;485;278;219;239;472;498;494;489;493;274;219;232;480;498;495;487;480;361;226;270;479;499;487;476;468;458;280;390;473;477;473;468;468;458;298;367;473;476;472;470;473;467;470;471;472;475;481]
272517 - [363;436;263;214;228;355;352;350;469;463;310;217;225;460;477;464;482;487;297;219;222;475;497;490;492;487;306;219;232;474;501;496;479;479;348;225;269;485;501;490;473;468;452;261;391;474;479;477;467;470;454;280;377;469;474;476;473;472;471;469;476;474;478;475]
273481 - [365;436;267;213;227;347;357;334;466;472;287;218;231;454;477;473;486;485;326;219;239;473;496;491;485;493;310;218;231;473;500;496;483;485;346;223;242;482;491;486;473;471;452;282;372;476;476;477;470;473;458;300;391;471;475;478;480;473;471;469;473;473;474;481]
274445 - [350;431;256;216;222;337;353;348;462;479;311;219;230;456;481;468;488;478;316;217;236;473;500;491;488;492;275;217;222;472;502;491;484;483;351;226;250;481;498;486;472;470;456;269;394;480;476;476;471;471;463;292;399;475;476;473;473;472;469;469;474;477;475;475]
275409 - [344;427;276;214;226;342;352;363;466;473;305;221;237;456;484;471;486;480;320;214;229;477;498;493;487;481;270;217;231;472;501;499;487;482;342;225;271;486;491;492;471;475;455;276;393;473;480;478;471;469;453;300;366;470;477;475;477;471;468;466;470;475;474;482]
276373 - [362;444;268;217;223;340;343;351;469;468;302;215;225;456;475;467;485;486;317;220;231;478;500;489;490;493;312;219;221;474;497;494;486;481;350;222;270;484;498;488;468;467;455;282;364;475;475;472;472;467;460;296;370;470;470;475;477;473;474;468;470;475;474;484]
277337 - [353;434;277;216;225;352;365;327;473;460;308;219;235;459;476;470;487;487;320;217;231;473;497;488;487;491;272;215;233;478;499;494;487;480;303;225;250;482;497;491;471;468;457;280;388;474;474;476;470;469;463;296;396;469;471;474;471;468;473;471;476;472;471;483]
278301 - [354;424;281;216;225;340;336;353;470;476;306;219;224;458;480;473;479;484;312;214;239;473;501;494;488;484;314;214;220;467;496;495;483;487;324;222;271;483;493;490;478;473;453;281;392;476;478;478;472;473;455;298;403;474;470;478;475;475;472;469;473;474;473;484]
279265 - [368;434;263;215;226;344;341;350;468;476;291;220;227;456;481;465;486;485;315;219;227;471;497;493;484;493;315;216;230;475;497;495;488;492;303;225;268;483;498;487;473;469;456;267;389;471;476;480;468;466;464;293;406;471;475;471;472;472;468;469;470;474;475;478]
280229 - [362;417;272;213;231;347;342;357;464;470;304;221;232;452;471;469;485;480;298;216;228;472;496;494;490;490;314;216;227;463;500;498;487;486;317;224;269;480;500;491;471;477;453;278;387;475;475;477;473;467;468;280;394;470;472;476;472;470;466;471;475;477;475;478]
281193 - [357;431;275;216;225;327;365;351;464;465;310;215;232;454;479;470;483;480;313;219;240;474;491;493;489;488;278;215;222;474;502;498;487;486;345;227;246;479;499;486;475;469;455;279;385;478;475;475;472;473;455;293;403;475;475;475;479;463;474;465;469;471;468;479]
282157 - [341;434;260;216;228;350;346;360;474;462;307;221;237;463;472;467;486;485;310;221;232;478;500;491;486;487;315;216;221;470;504;497;491;490;344;228;272;484;492;493;467;467;451;276;395;479;476;475;476;475;463;292;411;469;476;478;477;469;475;473;469;468;476;477]
283121 - [336;434;273;215;228;344;351;351;470;464;307;218;228;453;477;471;486;484;300;217;236;480;501;491;489;492;310;215;233;478;498;492;488;488;337;223;273;484;497;485;469;469;451;282;393;472;477;475;470;464;456;266;374;475;473;475;481;467;471;467;470;474;472;477]
284185 - [358;427;285;212;225;342;355;359;465;468;312;218;236;457;471;465;484;489;318;218;229;470;501;492;490;489;281;214;234;475;501;496;489;489;349;224;272;484;499;489;476;469;461;283;398;473;476;479;467;471;464;281;400;468;470;478;482;476;466;469;469;470;469;481]
285149 - [340;431;276;213;228;333;356;357;467;472;305;218;230;456;476;467;486;484;301;217;236;473;501;495;487;490;271;218;220;475;500;492;488;487;351;227;249;485;501;488;474;471;452;281;396;478;480;475;473;467;458;294;391;475;472;477;483;468;472;471;473;475;475;470]
286113 - [371;436;271;217;223;338;351;354;475;465;306;220;232;459;475;467;486;477;283;214;241;474;500;490;488;490;278;216;232;477;496;496;479;493;349;224;249;478;498;488;470;473;454;280;397;474;478;475;473;469;461;281;404;470;473;479;473;466;471;467;474;472;475;482]
287077 - [355;430;278;212;227;352;366;333;470;466;307;221;236;459;482;457;485;484;320;213;230;476;499;492;487;490;275;218;221;473;502;499;484;487;344;227;270;478;503;491;473;472;453;269;387;478;476;478;470;473;450;297;370;474;475;476;480;473;469;472;478;475;480;480]
288041 - [354;430;279;215;230;327;370;362;464;469;303;222;236;454;471;469;487;487;318;217;244;471;496;490;492;490;271;217;232;472;500;494;487;487;341;227;239;483;498;491;469;473;449;281;393;471;479;476;471;466;449;297;396;470;480;475;480;473;469;472;469;467;475;480]
289005 - [382;438;272;216;224;347;341;338;466;476;288;216;227;461;483;463;482;489;322;217;239;480;498;488;486;489;305;213;232;480;500;497;487;488;345;224;272;478;498;491;473;471;453;262;389;475;480;475;472;471;457;297;377;474;479;478;474;472;469;470;474;471;478;483]
289969 - [362;433;273;216;229;345;348;368;468;473;288;217;231;463;478;470;484;482;324;217;226;474;496;493;489;489;306;215;221;477;501;494;487;487;322;224;270;477;501;492;466;469;453;278;381;471;486;480;473;465;457;294;364;477;479;474;477;471;470;469;471;474;481;479]
290933 - [361;432;281;215;227;345;354;341;468;469;308;218;237;462;476;469;484;490;318;220;238;476;496;495;483;483;273;218;224;479;502;493;487;488;356;219;250;478;499;487;466;477;454;263;388;475;475;477;470;465;462;273;398;474;474;473;475;472;473;473;473;468;478;476]
291897 - [339;427;256;216;225;353;352;361;468;471;297;217;233;459;472;460;485;485;316;218;241;475;495;491;487;486;278;217;229;479;496;496;487;486;345;221;269;479;497;488;465;465;450;266;390;479;477;475;472;469;457;293;360;475;477;480;477;473;467;469;472;472;478;483]
292861 - [367;442;273;214;230;348;338;341;465;475;304;219;233;457;474;465;486;482;316;216;241;477;496;489;490;495;277;217;231;475;497;492;488;484;352;222;257;472;497;490;469;471;454;267;391;480;474;478;475;468;456;297;399;470;479;476;468;470;472;469;471;472;477;477]
293825 - [371;443;258;215;227;338;348;336;472;468;302;218;225;460;476;471;484;485;323;218;238;471;496;497;482;489;313;213;233;477;496;494;482;488;347;227;269;484;496;488;473;464;457;279;394;471;475;479;472;471;460;282;405;475;472;471;475;464;476;472;470;478;472;478]
294789 - [365;429;260;212;227;346;359;360;468;457;312;220;224;462;477;469;488;490;318;217;229;475;498;494;486;488;270;216;224;474;501;495;482;479;337;227;252;478;497;494;477;468;456;263;397;475;475;481;463;473;457;297;366;472;477;477;479;467;467;469;470;476;475;480]
295753 - [363;434;272;217;222;342;350;362;468;473;306;220;230;460;469;473;491;485;315;218;229;467;497;489;486;489;275;215;228;470;497;497;487;492;342;224;253;483;501;496;472;470;456;260;392;474;478;474;470;471;458;281;364;477;472;469;484;474;470;471;471;472;475;475]
296717 - [365;439;278;215;226;344;351;354;468;472;294;221;234;455;478;460;489;486;299;217;231;477;500;491;487;486;311;218;219;481;492;494;483;486;308;224;252;479;498;493;469;466;460;256;396;476;482;477;473;467;462;294;395;476;476;476;480;469;472;470;472;472;479;485]
297681 - [355;430;276;217;226;339;351;332;471;466;287;219;232;461;478;473;484;485;293;220;231;470;499;488;487;487;307;215;231;474;496;500;487;484;319;226;270;478;492;489;472;468;449;263;377;475;475;476;467;469;461;276;367;471;472;470;476;470;476;473;469;475;474;481]
298645 - [359;428;263;217;229;346;353;341;473;471;275;219;234;456;478;464;487;482;298;219;230;478;494;491;488;491;275;214;233;467;502;496;483;490;300;224;250;485;498;491;477;475;449;270;394;473;475;478;470;471;457;294;397;472;475;477;469;475;473;465;472;474;472;473]
299709 - [351;438;254;217;230;351;348;356;467;465;306;221;229;461;473;465;487;483;323;218;227;476;500;493;492;493;284;215;233;477;500;489;484;486;351;224;268;483;495;491;470;470;458;277;391;477;477;479;471;475;457;295;401;472;476;479;473;473;470;475;473;476;481;478]
300673 - [364;429;272;212;222;329;342;350;467;467;305;218;225;454;479;470;484;486;321;219;221;486;498;494;486;492;311;216;224;474;502;496;484;484;303;226;268;487;498;491;470;476;460;279;392;475;476;476;466;473;461;280;371;474;474;478;473;470;473;466;472;474;475;484]
301637 - [362;437;271;215;227;346;346;353;470;467;305;220;232;458;488;465;484;483;321;217;228;470;498;495;488;489;274;215;234;475;499;491;484;487;317;226;273;481;499;487;473;472;458;275;399;473;474;476;471;470;459;291;398;474;472;476;473;468;468;467;471;472;477;477]
302601 - [339;405;278;218;230;341;354;352;471;467;302;218;224;462;476;467;483;484;297;218;239;477;497;501;488;491;275;219;230;477;499;494;487;485;352;223;268;483;493;490;474;472;453;276;369;473;475;472;470;464;452;295;396;479;472;478;480;465;470;469;473;476;478;476]
303565 - [355;428;278;216;230;348;341;359;472;470;300;221;236;456;473;470;486;485;322;219;238;476;497;493;483;496;306;213;225;470;497;491;484;489;315;223;272;484;502;491;467;469;456;285;391;474;478;481;474;469;460;277;398;470;473;474;479;471;470;469;470;475;473;482]
304529 - [348;429;257;217;226;340;338;332;463;463;301;221;232;457;482;468;482;483;321;218;229;469;499;491;485;489;275;215;220;472;502;494;482;486;302;223;243;481;501;488;477;469;457;296;399;475;477;474;470;469;463;263;393;473;476;478;476;473;470;471;469;469;471;478]
