Leitura Aluminio Natural - 20 CM - VL53L5
1859 - [381;440;388;317;333;383;370;355;481;480;460;334;383;483;484;488;492;492;460;317;379;498;499;499;492;496;474;323;357;504;502;503;491;497;493;450;479;498;501;495;483;480;479;479;480;484;477;478;482;478;479;470;479;477;477;475;488;477;475;479;480;475;478;486]
2724 - [379;440;397;311;341;385;355;371;478;484;462;334;393;480;486;478;492;493;464;317;377;492;500;493;494;498;470;323;359;499;501;501;490;490;492;453;476;493;499;491;480;480;472;480;477;479;480;476;478;477;477;476;477;479;476;480;478;478;478;473;478;473;478;479]
3689 - [384;434;392;315;341;389;387;373;472;480;461;332;383;482;483;472;492;491;466;318;375;495;497;493;495;497;467;325;362;505;499;494;490;489;492;448;477;497;499;493;475;474;474;475;479;478;479;479;477;473;471;469;472;472;476;478;484;473;472;473;478;474;477;476]
4654 - [377;440;386;314;325;378;375;375;478;483;466;327;393;481;483;480;488;492;460;320;372;489;497;490;496;498;465;321;359;500;495;499;489;490;492;448;476;497;495;492;479;476;475;474;479;480;480;476;476;473;475;474;474;475;475;476;485;475;472;478;477;477;476;481]
5619 - [375;437;386;315;334;389;381;387;477;480;463;335;399;484;483;480;494;488;466;317;375;494;495;495;495;497;471;323;358;496;501;499;491;491;490;447;478;500;493;490;475;478;479;480;480;485;472;477;479;476;472;477;471;472;479;475;477;479;472;475;475;476;477;482]
6584 - [380;448;395;317;335;381;365;376;478;481;466;340;400;488;486;472;487;487;465;317;379;493;499;494;487;494;469;323;356;496;504;497;489;495;490;447;474;494;497;493;479;476;471;474;476;480;478;475;475;475;477;472;475;473;473;473;478;471;472;470;472;474;473;473]
7549 - [388;447;387;310;329;386;378;368;477;481;459;333;375;485;483;480;492;492;468;317;374;500;499;496;489;494;460;322;357;497;499;499;494;488;491;444;476;496;499;491;480;473;479;476;476;481;480;477;476;474;471;471;473;474;471;471;478;477;473;478;475;478;476;481]
8514 - [374;452;392;316;329;379;380;377;478;478;468;335;395;487;485;474;489;489;465;318;372;495;499;491;492;494;459;322;357;498;497;496;489;489;487;447;476;497;495;493;478;471;472;474;471;483;478;484;475;472;475;477;475;475;470;468;474;476;474;477;476;472;477;486]
9479 - [372;447;382;317;332;385;356;358;478;479;465;333;393;483;481;477;492;490;468;313;382;493;500;490;492;497;462;325;359;502;503;497;490;487;492;453;475;498;500;492;471;473;475;476;476;482;478;475;479;476;477;473;479;478;479;475;488;478;477;475;474;473;476;481]
10444 - [369;443;384;313;327;381;378;373;478;478;462;329;382;480;482;470;488;490;458;322;376;495;498;493;492;495;471;321;353;501;501;499;491;487;491;454;481;495;494;489;474;478;477;479;481;479;481;477;480;473;470;472;475;473;474;476;477;482;476;475;477;474;472;480]
11409 - [384;442;387;317;332;376;364;377;476;479;462;337;381;486;483;480;494;485;465;317;377;500;499;496;493;493;465;321;358;502;503;496;489;491;488;451;477;497;497;487;480;482;480;480;473;481;476;481;478;471;477;472;473;474;474;471;480;477;475;476;472;476;473;475]
12374 - [377;444;389;314;330;367;378;379;476;485;466;334;388;480;484;481;491;490;461;319;372;489;500;495;493;494;460;324;361;501;501;498;491;491;489;454;477;500;495;490;475;478;476;479;475;478;479;478;479;472;472;469;471;475;473;470;485;474;474;473;473;479;474;477]
13439 - [377;438;375;311;335;386;375;373;479;479;459;330;395;487;483;480;491;494;457;322;379;493;498;490;493;496;466;322;360;503;503;497;490;491;492;453;475;497;497;492;477;476;477;475;475;476;477;475;475;476;470;479;475;472;471;476;478;478;474;473;473;470;478;475]
14404 - [371;434;398;308;334;373;374;373;473;479;463;342;397;487;486;477;492;493;463;322;381;493;500;493;488;499;468;324;356;501;499;496;494;488;492;438;480;495;500;489;478;477;473;477;471;482;476;478;473;470;474;470;474;470;476;476;478;478;476;474;473;476;474;477]
15369 - [372;438;396;313;333;384;374;368;476;477;463;340;390;485;483;477;491;488;463;318;373;498;497;496;499;498;468;321;355;499;499;497;484;488;488;440;480;492;504;494;475;476;478;478;481;479;478;474;476;474;472;471;478;474;469;473;480;471;473;476;472;474;475;480]
16334 - [379;443;395;311;328;381;375;391;475;472;468;338;392;483;481;471;490;493;461;318;376;495;501;494;496;498;461;309;355;502;495;498;494;488;488;449;479;497;498;492;478;475;477;474;475;480;478;480;478;469;475;475;474;469;477;476;475;474;477;472;470;472;476;472]
17299 - [375;434;388;318;332;379;371;366;475;476;462;328;396;490;480;476;489;488;462;318;379;500;500;494;494;497;466;322;359;501;502;496;488;491;494;444;478;496;499;491;476;476;475;476;471;481;478;478;472;470;478;477;475;477;472;471;482;475;469;475;474;473;473;482]
18264 - [373;437;389;308;323;371;377;379;480;482;464;334;378;481;480;472;486;495;461;317;383;497;500;495;492;494;467;322;361;507;497;500;490;488;489;444;476;500;499;494;475;471;475;481;473;481;478;479;475;475;473;476;472;468;475;473;479;474;475;474;473;475;474;480]
19229 - [378;448;389;312;341;368;369;364;480;478;460;336;380;485;482;478;489;487;466;312;382;497;500;497;495;497;472;321;361;498;500;498;493;494;491;441;476;495;498;493;477;477;473;478;476;478;482;477;475;478;474;478;473;474;477;478;488;475;472;473;471;471;476;479]
20194 - [390;447;384;308;333;384;373;374;475;475;459;332;381;485;480;475;492;497;464;320;370;495;496;496;494;495;464;323;353;500;505;504;483;492;489;447;478;496;506;493;476;474;474;486;481;479;485;478;475;471;470;474;477;471;475;472;475;472;473;475;478;473;473;481]
21159 - [379;444;382;312;334;390;371;381;474;480;463;333;386;488;486;481;489;493;466;322;374;495;496;494;492;494;463;320;357;500;499;499;487;493;489;436;476;499;500;492;475;475;477;474;478;478;480;481;474;477;476;476;476;474;475;476;480;474;471;475;474;469;477;478]
22124 - [376;451;384;314;326;385;380;373;490;479;456;331;397;490;489;482;491;491;464;320;376;498;499;495;494;497;466;317;355;495;505;503;491;493;487;448;478;496;499;492;474;476;476;482;479;479;479;478;475;472;478;470;476;480;474;473;483;470;473;474;473;473;475;475]
23089 - [372;441;391;316;338;381;381;373;472;477;462;342;394;485;480;482;490;491;467;321;373;497;501;497;492;495;465;321;362;504;495;500;491;492;489;446;475;499;500;491;475;479;479;476;475;481;477;476;476;476;471;472;480;477;474;470;475;476;477;474;474;475;479;477]
24054 - [379;435;384;317;328;386;371;360;475;482;460;335;394;484;475;476;486;490;456;319;376;494;502;497;490;495;463;325;359;506;500;500;486;489;487;451;478;494;498;497;482;479;472;474;475;484;478;477;479;471;475;475;477;476;475;468;484;476;472;471;470;475;479;480]
25019 - [383;448;397;314;330;372;374;380;474;480;467;333;400;490;485;473;490;492;462;319;379;493;501;495;493;498;465;319;360;500;500;498;488;496;493;451;480;494;501;494;472;479;470;476;479;479;476;478;474;477;468;472;477;472;473;478;478;477;476;469;473;472;475;476]
25984 - [372;448;385;307;334;378;366;369;482;479;465;333;397;481;484;472;489;489;464;322;383;496;498;493;492;496;461;321;363;506;505;497;484;497;494;447;481;498;493;495;479;475;474;478;476;477;478;479;476;475;470;471;478;473;475;473;479;477;477;473;474;472;472;478]
26949 - [373;443;378;315;333;379;368;385;471;476;455;338;382;484;487;475;492;487;461;319;378;495;496;495;492;495;465;321;359;503;498;502;496;496;492;447;480;498;501;492;477;477;477;481;480;481;483;479;476;474;474;473;473;475;472;472;486;479;470;472;473;473;477;481]
27914 - [353;449;385;313;335;380;374;362;471;476;458;333;382;484;487;477;488;490;462;320;378;495;496;496;487;494;462;319;356;503;501;503;490;486;498;448;481;499;497;492;477;476;473;475;475;484;480;472;479;475;473;475;476;476;472;473;482;470;469;471;477;476;475;479]
28879 - [379;446;390;316;334;372;363;369;475;480;460;333;398;493;485;475;492;490;456;314;378;495;503;499;495;498;466;323;356;502;501;496;485;491;489;452;479;506;500;493;475;478;477;481;478;477;479;479;477;474;477;471;474;473;472;478;487;472;473;475;469;477;473;475]
29844 - [376;456;387;315;328;375;370;370;474;472;462;338;395;479;481;472;487;490;466;319;381;495;497;489;495;493;466;321;363;495;497;498;495;491;491;447;476;496;494;494;478;472;474;480;482;478;474;476;475;476;473;473;476;476;473;475;477;480;476;475;475;477;475;476]
30809 - [378;444;388;316;338;386;373;373;476;481;467;330;394;485;484;474;487;493;457;318;380;496;498;496;493;497;464;320;356;502;502;498;491;490;485;445;479;496;498;491;479;475;471;480;479;483;475;472;475;478;480;473;479;476;474;475;478;475;475;470;475;477;476;481]
31874 - [389;444;379;314;335;382;376;365;477;473;469;333;391;486;487;482;490;486;460;306;383;495;498;496;489;495;457;325;355;497;500;495;492;492;497;450;478;498;492;490;478;475;473;479;478;478;475;480;473;473;470;474;472;475;477;475;489;478;470;476;479;475;479;487]
32839 - [387;438;387;312;325;375;364;376;475;483;456;329;379;487;481;477;490;490;463;304;380;493;499;497;493;494;465;322;361;502;500;502;492;494;490;453;476;494;499;490;477;473;475;474;477;479;477;481;477;475;473;479;476;471;480;476;481;473;469;473;472;479;473;475]
33804 - [379;454;378;313;336;385;378;374;479;478;460;332;378;484;483;477;484;491;457;313;385;495;499;496;492;496;458;320;360;502;501;499;494;492;489;451;472;497;501;494;477;474;476;476;481;479;478;478;480;476;473;473;474;478;477;475;484;473;475;471;475;477;477;472]
34769 - [386;438;394;316;327;369;373;377;475;481;460;337;391;481;487;478;489;489;465;318;384;492;496;494;494;489;467;325;359;498;504;497;495;492;491;447;481;497;500;491;477;477;471;474;481;481;477;478;476;478;474;476;472;475;473;476;482;476;471;474;475;469;473;473]
35734 - [386;443;392;312;338;377;373;364;472;479;465;331;379;485;486;479;490;493;453;321;385;497;501;497;489;497;468;321;354;502;501;496;487;490;487;448;478;495;497;493;476;476;472;474;478;481;477;476;477;476;475;478;475;471;473;475;475;473;469;474;481;475;476;481]
36699 - [368;448;384;313;332;379;359;385;475;480;457;336;393;485;487;473;490;490;459;319;381;493;499;496;489;496;463;322;361;496;501;495;490;489;486;452;480;495;501;489;475;470;475;478;476;475;478;478;475;471;475;476;474;476;474;478;488;477;474;477;473;471;478;476]
37664 - [387;443;391;311;335;381;370;379;473;480;467;335;393;487;481;473;490;490;464;317;377;492;499;497;494;495;462;317;355;500;505;501;492;488;491;448;478;492;494;492;473;474;478;477;481;479;482;478;476;470;471;476;475;473;471;479;482;474;476;478;473;473;476;480]
38629 - [372;445;390;309;336;375;374;382;479;483;460;336;396;482;482;475;487;491;460;318;378;496;499;495;496;493;466;318;355;502;504;498;490;488;489;447;479;494;497;495;473;477;475;475;480;482;477;476;475;468;471;477;477;470;474;477;473;473;474;471;478;477;473;484]
39594 - [388;438;391;312;334;384;368;372;479;474;462;336;391;482;481;478;490;489;467;319;378;492;500;497;492;495;459;323;360;501;498;497;488;491;491;451;484;495;501;490;474;475;476;481;478;479;477;479;471;476;477;474;472;473;472;479;482;476;476;472;474;475;476;472]
40559 - [377;446;384;311;337;389;380;369;475;479;460;333;401;483;487;477;491;489;455;322;381;497;496;494;490;494;463;319;355;506;499;497;490;491;490;450;478;495;496;490;467;472;478;476;479;479;480;477;476;470;478;472;478;475;473;475;477;477;470;471;475;475;475;480]
41524 - [378;441;379;312;334;384;369;362;478;479;464;329;404;488;485;478;488;490;460;316;386;496;497;494;486;496;454;324;358;500;501;499;490;492;494;449;479;498;495;492;482;474;476;480;469;482;480;480;476;474;477;475;473;474;479;471;471;481;472;470;476;476;477;478]
42489 - [377;448;386;311;331;377;369;374;476;482;463;340;390;482;485;471;488;492;461;316;381;493;495;497;492;495;464;321;359;501;500;497;490;488;495;451;476;502;494;490;481;477;476;472;481;485;476;481;475;470;476;472;475;475;473;476;478;475;472;475;470;478;474;483]
43454 - [374;442;379;312;331;385;371;367;480;487;463;332;396;491;490;481;490;491;459;320;381;496;498;496;489;494;464;320;358;502;498;505;489;493;487;440;479;497;501;493;477;479;475;479;479;477;475;477;470;477;470;477;477;479;474;469;487;479;475;474;476;475;478;474]
44419 - [373;432;381;312;328;381;374;370;475;479;460;337;394;484;487;480;489;491;458;319;379;495;500;496;494;496;464;323;369;502;500;498;492;489;492;450;478;494;503;491;475;476;470;479;482;483;478;482;472;473;473;470;474;471;478;475;486;477;469;474;472;475;479;477]
45384 - [378;442;395;318;334;377;377;375;474;480;464;329;392;479;482;475;489;489;460;320;381;495;501;493;492;499;455;320;363;504;504;498;490;492;490;449;474;500;500;490;478;477;470;478;470;483;481;476;474;473;477;478;479;470;479;475;480;467;472;473;473;473;473;474]
46349 - [385;443;382;310;335;377;368;373;474;483;465;337;400;486;483;477;493;490;467;321;390;498;501;494;495;495;464;321;364;501;499;495;483;490;487;449;481;500;492;497;474;473;471;480;468;477;474;480;477;478;474;472;476;472;480;477;476;474;473;475;471;477;475;486]
47314 - [382;441;388;310;334;380;372;376;474;483;461;338;370;479;485;475;491;492;460;319;378;493;500;492;492;496;452;320;350;502;500;501;492;495;488;451;474;500;497;492;479;476;473;472;476;480;481;475;479;469;480;478;470;473;476;478;480;472;470;472;475;474;478;477]
48279 - [376;436;389;312;340;373;367;370;475;477;460;332;390;482;487;475;489;492;458;322;378;493;501;493;491;495;458;321;356;501;499;498;490;489;491;438;481;497;503;486;481;477;473;477;482;483;480;479;481;475;476;476;475;475;475;473;479;473;471;475;470;477;475;475]
49244 - [372;440;389;312;333;388;373;362;478;480;461;331;396;483;486;476;491;493;457;319;384;489;497;501;488;496;467;317;355;496;501;495;489;490;488;442;481;499;496;496;472;476;471;475;473;474;479;479;473;476;475;475;474;472;474;474;483;477;476;474;474;475;476;482]
50309 - [387;444;389;312;335;374;368;365;476;478;452;336;381;485;481;475;493;490;458;319;380;494;501;495;491;491;462;317;358;498;497;499;491;492;493;437;481;496;502;491;473;476;473;480;480;480;479;478;476;477;474;473;475;474;470;481;484;479;472;472;475;477;478;480]
51274 - [373;446;389;316;337;368;370;381;477;479;460;335;393;485;486;479;490;493;461;316;384;499;498;496;497;500;460;323;361;497;499;501;493;495;498;449;477;498;501;494;477;479;474;480;477;479;478;475;472;474;472;474;475;473;471;472;482;470;472;474;471;472;476;482]
52239 - [385;444;384;315;336;385;378;377;479;485;460;335;399;490;480;478;488;492;461;314;358;494;498;498;493;500;458;321;358;496;499;503;488;493;493;448;480;496;499;492;478;476;478;481;478;476;483;477;475;472;471;471;474;474;475;482;481;473;476;475;472;473;477;479]
53204 - [376;453;391;313;342;387;373;373;476;477;461;332;391;491;481;485;490;490;458;318;383;488;498;494;490;496;461;325;359;507;501;499;493;494;491;445;477;501;496;492;476;476;473;473;479;482;474;481;473;472;472;472;471;475;476;477;481;474;469;472;473;478;471;478]
54169 - [364;435;391;317;330;376;370;376;475;483;460;333;383;483;489;475;491;490;460;322;385;500;505;494;489;498;465;317;360;498;502;497;487;489;496;436;478;501;499;494;475;483;477;476;476;480;479;478;478;472;476;475;473;473;474;478;481;475;473;477;471;473;476;475]
55134 - [358;454;381;310;334;373;374;368;475;476;458;340;393;483;488;473;488;493;457;319;385;495;499;494;488;494;455;321;359;501;499;499;493;489;492;447;484;494;497;494;475;471;471;475;479;480;478;478;479;475;474;473;475;474;474;479;474;477;478;479;470;476;470;478]
56099 - [369;437;386;310;336;372;374;358;479;473;457;333;391;484;482;473;487;491;465;320;382;496;502;500;496;496;458;323;365;501;501;497;490;493;493;436;478;499;501;492;476;475;472;472;482;482;480;479;477;468;469;473;477;476;476;475;479;474;472;474;478;473;472;477]
57064 - [378;445;379;320;337;370;372;370;483;480;460;333;393;482;485;470;488;490;459;316;382;495;495;494;491;494;457;323;358;495;504;495;491;491;490;443;478;496;497;496;475;476;479;477;478;481;479;480;479;475;468;472;475;472;477;478;477;472;471;473;474;472;475;477]
58029 - [389;443;386;316;336;375;380;360;475;479;454;329;382;480;485;478;490;490;466;318;382;498;501;496;489;496;463;325;362;499;500;497;483;493;489;449;474;492;501;491;477;480;476;468;471;481;480;474;474;471;470;475;477;477;478;472;486;473;470;475;473;475;474;479]
58994 - [373;448;393;310;329;376;384;373;476;480;461;340;393;479;483;473;491;488;451;317;383;498;496;496;492;493;460;322;362;498;501;497;489;492;492;448;479;490;495;490;478;478;470;474;479;481;477;478;475;476;474;481;474;471;471;473;473;472;475;475;476;475;472;481]
59959 - [376;441;387;313;332;369;375;359;476;474;457;333;380;490;488;473;489;491;460;322;382;495;498;493;489;496;457;317;362;502;507;500;494;495;492;439;478;500;502;495;474;473;471;475;480;480;477;477;475;476;472;475;478;480;474;477;484;474;475;470;476;475;472;479]
60924 - [373;443;390;316;326;385;368;360;475;477;458;334;398;481;482;477;488;498;468;322;380;493;500;496;494;495;460;321;374;502;497;498;490;494;490;448;477;499;496;491;473;470;468;479;480;479;481;480;474;470;470;476;476;475;476;473;483;480;474;466;472;477;474;472]
61889 - [379;437;379;315;331;361;360;372;474;479;461;332;381;482;485;474;490;490;458;319;381;498;499;495;490;493;461;319;362;500;503;500;488;496;488;452;475;499;502;496;474;474;478;479;475;480;477;478;473;474;472;472;473;477;472;477;484;480;472;473;471;475;478;480]
62854 - [369;452;382;315;336;375;376;373;478;476;460;332;396;488;480;474;494;493;455;317;382;495;500;497;490;496;452;318;361;494;501;495;492;486;491;447;479;500;501;495;472;476;473;474;475;478;479;482;479;473;475;469;476;474;474;475;482;476;472;471;477;475;475;477]
63819 - [368;440;389;311;328;382;365;362;476;480;459;332;391;480;488;475;489;492;456;318;388;490;498;493;488;495;463;320;357;503;500;497;488;486;490;448;481;497;497;494;473;476;471;478;477;475;480;481;470;473;476;473;476;478;475;476;475;471;474;474;476;469;474;481]
64784 - [378;442;387;308;336;360;366;373;478;483;461;334;394;490;487;478;492;492;459;318;387;496;493;498;488;494;459;321;362;504;504;498;490;492;488;450;480;498;504;490;476;479;476;475;477;481;476;474;478;476;473;464;470;472;477;477;474;474;474;474;469;473;477;475]
65749 - [378;440;393;312;329;378;368;363;477;482;460;335;376;487;483;475;490;492;465;319;381;499;497;495;491;493;457;319;358;500;505;500;491;490;491;448;478;497;497;491;477;474;479;478;475;479;476;475;476;473;475;470;474;474;474;475;486;477;473;475;475;472;477;481]
66714 - [372;439;377;317;337;379;371;378;477;478;463;331;397;488;489;478;489;493;460;319;382;496;497;494;493;495;456;318;361;504;498;499;492;494;495;447;483;498;496;490;476;477;480;471;472;483;481;476;475;472;474;475;477;471;473;475;480;480;474;475;473;474;479;475]
67679 - [365;439;385;314;333;385;377;361;480;479;462;337;377;485;484;478;488;489;457;313;381;491;494;499;493;492;457;320;359;504;501;504;494;491;491;437;475;497;503;493;475;472;477;474;481;482;476;479;476;469;474;471;477;475;477;475;480;473;471;476;469;475;476;481]
68744 - [372;440;382;315;335;377;378;363;477;480;462;331;398;480;480;475;490;494;460;317;385;494;502;496;493;494;457;321;358;499;501;505;492;489;489;444;487;497;494;496;475;473;478;477;479;484;478;474;471;473;475;477;478;477;475;474;475;473;476;471;477;474;469;474]
69709 - [370;445;386;313;332;372;373;359;475;483;463;325;395;488;485;478;493;488;462;319;384;497;499;495;490;496;456;318;363;501;502;499;485;501;495;451;479;496;502;497;473;475;474;478;476;476;479;480;476;473;475;473;475;475;478;477;476;475;470;472;471;474;475;473]
70674 - [372;445;378;310;330;374;376;369;480;479;458;330;400;487;484;472;495;498;460;322;384;495;501;497;489;495;464;319;378;501;502;500;488;493;493;442;478;500;496;495;477;478;475;477;476;479;476;482;471;469;468;473;473;476;478;474;476;471;473;471;473;475;480;479]
71639 - [380;443;380;312;328;372;369;369;479;477;460;326;397;483;484;478;489;491;454;322;389;495;500;496;492;497;462;320;355;499;499;498;488;493;486;443;476;496;499;497;480;478;471;480;478;485;474;477;475;470;472;472;470;475;479;472;479;478;470;470;471;476;476;478]
72604 - [372;436;390;309;329;381;373;378;474;480;458;333;393;485;488;481;492;491;466;322;381;495;502;496;492;495;445;323;366;506;506;503;490;493;488;440;476;497;500;490;476;480;475;484;479;478;476;477;475;474;473;477;475;471;471;479;480;472;469;478;469;474;478;479]
73569 - [364;442;379;307;328;388;361;373;479;475;455;332;405;486;487;477;492;494;463;320;384;492;498;500;491;497;462;320;366;503;500;495;491;491;491;444;480;498;499;491;473;474;479;480;478;476;477;480;475;476;470;474;472;477;475;479;482;470;471;475;472;475;474;478]
74534 - [367;444;378;311;333;374;370;385;471;484;455;333;395;490;487;473;485;488;463;319;380;494;497;490;491;499;469;319;363;497;504;501;489;494;486;450;477;497;502;494;470;479;478;475;477;480;479;480;476;473;475;471;476;478;476;474;479;472;479;472;478;479;477;479]
75499 - [372;433;382;315;334;361;370;373;481;476;457;335;396;480;484;476;492;493;455;323;386;495;495;493;497;499;461;322;359;501;504;498;489;493;498;446;476;498;502;490;477;477;474;478;478;479;477;477;475;475;473;471;473;478;476;473;478;474;474;477;470;475;473;473]
76464 - [390;439;377;312;338;366;367;362;477;476;458;332;379;487;485;482;491;490;460;323;379;495;502;496;494;495;459;323;370;502;499;497;490;497;493;449;474;499;500;492;474;477;476;480;479;485;476;475;477;477;472;477;473;474;471;470;484;474;471;471;471;473;476;482]
77429 - [377;441;380;313;333;384;374;370;472;477;461;335;398;482;480;475;487;489;464;318;388;501;502;496;493;495;463;318;357;503;501;502;490;490;486;446;473;502;501;492;475;479;474;475;475;480;476;477;473;469;468;477;472;477;475;474;478;475;473;476;476;476;475;477]
78394 - [378;444;373;311;334;364;374;371;475;475;460;332;397;479;488;473;489;491;461;317;380;493;497;498;491;493;459;320;361;496;502;501;489;491;492;446;479;498;494;492;472;475;481;476;475;479;476;476;482;476;472;475;476;481;473;473;481;473;476;471;471;477;472;477]
79359 - [371;442;380;310;343;374;370;371;473;479;449;334;395;484;476;481;489;491;461;317;377;497;497;495;495;498;460;322;359;499;503;499;487;493;495;442;480;497;501;490;478;478;476;477;473;474;477;478;477;477;476;472;474;475;477;473;480;473;472;472;474;475;473;481]
80324 - [374;433;386;313;333;382;375;364;482;480;464;332;397;486;483;475;488;495;463;320;384;494;504;493;493;498;467;318;362;499;503;497;491;488;492;445;478;500;495;491;475;480;473;478;477;480;480;476;471;474;471;474;473;476;473;472;478;473;472;473;478;469;473;476]
81289 - [368;444;382;311;334;374;371;365;477;478;462;331;394;490;482;476;491;488;463;322;384;498;499;495;492;497;454;322;367;503;503;498;483;489;490;440;480;494;496;495;474;474;475;473;480;482;479;478;481;473;472;473;475;473;468;476;483;474;473;473;472;475;477;482]
82254 - [365;442;390;314;332;375;368;372;473;479;463;333;390;479;489;471;489;488;463;315;382;498;499;496;492;499;457;323;366;501;499;502;494;493;490;437;475;499;500;494;475;479;481;477;477;478;480;476;476;471;476;473;470;476;478;473;485;474;474;475;474;475;470;477]
83219 - [377;458;381;307;331;376;366;348;476;477;457;330;398;483;479;474;489;492;460;316;392;497;500;498;492;495;460;320;356;500;500;495;487;492;490;436;477;498;500;491;472;473;475;475;474;479;477;478;475;466;476;472;474;470;481;478;479;474;468;473;471;476;474;480]
84184 - [381;448;389;310;335;376;373;379;478;482;452;325;385;485;475;476;492;491;461;320;389;492;502;494;493;497;456;321;363;506;500;500;489;493;487;439;480;499;499;490;481;473;479;478;482;483;476;480;478;472;476;473;477;478;469;473;483;474;475;470;475;474;474;474]
85149 - [364;438;380;312;333;373;371;365;478;477;450;322;396;486;482;475;486;490;458;318;390;490;498;498;491;500;463;321;362;502;504;499;484;496;492;446;477;497;500;492;480;481;473;475;473;482;477;478;478;475;475;468;478;476;477;475;480;474;471;470;476;474;475;480]
86114 - [374;442;383;306;332;375;350;366;471;479;460;331;398;484;476;473;492;488;463;318;386;496;504;495;489;498;460;316;364;501;496;502;489;492;487;433;480;493;496;494;475;475;476;481;479;486;480;479;475;473;477;473;476;471;472;472;485;475;469;475;473;472;478;474]
87179 - [371;441;383;310;336;376;348;358;473;477;459;329;400;486;487;480;488;494;454;317;386;497;497;498;492;498;457;320;362;502;501;501;487;491;492;437;479;497;502;494;475;475;477;475;482;480;482;473;472;469;476;475;475;478;473;473;473;474;472;469;472;472;475;485]
88144 - [368;441;383;307;328;370;372;374;476;482;459;329;386;487;480;478;485;495;465;320;387;495;501;493;492;494;458;319;368;504;501;499;493;494;492;435;480;497;502;498;475;471;473;475;478;477;481;475;475;472;475;478;476;477;472;474;477;472;467;473;471;477;471;472]
89109 - [375;444;384;310;337;372;349;355;473;480;459;334;396;489;481;474;488;492;455;320;387;497;494;499;487;497;466;310;363;503;504;498;490;493;490;436;480;503;501;494;475;474;472;476;476;478;478;482;476;476;473;473;476;476;473;480;481;474;472;473;470;473;470;480]
90074 - [380;445;381;312;339;375;376;363;477;479;461;334;390;488;481;479;486;489;455;322;390;494;501;492;494;497;463;322;348;496;500;501;495;491;491;432;479;496;495;493;472;473;472;478;478;483;482;481;473;469;471;474;477;476;475;475;480;479;473;477;471;476;475;483]
91039 - [380;449;385;308;332;383;373;362;476;479;462;333;396;483;485;481;487;489;459;318;388;501;496;497;492;493;460;319;365;498;507;503;491;492;490;438;484;495;496;495;474;477;478;474;475;481;480;477;476;474;468;474;477;475;473;475;479;478;474;470;473;475;476;480]
92004 - [366;446;378;315;337;371;366;383;475;481;452;331;391;479;477;460;488;491;464;320;384;494;502;493;491;501;458;323;366;503;507;499;489;492;493;433;477;498;498;496;481;476;473;480;477;481;486;478;470;467;474;471;477;473;472;481;475;471;472;471;474;477;474;479]
92969 - [375;443;380;313;333;385;369;369;471;479;456;332;378;485;486;473;489;493;458;318;388;493;500;496;492;498;458;320;359;504;502;500;495;492;493;447;480;498;500;492;474;479;474;475;480;483;478;479;475;473;477;476;473;475;470;478;479;479;471;473;473;473;470;483]
93934 - [369;429;377;311;335;373;363;362;473;480;451;330;392;484;482;476;489;491;462;317;387;501;504;496;490;494;451;324;359;499;501;498;490;495;488;439;484;497;502;491;474;475;482;477;479;479;478;478;473;470;469;471;474;474;476;474;482;471;474;483;469;475;475;477]
94899 - [367;449;389;311;335;383;355;366;475;480;449;331;398;485;479;474;487;490;460;318;384;500;500;497;493;495;461;320;364;497;501;501;493;496;494;443;479;499;501;491;476;475;474;478;476;479;482;483;476;479;470;477;480;476;479;474;480;478;475;473;472;469;478;476]
95864 - [359;439;377;306;334;376;376;370;481;481;459;330;399;486;483;474;486;491;464;318;394;496;499;495;494;500;456;322;363;502;500;497;493;490;487;442;480;499;494;494;474;476;475;473;476;484;480;480;481;474;467;473;473;474;474;475;477;471;474;478;476;473;476;481]
96829 - [353;447;374;311;332;381;373;373;477;475;461;331;383;484;477;476;490;490;464;319;386;496;498;495;491;496;457;316;360;499;504;499;486;493;489;440;479;501;501;490;477;476;475;480;480;480;481;474;475;473;473;473;473;469;474;473;479;475;468;478;473;470;478;479]
97794 - [366;448;389;309;341;375;365;372;474;482;465;327;400;483;485;476;489;490;458;321;383;495;496;502;492;502;460;321;363;497;500;499;493;489;488;434;474;495;496;498;476;477;478;477;474;479;477;476;475;467;469;472;471;473;474;472;474;480;475;474;476;474;475;481]
98759 - [379;448;384;315;328;373;374;365;474;479;463;333;395;484;488;475;484;491;456;315;384;496;497;496;493;496;455;318;364;506;506;501;491;494;490;438;470;498;500;491;468;477;478;479;477;478;478;475;476;476;475;474;480;474;474;476;477;476;477;478;468;472;475;477]
99724 - [374;445;379;315;333;375;371;374;479;483;456;335;392;486;484;475;490;487;465;318;389;491;500;490;492;494;465;319;361;498;495;495;490;490;491;436;471;498;499;490;476;480;473;476;473;482;479;477;471;478;474;475;476;471;478;474;476;472;477;477;474;472;479;479]
100689 - [377;447;383;311;331;376;376;362;473;482;458;334;400;484;486;475;490;493;457;318;379;494;498;493;489;496;457;320;366;498;498;500;492;497;487;429;479;498;497;490;473;475;476;477;477;482;478;477;472;475;471;472;472;478;475;474;475;476;473;473;470;469;479;479]
101653 - [368;441;379;314;336;373;363;362;476;478;458;329;397;484;488;470;485;488;464;320;389;495;496;496;494;498;463;320;360;496;498;496;490;494;492;429;471;503;501;495;473;471;471;479;476;476;477;476;474;473;470;473;475;472;472;473;483;475;470;471;474;472;478;485]
102617 - [364;435;386;309;334;374;372;371;475;484;460;333;395;490;483;474;491;489;458;317;388;497;496;495;493;494;455;319;365;499;501;499;487;495;495;445;476;494;501;490;477;470;474;477;477;482;481;476;470;477;475;476;474;475;476;480;473;479;472;470;469;474;475;475]
103581 - [357;454;383;315;334;380;369;366;479;478;460;331;399;481;483;472;490;490;463;316;387;493;496;497;494;497;454;320;363;504;503;499;489;493;492;432;478;498;494;490;470;479;478;478;481;486;481;478;474;474;473;468;475;477;478;471;479;475;471;474;481;474;474;480]
104645 - [362;441;383;316;337;375;369;366;475;480;461;330;392;480;484;473;492;488;457;319;392;499;501;496;491;498;456;319;359;507;503;500;493;495;490;437;482;497;501;497;476;479;473;476;472;483;479;481;482;479;477;473;472;477;473;475;486;479;474;477;469;471;476;479]
105609 - [375;445;383;310;327;359;365;364;471;475;450;335;397;478;479;475;489;490;464;320;381;495;502;492;490;496;467;322;361;495;501;500;492;496;490;447;475;497;497;493;473;477;476;479;480;482;477;474;474;473;477;479;472;474;476;478;482;476;470;473;476;475;478;480]
106573 - [382;442;378;310;331;385;362;359;476;477;458;332;394;480;485;473;490;490;457;320;386;493;500;498;491;495;453;321;366;504;504;496;491;488;496;433;477;493;494;496;477;476;477;472;474;483;477;479;472;475;469;471;476;470;478;475;480;476;471;474;475;473;477;475]
107537 - [358;444;367;310;331;379;373;366;479;476;461;330;391;481;485;471;494;494;462;320;385;496;499;494;491;495;466;318;364;508;496;499;486;489;489;441;478;498;500;492;477;477;476;481;473;480;483;479;474;473;473;471;473;474;476;478;482;476;474;473;473;473;474;478]
108501 - [366;446;385;307;332;369;347;347;477;483;455;327;390;485;483;473;492;495;464;306;389;492;498;494;486;495;456;320;359;497;500;499;487;492;485;435;477;498;501;497;476;478;476;476;477;481;481;479;476;469;473;472;480;469;471;473;478;477;480;471;475;470;475;475]
109465 - [376;439;376;309;328;370;369;362;470;479;460;333;398;484;482;473;485;490;458;318;390;499;498;496;490;493;454;320;366;507;493;498;489;490;492;437;477;494;500;492;478;477;477;476;475;481;479;477;476;471;469;472;472;474;475;480;476;475;469;468;470;475;476;479]
110429 - [367;440;384;307;328;374;376;364;472;480;459;333;380;482;479;475;490;488;457;312;389;495;499;495;488;493;454;321;367;501;499;498;495;492;488;434;480;494;499;495;479;476;472;480;476;480;477;479;478;472;475;473;469;475;472;477;480;475;474;477;469;472;477;478]
111393 - [380;446;384;315;332;377;368;370;477;478;459;328;400;484;478;479;489;492;462;319;385;498;501;495;492;491;458;318;363;499;502;503;492;489;499;433;474;499;505;494;473;473;475;475;475;481;478;478;472;475;467;474;471;472;472;472;477;472;476;474;472;470;474;476]
112357 - [366;441;383;308;334;374;370;363;471;484;459;333;391;485;487;480;493;494;460;318;390;492;501;496;493;496;454;318;364;500;502;499;491;491;491;433;475;502;497;490;478;468;477;474;476;482;483;474;475;471;473;473;477;477;470;481;480;475;472;471;473;475;479;481]
113321 - [368;449;378;307;331;382;362;369;475;484;463;331;392;485;482;474;489;492;458;319;385;498;502;491;488;490;453;319;368;500;504;498;489;497;484;432;476;497;500;491;475;475;479;478;478;485;480;478;471;475;476;475;476;478;477;473;474;473;474;475;470;473;475;480]
114285 - [357;441;383;314;332;377;377;361;470;480;450;332;394;484;486;475;494;491;457;319;387;498;498;494;492;497;458;324;361;502;497;501;491;488;487;439;478;497;502;492;475;473;481;471;480;482;485;478;478;474;472;473;475;477;478;472;481;478;473;472;473;476;478;476]
115249 - [363;440;388;312;338;378;382;363;479;480;454;330;391;485;478;474;492;490;458;322;388;497;503;496;490;494;458;321;374;503;498;495;490;491;483;435;477;498;497;492;474;475;476;480;481;477;483;478;476;474;472;470;478;477;477;476;476;471;477;471;473;473;477;472]
116213 - [358;446;392;311;327;373;369;367;475;476;456;328;396;483;489;474;490;488;452;316;388;500;500;495;491;493;455;321;364;499;502;504;495;493;489;431;480;496;504;489;473;479;474;473;477;480;483;475;474;470;475;476;479;477;478;473;475;473;467;471;471;477;474;486]
117177 - [379;441;391;307;337;369;363;366;474;478;457;325;396;487;480;478;489;494;452;320;384;493;498;494;491;499;452;319;367;500;499;499;492;495;487;437;478;492;499;493;473;478;477;473;479;480;484;477;474;472;471;473;479;473;477;471;484;473;477;476;478;480;475;479]
118141 - [366;438;387;316;341;376;357;366;474;480;466;327;400;483;480;479;486;487;457;319;382;497;503;496;493;498;452;321;362;503;500;499;490;490;492;436;475;494;502;489;475;477;470;476;481;480;480;480;472;471;471;477;478;473;473;472;473;473;468;474;473;471;477;475]
119105 - [369;444;391;308;337;377;368;364;479;477;458;334;393;480;483;470;489;492;457;321;385;498;499;492;491;499;457;320;359;500;497;501;490;496;492;427;474;494;499;490;474;477;472;474;479;480;475;473;472;470;471;474;476;473;478;476;479;476;470;470;473;474;475;478]
120169 - [362;435;381;307;327;373;376;355;474;478;459;330;379;484;480;474;487;487;466;317;386;491;500;496;492;497;455;321;363;507;504;499;495;494;494;432;477;493;501;493;477;475;474;479;473;482;477;482;477;471;474;473;474;477;474;475;480;471;471;474;476;478;471;477]
121133 - [359;452;383;308;334;371;371;362;480;477;453;333;397;483;487;479;490;491;456;320;383;495;500;493;489;496;458;322;365;498;502;492;491;487;488;426;477;497;498;494;479;476;478;474;474;479;476;479;471;472;468;475;477;477;473;474;480;477;469;470;467;475;475;481]
122097 - [362;441;378;316;332;376;370;368;477;482;465;328;401;480;484;475;490;490;451;315;388;496;498;491;495;493;452;319;376;498;500;500;489;493;493;431;478;502;494;494;474;474;474;476;476;477;479;474;475;473;471;473;477;476;474;477;483;468;476;471;471;471;478;474]
123061 - [358;443;381;318;335;381;369;363;469;470;448;331;384;482;478;472;486;495;458;319;391;491;498;497;492;499;452;316;375;500;501;498;481;486;484;436;473;497;501;489;474;472;475;472;477;477;478;475;479;473;469;474;476;474;475;470;478;475;473;471;476;480;471;475]
124025 - [356;441;383;315;338;374;368;366;474;477;462;334;399;486;488;473;493;484;462;320;387;494;501;498;496;497;454;317;362;507;501;497;490;490;490;435;479;500;498;495;474;479;478;478;479;485;478;478;474;475;474;468;472;476;480;473;478;471;471;469;476;473;474;480]
124989 - [366;434;391;306;342;364;362;367;475;477;454;326;396;481;488;475;489;493;452;323;391;498;502;493;487;492;454;321;361;505;499;501;489;487;490;434;480;496;497;495;481;472;474;474;479;479;476;481;475;472;471;468;480;473;475;472;476;474;474;476;469;472;473;486]
125953 - [372;441;385;310;337;378;363;373;476;478;452;336;384;488;482;477;489;485;454;322;386;499;500;494;497;494;452;320;361;498;501;497;489;491;488;435;477;494;497;490;475;482;480;470;478;480;479;471;472;473;472;476;477;479;476;473;470;472;471;471;468;475;478;477]
126917 - [375;450;375;315;338;376;369;363;471;477;460;330;392;480;479;475;486;492;464;318;394;494;498;494;490;493;452;320;363;497;500;504;488;500;490;425;482;502;502;497;471;482;473;482;480;480;480;480;473;470;474;469;475;471;477;471;473;469;473;477;471;473;482;480]
127881 - [372;446;372;311;338;377;368;371;476;487;451;332;391;479;484;475;491;492;455;314;385;496;501;493;491;494;451;321;369;496;504;501;491;487;489;421;483;496;502;495;474;475;474;476;475;476;481;481;476;473;472;472;472;475;474;477;478;476;473;471;478;473;479;479]
128845 - [373;441;376;314;342;365;350;372;466;477;453;329;398;483;479;474;486;486;455;320;411;495;502;493;490;496;439;317;365;505;501;501;494;491;492;423;479;494;500;493;477;469;477;480;480;478;486;474;472;473;471;470;474;479;473;479;478;472;474;473;474;475;475;479]
129809 - [369;440;377;313;330;373;366;355;473;472;453;328;398;485;478;474;487;491;452;321;395;496;500;500;492;498;447;318;374;503;504;503;487;490;488;413;473;502;501;493;474;471;475;483;479;480;484;473;475;469;477;475;472;476;477;473;476;471;470;475;472;477;472;474]
130773 - [352;457;373;309;330;356;370;360;471;480;453;328;402;480;483;476;492;490;454;317;394;504;502;497;497;495;447;320;366;500;507;498;492;494;488;416;473;500;504;495;472;473;478;477;475;482;481;474;474;474;470;473;477;472;475;476;471;475;476;471;470;472;477;476]
131737 - [357;438;371;309;331;359;369;371;473;479;449;327;403;480;478;474;490;486;460;306;399;497;500;493;489;491;447;316;376;503;499;498;490;491;487;420;474;502;502;492;474;473;480;476;479;481;481;478;476;475;470;468;473;479;477;477;475;479;469;472;474;472;478;476]
132701 - [369;445;370;313;329;373;364;342;473;474;455;329;404;485;483;465;487;487;458;322;389;496;497;497;494;498;440;318;366;499;500;497;495;496;487;411;474;498;500;493;476;479;476;479;477;483;477;479;472;472;466;476;477;472;472;474;469;472;471;469;472;474;476;479]
133665 - [371;444;362;307;331;372;355;359;467;483;450;327;395;488;486;471;487;487;455;319;390;494;500;499;492;497;439;316;380;501;504;497;493;490;489;412;481;497;502;499;474;475;473;479;480;482;479;478;478;475;470;474;475;473;476;473;478;477;473;469;473;471;476;476]
134629 - [365;443;375;310;335;356;353;372;476;476;445;330;392;488;483;470;487;490;456;317;396;497;501;498;490;491;444;317;376;503;502;501;490;495;489;412;482;499;503;495;470;471;475;471;477;481;473;479;475;473;475;473;478;475;479;474;480;471;472;471;474;475;474;477]
135693 - [374;449;373;308;333;371;365;364;469;477;451;332;406;483;475;466;490;489;453;319;393;498;502;496;493;494;439;321;384;498;502;495;489;498;489;412;473;500;497;490;478;472;472;478;477;478;475;479;477;470;470;471;473;477;474;475;475;470;469;473;475;472;476;477]
136657 - [372;445;381;313;332;358;362;358;482;473;449;331;398;485;481;476;488;486;456;321;408;498;507;499;492;496;440;321;381;500;502;497;493;493;489;409;478;505;504;495;473;472;478;475;482;479;479;481;477;473;477;470;471;477;476;472;478;472;467;477;472;474;476;477]
137621 - [369;439;378;308;322;373;350;359;470;483;449;332;400;483;480;473;488;487;453;313;396;495;500;494;492;493;439;316;376;496;501;498;496;495;491;412;472;494;499;491;472;477;474;473;481;477;481;480;473;470;478;473;472;475;476;480;474;473;471;474;469;470;479;474]
138585 - [366;445;364;311;341;373;354;360;473;469;448;322;408;482;480;475;491;490;458;316;397;496;499;499;489;495;439;312;381;497;503;500;490;489;487;413;476;500;497;491;474;475;476;476;478;481;479;481;473;475;470;469;474;477;475;472;474;473;468;470;470;475;478;477]
139549 - [378;443;371;313;327;361;355;354;474;475;441;328;396;486;488;466;488;492;452;321;398;498;499;497;491;496;440;315;384;499;506;495;490;487;488;410;480;494;500;494;475;472;477;476;480;477;477;478;474;470;472;473;473;480;474;479;472;475;472;469;474;475;474;477]
140513 - [377;433;374;313;334;380;365;336;482;483;447;328;401;477;474;464;487;494;454;321;410;499;502;496;487;497;441;316;387;506;498;498;486;490;494;415;482;495;501;493;473;476;480;476;479;478;487;477;471;471;467;473;473;478;472;474;473;474;474;470;473;473;476;481]
141477 - [366;450;358;309;339;365;359;351;470;475;450;332;400;483;484;469;493;489;454;316;397;493;501;491;490;495;433;316;379;499;504;501;486;489;492;398;477;498;502;495;476;476;477;475;480;482;483;479;475;471;473;474;475;475;473;472;471;470;470;468;472;476;474;478]
142441 - [370;447;353;307;328;371;364;365;474;477;437;331;401;480;482;466;490;492;453;325;412;494;500;495;489;499;435;313;377;498;496;497;497;490;485;410;477;507;500;492;475;480;477;476;476;479;482;475;470;471;473;469;474;471;475;477;476;474;469;473;473;472;471;479]
143405 - [362;443;362;308;333;361;363;361;472;477;451;327;396;486;487;472;487;493;458;321;411;500;497;493;491;495;427;316;384;504;499;502;490;489;487;407;476;497;500;497;473;475;473;473;477;477;484;482;473;472;469;474;472;479;477;474;470;473;472;468;469;474;481;476]
144369 - [378;440;359;314;341;357;371;365;471;483;445;329;394;480;487;473;483;491;461;318;406;495;500;494;494;494;434;316;379;502;499;501;491;489;492;415;480;496;500;494;472;474;477;473;480;482;480;478;474;475;471;476;476;472;474;475;473;476;474;468;467;473;473;477]
145333 - [356;441;374;310;329;374;352;364;478;481;450;324;392;479;480;473;489;489;450;320;409;498;495;494;492;489;435;315;384;504;506;499;492;489;489;412;481;500;503;495;472;472;474;481;475;483;479;478;473;466;470;473;472;479;475;470;471;472;472;468;475;473;472;476]
146297 - [364;451;375;308;333;371;347;360;472;482;441;327;398;485;478;469;487;490;453;319;409;500;504;496;492;496;429;315;378;499;505;497;492;492;488;410;478;499;500;494;474;477;477;476;486;482;480;477;470;473;470;473;478;475;474;474;468;465;475;473;472;473;475;478]
147261 - [345;448;360;310;336;354;353;359;474;479;451;326;394;480;484;473;489;486;454;322;413;494;501;489;486;495;428;315;381;501;507;499;493;491;488;412;475;497;498;496;478;467;474;478;477;482;483;480;470;475;472;469;473;474;475;480;469;474;469;473;470;474;475;478]
148225 - [365;444;373;306;334;362;350;355;475;474;454;327;411;483;480;467;488;488;457;316;395;501;499;495;493;495;436;314;381;502;495;501;495;493;488;407;476;501;508;490;472;474;472;475;480;475;479;478;472;468;474;477;473;474;478;474;475;468;472;472;472;472;474;475]
149189 - [370;445;368;306;334;362;347;355;469;478;449;327;395;488;476;473;488;491;454;321;415;500;500;494;486;492;435;322;385;500;500;497;489;489;491;407;475;498;495;493;472;475;478;478;473;482;479;478;470;472;471;473;476;478;474;475;473;471;474;469;475;471;474;482]
150253 - [363;441;356;308;324;362;356;364;471;477;452;327;398;487;481;470;492;494;452;319;414;497;499;496;493;492;433;319;376;503;507;499;493;490;485;407;479;506;501;492;471;474;475;481;476;479;481;477;475;477;469;476;478;477;473;470;475;468;470;471;470;472;472;473]
151217 - [349;445;364;307;341;361;366;368;471;469;446;328;398;480;475;468;489;490;457;318;416;497;503;496;488;493;427;317;379;502;498;496;489;493;496;413;475;502;503;490;477;475;471;473;477;484;476;478;472;470;470;471;472;477;480;476;476;472;472;473;472;473;470;475]
152181 - [367;448;374;308;330;364;350;364;476;472;449;325;399;478;483;477;488;490;453;322;406;500;501;494;491;492;431;316;378;503;500;496;491;490;493;409;478;499;499;492;473;480;476;478;477;482;478;477;473;468;474;471;476;477;472;475;484;470;472;470;467;470;478;477]
153145 - [366;443;371;309;329;357;353;357;470;474;441;327;402;482;481;469;487;490;449;303;398;501;499;488;490;494;426;317;387;504;502;500;488;488;487;406;477;504;501;492;480;471;469;481;483;479;480;479;478;469;469;471;474;476;474;480;474;468;474;469;475;474;478;482]
154109 - [355;437;364;309;336;373;368;373;465;474;441;329;392;488;484;466;489;491;459;325;417;496;505;494;487;490;432;313;381;504;500;501;494;496;487;400;472;499;500;493;471;477;475;479;480;484;484;482;472;472;467;474;475;473;479;475;472;474;465;470;474;471;470;480]
155073 - [369;438;373;310;339;358;350;366;461;471;440;326;402;479;483;468;490;491;455;322;414;496;497;491;487;495;433;314;384;499;499;496;490;491;490;396;478;495;500;495;471;475;475;480;476;476;482;479;477;471;472;474;471;475;478;474;475;467;472;471;472;474;479;482]
156037 - [365;439;358;308;333;361;350;362;470;473;445;335;404;483;480;468;489;487;450;315;419;496;497;495;490;494;429;316;380;503;500;501;491;493;488;399;475;494;503;491;471;473;475;475;478;483;481;484;476;471;470;465;477;475;473;474;481;470;471;476;477;473;475;475]
157001 - [371;445;362;310;337;376;348;364;467;481;441;327;400;485;487;476;489;486;448;323;417;499;502;501;494;491;428;315;375;502;504;503;486;492;489;394;484;500;505;494;475;474;476;477;476;481;481;484;474;472;470;468;474;474;472;480;476;469;467;470;469;468;476;477]
157965 - [361;444;363;307;331;364;355;363;471;471;436;329;401;492;479;461;491;491;454;316;409;495;501;498;488;496;419;313;389;505;500;503;491;494;487;392;475;498;500;492;475;470;475;478;481;481;478;479;470;470;467;470;475;475;480;471;477;472;467;465;472;473;468;483]
158929 - [361;437;354;309;336;370;340;349;474;467;439;330;401;486;482;469;490;492;452;320;414;501;503;492;493;499;436;317;381;504;505;500;491;494;485;397;477;501;500;497;478;471;479;478;480;481;482;479;471;471;476;472;478;478;472;477;472;469;471;472;468;470;476;474]
159893 - [377;444;366;307;336;351;357;363;478;473;437;324;401;476;480;474;491;487;452;321;412;497;502;493;489;496;429;315;379;504;504;497;489;489;491;397;473;501;502;490;473;473;473;475;478;481;480;479;474;469;470;473;470;474;475;474;474;471;470;472;469;472;475;477]
160857 - [361;445;360;309;337;356;349;344;469;481;445;327;396;478;478;471;488;487;451;315;413;493;499;495;490;492;428;316;381;499;504;496;488;492;483;395;476;497;502;491;472;474;473;472;478;480;478;474;474;473;471;472;474;475;474;476;472;469;472;470;476;476;472;477]
161821 - [360;448;352;314;341;359;361;358;474;475;444;328;395;487;473;481;487;490;454;322;400;497;500;493;496;494;435;317;384;501;502;503;496;487;488;394;478;498;501;496;470;475;473;475;477;477;483;481;470;470;471;465;473;474;474;475;475;468;474;468;473;467;473;476]
162785 - [364;442;361;311;332;375;340;358;471;480;441;325;402;484;478;462;489;490;451;315;411;495;501;494;489;493;432;315;383;501;505;498;485;491;487;388;477;498;500;490;474;476;481;474;476;486;483;478;471;468;470;471;470;474;473;475;479;473;472;474;470;474;473;477]
163749 - [368;446;364;309;338;361;349;357;471;482;442;327;382;484;479;471;488;487;451;322;409;496;497;492;495;494;426;313;383;499;504;500;489;494;486;395;480;504;501;497;477;476;476;479;480;477;480;478;474;465;468;472;471;474;478;474;474;471;469;472;471;475;473;480]
164713 - [345;440;361;311;329;361;366;358;461;477;444;328;400;488;477;470;491;495;446;316;414;497;500;497;490;494;434;308;382;507;500;500;494;492;489;397;478;500;501;497;469;474;478;479;479;484;477;475;478;472;474;469;475;475;474;475;471;471;470;473;474;470;477;481]
165777 - [356;440;354;303;336;347;361;359;471;473;443;324;400;483;474;468;485;487;444;318;411;496;502;493;488;498;430;318;384;506;508;503;489;494;484;393;476;496;503;495;470;466;474;476;483;480;481;475;475;471;470;471;477;475;477;473;468;473;469;471;464;473;473;473]
166741 - [364;445;358;306;339;362;351;363;464;479;443;327;405;480;484;474;487;490;450;319;398;501;501;496;489;493;429;314;385;505;502;499;487;494;487;394;476;498;504;489;471;474;474;475;481;480;479;477;468;470;470;478;477;477;476;477;475;473;471;468;466;473;476;480]
167705 - [345;449;361;303;334;371;350;352;476;484;445;326;400;480;481;470;488;490;449;320;411;497;503;496;487;498;435;317;383;504;505;495;486;489;487;394;480;501;501;493;468;473;474;475;474;483;480;478;470;475;469;475;473;475;475;478;476;469;476;474;466;475;476;478]
168669 - [359;441;359;309;326;361;367;357;475;474;451;329;402;487;481;472;486;494;455;319;407;496;496;494;491;493;429;316;384;503;504;497;488;494;488;394;478;499;500;497;472;475;474;479;481;481;476;478;468;466;469;472;472;475;470;467;471;473;466;470;471;476;476;479]
169633 - [334;441;361;305;331;360;347;338;467;467;441;329;397;485;480;470;492;488;459;316;409;497;501;495;490;495;429;314;385;501;505;499;489;496;486;391;474;495;502;493;470;478;474;478;479;479;483;479;474;470;473;470;472;474;471;477;474;469;472;469;469;473;474;479]
170597 - [355;441;360;310;327;352;347;356;467;476;445;328;404;488;481;471;486;490;452;319;414;494;502;492;487;497;433;316;385;503;504;500;488;492;487;393;482;499;500;492;471;474;480;478;474;477;479;479;465;469;472;470;475;476;477;475;471;473;466;466;471;472;474;476]
171561 - [384;441;373;310;327;363;354;351;474;470;455;328;400;480;482;469;483;485;451;314;402;498;502;494;491;496;429;315;382;507;504;499;490;492;489;400;479;501;499;494;472;470;472;474;482;484;475;480;472;475;466;473;472;473;474;480;469;473;469;472;474;471;470;480]
172525 - [355;444;357;308;330;364;342;361;472;479;444;324;399;484;484;471;492;489;455;316;416;498;498;496;490;495;431;311;378;502;505;499;490;493;488;390;478;500;504;496;471;475;479;481;482;481;483;476;473;469;473;470;477;476;474;479;472;476;466;473;469;472;475;477]
173489 - [360;451;361;310;345;378;349;363;475;477;453;327;400;485;476;475;484;482;452;315;412;493;502;496;492;493;426;318;388;501;505;500;492;494;485;387;476;497;505;493;472;475;475;479;480;482;480;478;474;465;474;467;473;477;477;480;469;470;475;470;472;474;471;477]
174453 - [360;442;361;307;338;357;352;349;469;473;447;333;394;480;478;472;487;490;451;317;413;492;500;495;489;492;433;315;386;505;504;498;493;491;489;393;473;500;500;496;479;473;474;475;478;481;481;477;474;471;468;472;471;473;476;473;476;477;471;471;473;478;475;476]
175417 - [342;433;361;304;332;353;356;357;473;477;447;326;404;476;480;470;491;490;453;318;412;502;497;495;490;493;428;313;382;499;507;501;492;496;486;395;482;501;503;490;470;480;475;479;480;479;482;484;470;472;469;470;473;474;471;476;469;469;467;467;471;472;471;481]
176381 - [361;439;362;312;330;355;369;350;465;475;444;328;408;486;483;477;484;490;456;316;406;495;502;496;491;490;426;318;383;506;499;499;493;491;484;389;478;494;500;497;474;478;480;472;480;480;480;480;472;474;472;470;475;472;473;473;475;467;472;469;472;475;474;471]
177345 - [345;441;355;309;327;355;354;361;465;478;442;325;397;493;474;464;490;492;449;313;398;494;503;496;489;493;422;316;381;502;500;498;490;488;482;390;481;503;502;495;474;476;478;478;477;482;483;477;475;475;473;468;469;471;472;480;471;472;468;471;474;472;474;477]
178309 - [350;441;355;302;328;356;352;340;470;480;446;330;402;485;478;471;486;490;445;321;416;500;501;497;491;491;432;314;388;501;504;496;490;492;485;393;481;501;505;494;471;479;475;475;481;484;480;482;472;469;469;473;470;475;469;475;469;468;467;471;472;475;473;475]
179273 - [369;445;364;303;334;361;348;364;468;477;440;327;395;490;473;468;487;492;452;319;416;501;496;493;494;495;433;316;387;501;500;503;490;491;480;390;484;501;494;495;476;476;476;475;480;482;482;480;474;477;471;472;473;469;473;479;473;469;471;469;471;472;480;473]
180237 - [357;444;358;310;338;361;347;337;470;479;445;326;411;482;480;462;489;492;451;319;413;496;504;493;489;492;425;306;382;503;505;496;493;489;490;395;476;497;501;493;469;478;481;477;482;478;474;478;473;473;473;470;472;473;473;471;472;474;472;468;470;471;473;477]
181301 - [372;446;361;307;330;373;358;357;465;469;433;323;407;482;475;479;486;489;450;315;409;496;503;494;492;489;436;317;382;500;502;496;488;493;490;388;476;498;504;496;473;475;474;478;478;488;481;482;472;469;471;469;473;474;475;476;474;474;474;473;469;475;476;480]
182265 - [367;444;362;313;331;354;353;338;473;472;440;328;403;492;479;468;487;488;448;321;410;496;501;495;489;492;423;316;384;503;506;497;492;491;489;392;478;497;505;495;478;474;482;475;477;483;481;477;471;474;471;472;474;473;474;473;473;470;466;471;471;472;474;480]
183229 - [367;448;361;308;332;358;345;357;475;475;446;328;396;483;480;469;485;491;451;319;412;501;501;497;491;497;426;314;381;495;505;497;487;496;489;391;474;499;503;492;472;467;473;478;479;484;475;479;471;473;470;476;468;471;474;474;476;469;472;476;467;469;473;473]
184193 - [363;444;361;313;336;366;340;355;470;479;450;326;405;482;478;464;490;490;450;319;411;496;501;496;490;495;429;309;386;501;500;500;492;495;491;391;479;499;503;497;473;477;476;477;477;484;477;480;471;470;469;471;474;474;473;475;472;474;471;467;470;472;479;472]
185157 - [353;443;374;307;331;346;359;356;466;477;441;327;405;484;476;467;483;488;445;319;411;499;501;498;491;497;436;316;378;505;502;497;485;487;487;393;476;498;505;493;471;475;478;473;478;480;481;481;475;469;471;472;478;475;474;477;469;476;469;470;472;471;476;473]
186121 - [366;438;359;308;331;363;363;335;466;478;444;329;404;481;476;466;487;488;445;317;414;497;500;494;491;493;427;317;386;496;506;500;491;489;480;387;476;495;502;495;474;475;473;476;484;479;478;480;474;469;474;473;476;472;477;473;468;477;469;470;467;475;475;475]
187085 - [357;446;357;307;334;356;356;352;470;477;451;329;407;484;481;470;490;491;444;320;409;498;500;496;494;489;428;311;383;504;505;502;495;490;487;396;472;497;502;489;478;475;473;473;483;484;476;480;475;475;469;474;476;475;476;475;471;479;473;470;469;472;476;471]
188049 - [362;441;357;305;337;361;342;352;469;480;449;325;397;487;483;470;489;490;449;321;411;498;503;496;488;493;430;315;382;500;504;500;495;493;486;411;471;494;497;493;476;476;469;479;480;484;476;479;472;471;471;471;472;472;476;478;477;479;470;471;472;476;471;477]
189013 - [356;449;353;311;341;359;351;353;469;480;443;326;400;482;484;466;487;493;447;318;409;495;504;497;487;495;426;312;381;502;500;501;492;493;486;414;476;496;503;495;471;473;476;476;483;479;479;481;477;474;472;471;473;468;470;473;475;471;473;469;470;472;479;482]
189977 - [373;443;364;309;333;355;363;360;467;474;444;334;405;484;487;468;490;488;446;319;410;500;503;493;489;496;430;318;383;502;500;501;491;493;489;408;477;497;507;494;472;475;477;476;478;481;482;478;470;470;468;473;474;475;475;477;477;469;470;470;476;474;476;481]
190941 - [361;434;359;311;330;346;365;359;474;470;444;327;395;485;488;466;487;488;444;321;419;493;501;495;490;498;431;317;386;500;497;500;488;488;487;399;472;503;505;494;471;471;473;473;479;479;483;473;470;473;477;467;475;479;477;474;475;471;470;470;471;471;475;476]
191905 - [361;443;358;309;342;371;358;359;467;478;450;321;401;482;483;464;489;493;453;319;410;497;499;496;491;494;426;316;383;498;504;497;488;491;486;401;476;498;502;494;473;477;471;476;476;481;477;478;473;474;471;472;476;473;479;475;472;473;471;469;472;470;477;476]
192869 - [377;440;373;312;334;362;355;337;467;472;447;320;398;485;478;465;490;489;448;322;413;496;498;498;486;494;434;314;376;507;503;499;492;493;484;410;474;495;503;494;470;476;480;479;476;481;476;480;469;474;473;469;479;473;476;475;479;474;476;472;466;471;471;477]
193833 - [354;444;360;308;335;355;344;345;471;475;445;320;404;482;480;472;491;492;447;321;416;497;499;493;489;499;432;314;386;503;503;495;488;494;490;397;478;501;500;496;473;474;474;476;480;484;480;479;470;469;469;475;471;475;477;474;478;473;469;470;471;472;472;473]
194797 - [362;440;364;306;336;360;353;362;467;476;434;329;403;479;479;464;487;491;450;318;421;498;500;496;485;498;437;315;381;504;502;501;490;493;492;398;477;503;505;492;472;475;482;481;477;481;476;478;472;469;470;473;474;475;479;473;476;471;470;472;467;473;474;475]
195761 - [350;443;363;309;332;356;358;332;465;473;450;326;401;479;481;468;489;490;447;319;420;496;497;496;492;497;433;316;389;506;501;497;492;490;485;409;477;501;505;496;476;471;473;475;481;481;483;478;472;473;471;473;473;470;472;477;470;469;469;473;471;471;476;472]
196825 - [364;447;363;305;334;355;364;343;474;462;450;329;400;488;480;472;486;491;449;318;409;501;500;492;492;497;437;315;387;504;506;499;489;491;487;397;479;498;504;497;471;476;477;476;477;480;479;480;471;469;467;468;475;472;474;472;474;474;469;475;472;473;478;475]
197789 - [365;450;347;308;338;369;355;352;465;474;444;323;405;488;486;471;486;491;452;319;421;500;506;496;492;498;438;314;379;502;502;501;487;494;484;396;482;500;503;497;471;472;474;476;478;479;479;477;473;468;473;469;477;474;472;477;473;467;471;469;468;470;472;478]
198753 - [374;438;356;311;341;361;353;362;472;471;442;330;410;485;482;471;488;486;450;315;411;495;499;496;492;491;424;316;383;503;500;497;492;484;491;397;480;503;501;491;468;474;480;481;476;484;484;479;474;476;468;470;470;476;473;473;473;473;469;476;471;475;476;472]
199717 - [361;454;360;307;339;374;352;349;471;472;449;322;406;485;479;471;489;492;447;318;416;498;499;498;490;488;427;316;383;500;505;502;490;493;485;405;478;498;505;490;477;480;474;474;480;480;483;476;474;475;476;476;473;474;476;478;473;470;468;467;472;476;474;477]
200681 - [363;445;359;301;325;360;361;350;466;472;443;324;407;483;482;475;490;488;441;322;415;497;502;495;487;496;431;316;387;508;504;499;488;490;490;397;473;499;500;492;472;476;473;480;478;483;484;477;476;470;470;473;473;475;475;472;472;475;470;471;469;474;476;479]
201645 - [365;444;352;306;338;352;358;370;472;471;441;329;410;485;484;470;487;487;449;323;419;500;496;496;488;494;430;307;381;502;502;497;490;491;487;408;479;500;500;492;475;477;474;471;478;477;479;479;475;473;470;469;472;472;474;476;477;470;469;476;471;475;475;476]
202609 - [363;439;363;304;335;353;353;333;474;472;442;323;400;478;480;470;485;491;448;313;410;501;503;498;497;497;435;318;386;502;501;498;488;491;483;394;474;501;503;497;471;476;478;474;476;481;478;476;473;471;470;470;475;474;478;473;470;472;468;468;467;471;475;480]
203573 - [364;447;352;310;336;349;365;332;471;474;443;327;396;477;477;471;489;489;447;318;413;495;501;497;488;489;434;310;391;498;498;499;485;489;487;406;474;498;503;497;476;473;474;478;477;482;483;476;474;472;468;472;471;477;479;475;470;473;468;469;469;474;478;476]
204537 - [365;442;355;300;332;366;361;346;471;478;447;325;403;483;473;477;488;490;446;320;418;497;503;488;488;495;433;315;386;503;502;499;488;490;486;397;477;499;503;495;470;469;476;475;483;479;479;477;472;472;474;470;473;473;475;473;477;472;466;473;481;472;475;479]
205501 - [371;441;359;309;340;368;348;335;470;471;448;327;406;478;484;468;485;492;450;319;417;498;501;492;493;496;425;316;390;505;503;499;490;490;484;397;474;503;499;493;478;473;476;477;477;479;482;479;474;471;470;472;474;474;474;475;478;475;471;469;472;471;472;477]
206465 - [369;440;357;307;342;360;353;343;465;479;441;327;407;477;483;469;490;488;455;318;419;493;507;493;487;501;433;316;378;501;500;505;485;497;496;406;475;500;501;496;474;477;474;472;477;483;480;480;472;467;474;471;472;473;473;475;478;469;473;470;472;473;476;479]
207429 - [371;438;366;304;331;364;357;367;469;479;449;324;398;482;477;472;486;488;446;313;418;498;500;491;489;496;436;314;383;504;501;497;488;496;485;397;474;499;499;494;472;475;471;479;478;481;481;477;475;469;467;471;475;470;476;475;474;469;472;472;477;475;473;480]
208393 - [351;445;354;305;329;369;349;355;470;475;442;327;400;482;483;468;487;490;442;318;417;499;502;495;490;496;434;306;375;501;504;501;491;490;491;393;477;503;502;499;470;471;471;477;482;480;477;481;472;470;471;472;472;475;473;479;475;473;472;476;472;471;476;479]
209357 - [362;445;355;306;328;362;341;338;474;478;446;323;398;488;477;465;490;489;449;318;414;497;499;500;487;497;430;313;381;503;501;503;490;494;491;406;477;500;501;497;478;475;475;478;476;481;477;477;474;468;470;470;478;480;473;475;477;470;469;467;468;476;470;480]
210321 - [366;445;365;308;335;355;347;359;472;471;444;326;397;483;487;474;486;489;451;320;415;498;503;494;491;499;424;315;383;504;504;500;490;496;491;410;474;496;501;495;470;474;477;477;480;480;482;478;476;471;474;471;472;475;474;479;471;474;471;471;473;471;473;478]
211385 - [368;436;349;307;340;362;351;341;470;476;440;329;394;488;483;466;489;486;447;318;418;498;501;496;491;492;438;315;381;506;501;500;488;495;489;395;476;504;499;491;472;475;469;472;480;481;476;475;476;472;466;473;470;474;476;476;469;468;471;473;471;468;475;479]
212349 - [366;444;359;311;328;346;348;351;464;480;437;320;400;480;480;467;489;490;447;321;411;500;499;494;492;497;430;315;381;503;503;496;488;488;492;395;475;497;499;495;470;474;474;481;475;480;479;477;471;470;467;473;471;470;474;473;472;475;467;475;470;475;475;476]
213313 - [370;446;356;308;333;361;349;356;471;475;445;325;399;484;473;472;488;490;459;320;412;500;502;499;488;492;429;313;381;497;505;499;489;494;489;394;479;499;502;490;472;474;477;477;475;478;484;480;470;471;470;468;474;473;476;476;474;470;472;472;476;475;477;478]
214277 - [364;442;359;311;335;343;363;359;475;474;439;328;407;482;480;466;487;488;447;318;416;495;500;499;493;492;425;313;384;505;503;500;491;492;481;399;478;497;503;496;472;476;468;477;476;484;481;479;475;476;472;471;471;474;474;474;476;470;470;466;472;472;477;477]
215241 - [363;438;359;311;340;360;355;352;470;478;452;328;406;487;481;470;489;492;446;320;416;498;504;497;491;493;434;318;383;502;503;500;489;492;488;396;470;502;498;494;473;475;474;479;480;483;482;476;472;469;473;471;472;472;472;474;472;469;468;478;467;472;478;478]
216205 - [366;435;358;308;332;357;352;361;474;469;444;322;399;486;484;471;487;485;445;320;421;499;503;493;494;495;430;309;385;499;500;500;488;493;487;409;476;501;501;491;475;474;477;478;481;480;483;479;472;470;470;470;473;478;478;477;473;469;471;469;472;473;473;474]
217169 - [353;441;360;314;334;362;344;363;471;468;437;328;400;483;487;468;487;491;450;318;414;497;503;494;488;494;437;314;385;499;499;502;490;492;487;394;477;502;505;494;473;475;469;472;477;484;483;478;470;468;472;468;472;474;477;477;468;473;469;476;471;472;479;477]
218133 - [350;443;361;310;328;361;357;329;469;476;443;325;402;488;487;477;486;492;443;318;415;502;501;494;490;492;428;313;381;504;501;496;490;491;489;393;481;499;502;492;477;481;474;478;481;482;481;476;473;474;467;473;471;472;473;476;474;471;469;473;478;475;481;483]
219097 - [369;441;352;308;333;351;342;350;473;470;443;328;397;483;475;472;489;488;452;317;408;496;499;499;489;493;434;300;385;500;501;494;486;490;483;392;475;499;505;493;474;477;470;477;477;481;481;480;475;472;470;473;478;474;474;475;471;471;472;471;474;472;475;474]
220061 - [373;446;352;307;328;354;346;350;471;473;449;321;406;485;479;466;486;488;451;317;407;501;504;495;490;495;429;314;381;500;505;497;492;495;485;408;476;497;500;495;470;475;480;473;474;483;474;475;477;470;464;470;470;473;474;473;473;472;468;473;474;472;475;478]
221025 - [358;459;354;313;337;355;351;368;466;483;433;330;397;486;484;465;492;491;452;324;420;503;498;495;488;493;436;317;384;499;502;501;491;497;484;400;473;498;505;493;475;470;477;473;481;484;479;478;468;473;467;473;472;474;477;476;477;473;473;472;475;472;475;478]
221989 - [344;440;368;312;338;369;353;352;469;472;442;324;396;482;482;469;489;492;451;314;414;504;504;496;493;489;430;311;387;502;504;497;481;493;488;405;480;498;502;497;469;477;472;479;484;480;482;479;475;469;471;471;477;471;480;478;472;474;471;469;471;474;474;480]
222953 - [360;449;358;305;336;361;359;356;469;473;439;322;396;480;480;472;484;490;447;318;417;495;503;494;490;496;438;315;380;503;499;495;489;495;480;397;474;501;503;494;475;472;474;477;477;480;477;482;476;474;468;472;476;474;474;474;472;469;470;468;470;472;478;472]
223917 - [361;441;361;305;335;362;360;337;470;475;448;323;409;485;483;464;490;489;449;316;421;496;501;494;493;494;429;315;387;503;503;497;492;494;488;396;478;501;506;495;472;470;476;479;480;477;477;479;479;473;472;469;469;477;473;476;480;471;469;468;471;474;473;475]
224881 - [365;447;367;304;341;360;355;337;468;480;442;321;399;480;480;468;488;487;444;318;410;496;499;497;488;492;424;314;380;500;502;499;494;489;481;409;476;501;504;495;473;471;474;477;475;482;479;477;473;473;470;472;478;471;474;475;474;471;470;473;474;469;475;476]
225845 - [362;446;361;307;337;362;366;356;465;477;446;328;403;482;478;471;488;490;449;318;407;499;502;493;491;495;421;315;381;500;508;495;487;497;486;391;479;501;498;492;469;472;474;474;477;479;476;479;472;471;470;473;475;477;480;473;474;472;468;472;471;473;477;473]
226909 - [365;441;359;311;334;362;360;345;465;478;439;323;397;476;476;463;488;488;453;320;415;497;506;495;487;493;429;312;382;506;501;496;491;495;484;408;476;498;498;490;474;471;477;477;476;479;483;479;472;474;473;471;473;471;475;475;473;472;469;476;472;469;472;479]
227873 - [347;440;351;307;331;356;348;367;474;479;445;327;404;485;482;470;490;493;442;318;415;497;503;494;486;492;429;317;380;500;504;502;490;494;486;392;480;494;497;492;469;477;478;482;481;481;480;481;472;471;468;468;473;477;476;475;478;467;473;469;471;475;475;483]
228837 - [364;446;370;313;331;373;353;342;468;469;445;328;401;481;477;469;485;492;441;321;416;496;499;493;488;497;431;317;382;505;504;497;493;489;487;395;477;498;503;496;474;472;471;473;482;477;483;482;470;473;469;472;476;476;473;473;471;467;471;470;472;474;471;473]
229801 - [366;452;349;310;331;359;365;356;463;473;446;326;396;483;474;464;488;484;447;318;414;497;502;495;487;493;428;315;383;502;504;498;493;495;489;398;471;501;502;491;480;476;477;478;481;483;479;478;468;466;467;470;473;475;475;472;476;470;472;470;473;474;478;480]
230765 - [370;443;361;304;330;357;356;362;475;477;444;326;400;485;473;464;488;482;444;319;413;496;505;497;492;491;432;316;386;502;504;496;491;490;486;396;474;499;502;493;472;472;471;474;479;481;478;478;469;469;474;473;473;473;477;475;474;471;471;467;474;472;478;478]
231729 - [362;451;356;309;338;360;364;362;472;478;449;321;403;479;481;469;490;491;450;320;411;500;499;493;491;491;434;310;384;502;500;496;494;491;485;394;473;501;501;493;472;469;474;469;482;484;478;480;474;473;471;471;476;480;477;474;474;471;473;471;474;470;471;483]
232693 - [369;435;355;311;334;368;355;356;463;477;447;325;397;483;481;470;487;490;454;306;416;500;503;496;494;497;429;314;381;501;503;495;490;491;479;393;478;501;501;496;478;475;476;469;481;478;479;475;478;471;470;473;471;473;472;477;474;471;472;468;470;468;477;478]
233657 - [355;446;361;307;336;360;363;353;463;481;434;324;397;481;483;468;490;491;442;319;412;497;503;498;485;492;428;314;389;503;507;499;489;492;484;397;472;499;503;494;474;479;478;479;483;480;482;479;477;472;474;473;476;471;474;473;473;471;465;474;472;472;474;482]
234621 - [360;443;355;305;344;372;365;357;473;478;447;331;401;485;476;470;488;489;453;319;416;499;499;495;492;492;431;317;383;506;504;496;492;490;481;396;470;498;505;492;471;478;472;475;477;479;476;477;472;473;474;470;473;473;478;477;471;477;474;474;471;475;475;479]
235585 - [342;448;350;309;332;364;354;337;471;478;444;319;404;482;478;471;490;486;447;305;418;497;496;498;489;495;434;312;383;504;506;495;491;490;487;398;474;506;502;495;471;475;474;479;476;481;478;479;474;470;466;471;471;477;472;478;475;472;472;469;471;474;476;481]
236549 - [372;446;350;311;338;371;357;349;466;481;443;327;402;481;473;464;485;489;445;311;411;495;502;496;491;495;432;313;388;501;498;500;488;496;485;398;468;497;500;491;475;476;474;475;485;484;479;478;468;470;469;475;473;472;470;475;469;474;467;475;471;473;473;477]
237513 - [363;442;356;308;343;368;347;357;466;474;446;328;402;480;477;468;490;490;451;317;418;493;500;494;491;491;426;316;384;502;503;500;490;487;488;392;471;498;499;494;470;471;475;477;475;482;481;477;472;471;472;475;473;476;473;476;475;473;474;475;466;474;473;478]
238477 - [362;439;359;312;345;360;361;357;473;478;446;330;406;484;473;465;488;491;446;323;414;501;501;492;489;495;426;309;383;509;499;502;495;489;484;396;476;497;499;491;476;472;473;481;482;483;480;479;471;473;470;470;477;473;479;475;477;471;471;474;474;472;470;479]
239441 - [359;441;354;309;334;363;352;354;471;486;447;319;401;480;488;476;483;488;448;318;417;494;500;493;492;495;426;314;381;509;506;500;495;489;487;397;472;502;502;496;476;472;477;476;480;479;479;477;470;469;473;473;478;472;470;471;478;476;475;470;469;474;473;477]
240405 - [363;442;358;307;340;345;347;364;470;474;435;328;396;489;477;470;490;491;448;323;416;501;498;496;490;495;433;312;389;500;500;505;488;492;483;407;474;502;503;494;476;479;474;479;477;481;484;479;471;469;476;471;472;471;476;477;471;473;472;470;469;475;476;474]
241369 - [349;442;362;308;330;354;361;354;469;467;446;324;401;484;469;465;492;490;441;319;413;498;503;493;492;492;423;313;387;504;498;497;490;492;486;393;469;496;500;495;472;479;476;476;475;480;481;477;472;471;476;471;478;474;476;477;471;471;471;472;469;473;475;476]
242433 - [344;439;373;306;321;358;364;355;472;479;443;325;406;484;480;465;485;490;453;309;417;496;500;494;491;496;433;311;382;501;507;501;488;492;486;406;474;499;504;494;472;473;473;477;477;489;480;481;477;472;466;473;472;476;473;474;470;472;469;471;471;473;472;477]
243397 - [366;436;370;312;336;348;361;353;465;475;446;327;399;481;476;462;489;494;455;314;414;498;502;496;491;495;429;309;384;503;505;498;487;489;487;393;473;501;500;489;471;477;475;478;481;483;477;478;470;473;470;471;475;468;474;477;472;471;468;469;471;472;473;478]
244361 - [362;432;361;306;334;358;342;332;477;473;444;327;406;489;487;467;486;488;444;323;417;496;504;493;489;493;429;314;380;506;501;496;493;494;489;387;477;501;497;496;472;474;474;479;479;479;480;479;471;466;475;475;474;475;474;476;476;470;470;470;473;476;480;477]
245325 - [362;443;355;303;329;361;364;342;473;480;444;324;405;480;478;471;492;487;453;320;411;491;499;493;492;493;432;315;385;506;504;498;489;492;488;396;479;499;502;491;471;477;480;476;478;482;480;478;470;469;473;473;467;474;472;476;473;470;473;470;473;473;473;473]
246289 - [359;436;357;311;335;368;359;331;463;478;445;326;396;479;481;465;489;489;450;319;411;502;499;491;490;494;431;316;380;501;503;499;487;488;491;412;476;501;502;494;472;470;475;477;482;481;485;482;470;474;469;471;477;476;473;478;474;473;467;465;470;473;475;474]
247253 - [354;444;353;305;334;363;360;340;463;476;450;326;401;485;480;474;485;489;443;318;416;502;500;496;487;493;436;317;384;503;502;495;489;494;489;392;472;501;502;494;474;472;481;476;481;485;478;478;468;469;470;471;477;476;472;478;473;468;473;470;471;469;475;483]
248217 - [359;446;365;307;334;368;344;357;475;474;442;320;404;483;475;469;487;493;444;321;419;496;501;497;489;491;426;311;387;499;504;497;485;490;485;395;478;501;508;495;474;474;471;480;479;480;483;479;474;472;470;479;477;474;478;480;475;473;469;469;469;471;474;478]
249181 - [350;434;351;305;342;352;358;336;472;476;449;326;402;490;476;467;489;489;445;319;415;501;501;497;490;496;430;315;384;501;501;499;487;492;482;407;471;498;503;494;472;476;472;483;475;481;481;477;475;473;472;474;475;474;476;475;472;465;470;471;469;477;475;475]
250145 - [362;429;360;304;333;366;362;358;473;476;439;329;400;480;478;472;491;487;445;319;415;498;501;494;494;493;426;318;386;504;505;501;488;490;482;390;476;503;501;490;471;471;475;477;474;481;477;480;471;474;466;468;470;474;476;477;474;471;469;471;471;472;474;481]
251109 - [361;436;358;310;333;358;345;347;461;476;439;321;401;485;473;465;490;491;448;320;410;496;501;495;486;491;427;309;385;501;497;503;490;497;487;399;479;500;505;490;473;475;477;477;479;484;475;477;475;472;470;471;472;473;477;479;474;470;473;473;470;469;474;479]
252073 - [363;435;355;312;330;357;352;342;458;476;441;330;403;482;474;473;490;491;450;313;415;498;501;498;486;491;430;313;382;508;502;497;492;494;486;396;480;498;505;494;473;478;472;474;476;480;479;478;472;469;473;472;476;473;474;476;478;471;471;469;469;470;477;477]
253037 - [367;450;360;312;335;358;366;352;471;471;448;331;402;485;477;469;487;493;453;320;413;500;499;501;490;493;430;311;386;501;499;501;490;490;489;394;476;499;501;493;470;479;476;479;481;480;480;480;471;470;474;477;473;472;479;474;478;472;469;471;469;472;474;479]
254001 - [362;441;356;311;328;357;351;330;472;476;439;325;402;484;480;467;490;490;450;320;414;496;502;495;491;496;433;314;381;500;503;503;486;494;488;396;470;504;500;493;469;475;472;476;481;480;476;480;475;471;474;469;472;477;479;470;474;472;470;468;474;475;469;473]
254965 - [365;457;353;308;337;361;356;355;474;469;444;323;405;483;477;469;483;491;441;318;419;499;498;492;490;498;427;312;382;500;500;495;488;487;483;398;474;498;502;493;474;468;469;481;483;481;482;480;473;472;474;474;476;475;472;477;469;475;468;469;474;475;475;475]
255929 - [362;435;363;308;337;348;348;339;464;478;444;327;407;481;484;467;490;490;445;315;413;499;502;493;491;492;428;316;388;498;503;501;487;491;486;396;471;496;502;493;473;469;477;475;480;479;482;476;472;470;470;470;474;477;476;475;471;475;470;468;471;468;472;477]
256893 - [357;443;355;304;335;361;344;357;461;475;438;327;399;481;485;458;491;490;451;321;418;501;500;497;490;492;425;314;382;501;505;495;494;488;490;396;475;498;503;494;469;476;471;479;478;480;480;481;469;469;471;476;475;471;476;473;478;472;469;467;471;473;475;477]
257957 - [377;440;350;306;341;362;337;359;473;476;445;324;404;483;480;471;492;487;447;318;413;500;498;495;493;494;427;312;378;502;502;494;490;491;489;394;476;499;503;493;470;474;476;477;479;483;481;481;473;469;472;472;474;474;473;475;471;472;474;472;470;472;473;479]
258921 - [366;444;359;310;339;367;355;354;472;472;433;327;407;482;478;474;483;490;447;321;415;500;502;494;490;493;431;314;390;500;499;496;489;495;482;393;477;496;504;498;477;476;475;475;479;484;482;475;474;467;466;467;474;474;472;474;470;473;469;473;471;474;473;479]
259885 - [365;454;357;307;338;363;357;366;467;479;439;330;404;481;481;468;488;493;448;322;413;495;497;494;489;491;426;313;383;503;503;501;490;490;487;398;472;500;502;496;473;473;477;475;481;481;480;478;470;467;471;472;468;475;474;474;478;471;469;473;469;475;477;478]
260849 - [342;451;353;311;339;360;354;356;462;478;442;325;397;483;480;470;495;489;447;323;414;498;499;496;491;493;432;317;386;507;507;499;483;493;481;389;479;498;506;494;472;476;476;476;474;477;481;481;470;471;466;467;476;469;473;477;474;475;470;466;470;476;473;480]
261813 - [366;441;361;309;338;354;354;361;471;474;446;330;397;480;486;471;487;490;451;320;415;497;502;496;492;494;433;315;385;504;505;501;487;490;488;394;476;499;503;495;474;473;471;479;480;479;484;482;471;471;469;471;475;473;474;476;478;473;471;469;472;475;474;478]
262777 - [357;446;355;309;326;356;346;355;475;473;447;327;408;484;475;470;488;492;452;317;419;494;504;495;490;496;436;311;385;498;503;501;494;492;485;394;474;498;505;498;476;476;476;473;478;482;480;482;474;469;468;475;471;471;478;475;474;476;465;470;472;475;470;480]
263741 - [361;445;353;307;343;352;348;356;464;475;441;328;403;474;478;471;487;494;452;319;413;498;501;495;487;493;428;313;388;502;501;498;485;493;485;391;478;502;497;494;472;476;473;479;477;482;483;478;471;470;469;473;474;474;474;479;470;469;472;468;473;475;475;477]
264705 - [359;438;360;310;340;361;356;350;468;478;443;332;406;488;477;470;485;493;443;321;417;497;503;493;488;496;423;312;391;507;497;498;490;494;489;386;472;498;504;494;473;478;476;484;482;485;482;482;473;467;469;469;477;477;474;470;467;476;468;474;473;473;474;476]
265669 - [355;444;361;308;331;362;358;334;467;469;437;327;403;485;475;463;491;490;452;314;411;498;498;495;492;497;426;315;390;502;505;502;490;494;488;388;476;497;503;497;473;477;477;471;482;483;483;475;474;471;476;472;473;468;477;474;473;470;470;473;469;474;471;481]
