415;460;443;415;450;438;440;441;499;498;505;505;507;511;504;512;503;512;508;442;486;510;514;513;515;519;517;498;525;520;519;517;511;512;518;518;515;514;515;511;516;504;504;444;467;510;510;512;510;510;509;493;491;507;514;510;531;524;517;517;530;524;537;547
426;462;444;423;442;445;441;430;499;499;501;511;507;502;504;503;505;509;513;457;485;514;508;513;508;509;520;508;514;518;511;520;512;513;515;503;517;510;511;510;512;506;505;430;469;510;512;513;507;501;506;471;497;506;502;507;553;535;520;513;517;534;531;535
412;457;440;430;446;442;438;438;496;500;506;501;507;504;501;505;506;509;512;467;482;515;512;509;508;518;516;503;518;513;521;516;515;515;510;516;513;511;515;516;508;506;499;446;472;510;510;511;507;506;506;473;491;505;504;505;561;518;518;511;525;522;552;557
409;461;439;429;434;440;432;436;490;504;501;502;509;506;501;501;507;506;512;448;500;516;511;511;507;514;518;508;514;516;514;512;515;513;512;507;504;515;522;516;509;508;505;444;463;508;507;511;507;508;504;463;486;509;504;509;540;526;528;517;518;521;534;553
419;461;439;427;447;442;448;436;492;502;502;489;514;506;496;502;510;505;513;461;490;512;512;515;508;516;522;498;514;519;520;515;512;509;510;506;509;509;508;516;507;503;503;444;464;510;508;507;511;509;507;475;491;508;512;510;554;516;528;526;531;533;532;536
424;456;450;418;453;442;436;434;497;498;499;501;493;502;504;507;507;512;518;454;495;510;514;509;512;518;516;500;510;518;518;518;509;512;512;510;510;515;521;511;509;503;503;446;472;510;511;512;507;508;507;474;493;503;510;504;547;526;524;518;515;519;538;558
406;461;442;422;453;457;443;427;496;505;501;494;499;507;503;510;510;509;512;423;494;516;516;512;511;512;513;492;518;521;516;515;508;509;515;512;515;511;513;514;505;510;503;449;468;503;507;506;511;504;506;476;488;507;507;504;538;524;515;509;530;521;528;537
423;462;450;433;428;450;437;419;496;497;502;494;509;505;497;504;508;506;512;467;492;510;514;515;508;517;517;510;509;515;511;512;512;514;512;503;510;515;511;506;511;506;508;438;466;508;509;508;511;509;510;478;493;499;505;512;537;543;511;523;525;518;530;560
409;462;430;426;430;439;438;443;497;496;504;504;505;504;504;501;504;514;515;455;489;512;506;514;508;512;514;499;517;518;516;515;512;508;514;506;513;511;512;515;511;505;501;441;464;512;513;508;507;511;505;474;489;510;510;507;545;524;513;523;524;519;553;540
413;468;449;419;454;458;439;443;496;506;498;506;501;507;507;505;504;508;512;454;484;510;512;511;509;513;516;494;521;520;512;513;511;513;512;515;519;513;515;512;513;509;501;445;469;506;507;509;509;505;504;470;492;508;503;509;541;528;519;508;518;535;519;564
397;457;446;416;448;444;439;454;496;501;503;489;505;507;505;505;508;508;510;457;494;511;510;514;507;514;516;500;520;517;512;521;511;511;514;507;510;515;510;511;512;511;506;444;471;504;505;508;511;514;504;479;493;507;506;507;531;514;509;525;523;516;522;553
425;464;454;436;452;428;436;446;497;507;506;508;514;503;500;505;509;511;506;456;481;511;513;510;504;514;522;499;514;515;521;509;512;511;513;508;514;512;515;506;506;507;499;443;475;509;506;507;506;506;512;473;496;502;506;510;541;511;515;522;514;517;553;537
427;453;445;434;465;447;433;442;495;498;503;504;504;508;504;500;504;509;511;442;487;512;515;511;508;516;518;502;521;518;515;516;510;509;514;503;508;511;515;515;511;505;507;430;471;510;507;511;507;506;502;475;494;504;511;511;542;522;518;513;531;518;555;552
421;457;445;402;439;442;436;437;503;499;505;502;508;501;503;508;507;507;513;462;487;510;518;514;510;517;519;499;518;522;523;514;510;518;507;517;511;510;521;513;508;514;506;444;469;507;506;509;508;506;505;477;495;507;508;510;537;519;527;518;512;518;532;553
410;454;448;414;445;443;442;467;500;503;504;495;512;506;508;508;501;507;513;453;492;515;510;509;505;516;515;503;513;519;516;515;510;508;514;508;513;507;515;511;505;508;507;448;469;511;509;513;511;504;504;475;490;504;510;507;533;521;514;513;529;520;527;618
418;450;452;423;442;450;429;446;493;504;500;493;513;509;508;506;508;506;518;455;488;513;514;515;509;508;516;502;522;515;515;512;515;513;512;507;512;512;515;508;508;505;508;443;467;509;510;507;513;511;502;484;494;508;510;508;533;520;515;512;530;518;521;553
413;458;456;411;452;452;444;437;497;502;501;515;508;505;503;504;506;510;509;468;487;507;512;512;509;513;511;504;521;520;508;517;512;509;512;515;518;512;515;504;505;507;502;441;468;507;508;509;509;501;506;478;487;500;510;511;579;522;515;512;534;515;524;558
422;449;444;419;455;445;431;447;498;505;503;499;496;508;504;509;506;507;507;454;479;514;513;515;511;514;518;499;515;518;519;511;510;506;510;510;512;513;512;508;507;511;504;453;473;506;503;513;512;512;513;472;489;505;508;505;547;534;517;521;527;535;529;540
413;458;445;426;444;454;445;449;491;497;499;498;505;508;502;504;509;509;512;449;493;515;513;510;512;509;512;502;512;517;514;517;512;512;511;511;515;510;515;512;509;506;501;455;466;507;507;512;509;510;502;481;492;506;505;506;536;526;525;514;517;535;516;622
423;462;458;435;447;455;445;443;493;501;504;497;494;507;506;500;505;503;512;466;490;509;510;519;506;516;514;502;515;521;512;520;513;513;521;515;512;512;516;507;513;507;503;431;473;508;507;508;507;506;509;472;495;508;508;513;530;524;517;518;525;521;517;563
420;456;445;436;435;441;436;430;494;501;501;500;516;507;501;506;509;509;508;460;480;507;511;513;508;510;518;504;515;517;520;515;509;512;515;506;512;512;518;506;511;505;506;448;465;513;511;510;507;506;506;471;491;506;501;509;535;514;530;522;516;534;553;555
424;459;444;431;444;450;436;446;493;494;508;508;497;502;502;499;504;506;509;451;487;511;511;511;510;514;517;498;513;520;512;517;505;512;508;508;508;516;510;515;509;506;504;437;468;511;513;511;507;509;503;472;486;510;503;510;531;538;515;519;531;541;532;562
398;463;442;414;448;458;444;425;498;499;501;497;500;502;501;511;508;512;510;461;490;510;515;512;510;519;510;503;516;514;514;515;509;511;515;518;517;510;515;512;510;505;505;449;471;510;509;510;516;503;509;480;489;508;505;507;549;525;515;518;527;517;527;543
422;464;448;404;432;445;441;442;497;501;504;484;500;499;503;505;505;505;511;446;488;510;513;511;511;516;512;505;515;512;510;519;504;514;516;511;519;511;518;512;511;505;507;449;469;506;508;510;506;505;506;475;493;507;505;511;535;541;516;520;526;519;548;561
423;459;456;426;451;457;447;431;496;502;504;502;503;507;502;507;505;512;514;452;490;505;508;513;508;512;519;498;516;513;517;516;506;509;513;508;514;512;517;515;511;512;498;438;471;509;508;509;514;514;504;475;488;506;510;514;545;516;527;527;532;517;536;537
420;457;433;427;447;463;436;425;496;506;503;495;508;508;504;493;509;511;515;454;488;510;511;512;511;511;511;492;516;516;511;518;507;509;514;510;512;512;517;511;508;513;508;453;473;513;509;505;510;506;505;477;487;511;504;515;535;529;512;524;525;515;535;564
420;453;448;414;456;445;431;431;495;499;501;500;499;505;506;509;507;508;508;453;488;509;509;509;508;514;517;508;515;516;510;516;508;506;511;508;514;517;512;514;501;513;507;446;468;507;508;507;512;508;504;474;491;506;503;506;538;520;514;519;532;515;520;552
422;460;445;437;456;444;434;434;499;502;501;493;507;500;502;507;511;510;509;444;485;512;514;512;509;515;516;508;526;516;514;517;508;510;513;513;516;517;517;510;506;510;502;447;475;509;509;505;508;506;503;475;493;510;506;510;542;514;513;522;529;532;548;570
422;454;452;436;452;450;438;446;496;503;502;507;503;500;497;505;506;509;512;458;482;512;512;509;506;515;516;500;519;518;513;519;511;512;514;508;513;511;518;510;512;510;505;447;470;507;508;509;507;509;509;481;488;504;508;502;529;547;514;524;529;519;519;603
414;471;460;438;435;442;434;437;495;499;502;501;501;507;506;510;506;509;508;449;487;510;508;514;509;518;519;505;517;519;512;516;513;512;513;510;513;510;514;507;507;510;501;440;466;508;515;508;512;504;507;474;493;503;508;512;547;522;524;522;516;527;536;543
404;450;432;423;463;451;441;438;495;502;503;500;505;508;502;505;503;513;508;447;488;509;512;509;510;514;520;497;510;519;518;513;511;516;515;513;520;510;517;515;508;512;501;446;468;516;508;510;506;500;506;478;484;506;508;507;521;538;513;522;510;518;519;560
423;454;434;434;451;441;437;428;495;498;502;512;507;507;509;507;502;507;511;456;488;513;511;511;508;514;519;502;516;517;517;519;510;515;516;511;510;513;515;514;509;506;508;448;464;506;511;511;508;507;504;479;488;508;511;505;549;512;524;512;529;528;525;554
410;461;444;444;434;449;438;443;500;498;499;496;506;504;499;503;503;506;511;433;501;506;511;514;508;516;517;491;520;518;517;521;511;515;515;519;514;511;512;510;507;510;507;447;469;504;507;510;511;504;507;478;487;505;507;507;543;523;526;524;518;526;541;542
423;460;446;396;452;444;445;435;493;507;499;500;507;502;509;504;506;507;510;457;493;510;517;513;510;515;513;499;518;521;516;520;510;513;519;524;516;512;516;515;512;502;509;444;471;512;506;508;508;506;503;483;488;507;509;507;528;515;521;517;527;521;526;542
431;464;444;410;441;448;439;439;497;499;503;490;510;501;502;512;507;508;515;456;497;516;514;511;505;514;516;514;517;518;519;513;510;515;511;516;511;513;510;512;508;509;504;430;469;506;509;509;509;508;505;477;490;505;508;506;533;514;528;524;518;517;523;548
432;456;435;421;455;441;446;437;500;504;501;495;506;505;500;504;506;507;512;455;490;514;510;515;509;517;517;505;520;515;514;519;511;514;510;509;507;512;516;509;510;508;501;437;476;509;510;509;506;506;508;478;494;510;509;511;535;517;512;520;527;517;524;559
428;458;448;415;451;452;440;434;500;501;501;508;512;503;501;506;502;512;509;461;489;514;515;515;510;511;519;508;522;520;517;517;513;511;517;515;514;514;514;512;510;507;506;446;468;507;510;508;517;504;507;477;498;508;507;512;555;524;513;511;532;518;524;545
421;470;440;408;451;447;432;445;497;500;509;500;500;502;499;508;509;511;510;456;486;514;516;515;507;513;512;502;517;511;512;520;512;517;515;515;517;515;519;517;505;506;503;433;471;506;509;505;511;503;504;478;494;506;506;510;536;522;520;508;514;517;525;539
421;460;438;437;455;456;445;437;495;499;499;494;506;505;504;505;507;507;509;461;494;513;517;514;510;515;514;508;520;518;516;515;511;511;512;510;518;514;512;511;513;508;507;445;468;507;512;501;510;505;503;480;497;508;507;508;548;523;519;523;525;533;522;544
428;462;445;421;439;441;440;450;493;504;498;500;509;504;501;511;508;510;513;462;493;511;516;509;510;506;521;504;514;520;512;510;508;512;512;509;513;515;516;507;507;507;506;449;469;507;506;513;507;512;505;477;492;509;507;509;542;520;513;518;522;521;527;544
429;455;449;421;435;439;442;440;496;500;497;500;505;503;498;505;505;506;515;453;487;511;513;513;513;513;517;500;518;513;515;519;512;511;513;513;519;515;519;508;504;505;504;434;466;507;507;514;513;512;505;473;484;504;509;505;539;523;528;525;515;520;544;541
410;465;450;431;448;454;438;431;498;502;504;500;505;499;502;509;507;512;512;463;488;510;512;518;511;514;518;495;516;514;519;512;507;508;513;511;515;516;511;511;511;503;508;445;467;509;510;513;511;504;503;471;493;506;507;508;545;518;524;519;527;521;525;537
423;480;443;430;451;451;445;451;492;501;504;499;503;506;503;503;506;511;507;436;499;509;515;513;508;511;508;499;514;517;514;522;513;510;511;516;516;512;517;516;505;506;505;449;467;507;506;511;510;503;504;476;492;509;508;506;538;525;512;522;514;519;549;540
424;462;443;432;436;445;418;427;493;499;508;491;503;504;503;505;507;509;512;463;492;515;516;510;514;516;516;514;520;517;519;516;514;511;514;515;510;516;516;510;506;505;504;445;473;506;506;508;508;505;506;477;492;504;504;503;541;523;513;510;522;518;528;569
417;467;447;427;440;449;437;443;493;505;504;504;503;506;499;507;505;512;507;458;494;509;513;513;509;513;515;504;522;515;508;516;508;509;511;504;517;516;516;509;507;509;501;446;467;504;506;514;508;508;504;476;500;507;502;507;539;526;514;519;522;535;524;544
425;456;456;418;449;451;441;457;496;499;501;500;507;505;505;502;505;506;513;463;502;515;515;512;506;511;514;511;520;518;513;518;516;511;513;513;518;509;515;514;505;501;503;454;470;507;511;512;509;508;506;478;492;504;508;506;540;518;511;512;532;507;522;537
415;453;451;434;449;446;434;440;494;502;501;494;509;501;507;504;508;511;511;459;495;511;512;510;507;514;516;509;516;516;521;516;508;514;509;510;518;514;512;511;508;506;506;444;468;510;506;506;511;512;507;479;497;504;506;503;544;532;516;523;520;518;526;528
420;465;443;418;446;447;441;437;497;501;500;505;513;512;502;503;510;513;511;451;488;507;512;516;509;518;518;500;517;517;518;516;511;514;521;511;517;517;514;512;506;514;506;430;471;515;507;509;507;508;501;469;495;509;507;505;546;514;514;514;516;517;525;540
414;463;451;425;454;449;438;444;490;500;506;497;503;501;502;504;506;511;510;461;494;515;511;511;506;517;516;504;519;516;516;519;507;515;515;508;512;512;510;511;512;503;507;447;467;507;506;510;511;502;505;474;489;503;501;507;529;517;530;516;510;517;522;543
421;460;448;429;445;450;437;443;495;500;502;496;504;501;507;509;502;509;506;464;491;512;517;513;507;510;515;496;510;515;509;519;511;513;514;512;510;510;509;511;506;511;509;443;471;507;505;510;512;508;506;477;495;500;501;510;533;511;509;523;524;515;519;547
417;460;439;424;443;449;443;422;497;502;506;499;505;506;503;510;505;508;512;437;499;508;512;510;506;516;519;505;514;523;516;516;509;514;516;516;517;511;514;513;515;507;505;447;467;507;508;512;511;507;514;472;491;505;505;508;539;519;525;518;514;513;545;546
420;447;448;414;445;453;440;438;502;497;506;495;516;507;502;509;505;508;508;442;495;511;513;517;513;514;517;502;514;516;516;513;513;509;507;511;515;508;513;517;508;511;506;444;470;511;509;508;515;507;511;477;487;508;510;503;530;511;527;524;527;519;528;537
414;460;447;428;446;453;438;437;496;501;499;500;504;498;508;507;505;511;507;445;503;507;513;518;512;514;511;502;520;520;511;519;516;511;513;509;515;515;515;514;502;511;509;447;468;511;504;505;515;503;508;477;491;504;513;505;542;519;516;524;528;526;525;542
413;465;451;424;452;453;438;441;496;497;503;492;512;504;501;507;504;505;508;460;490;510;511;508;506;514;521;520;527;517;512;521;510;513;514;514;515;513;514;507;513;511;499;439;471;509;507;511;505;505;506;470;493;508;505;509;536;522;516;519;521;530;521;537
414;461;447;432;454;446;436;439;500;500;501;487;500;503;499;502;506;511;516;462;492;510;511;512;505;516;523;499;515;516;514;517;511;509;512;517;518;515;513;516;509;508;507;427;464;512;506;507;516;506;508;478;489;503;508;510;532;522;527;514;514;529;523;537
415;445;440;427;431;449;439;432;495;497;510;493;507;505;500;504;502;513;510;449;492;514;512;523;511;512;516;495;518;518;515;519;509;514;510;519;521;517;514;518;512;506;505;448;468;510;510;508;512;504;510;474;497;500;507;511;538;515;512;516;523;516;531;540
421;456;444;429;439;444;448;443;498;500;503;503;501;505;500;503;506;511;513;430;489;508;512;512;509;512;516;514;520;519;519;514;510;509;517;513;512;515;510;515;509;509;505;449;463;507;508;515;503;510;500;477;490;507;507;512;549;526;511;525;517;533;521;553
435;453;453;419;451;448;437;437;498;504;501;490;505;500;500;510;503;510;515;435;498;511;512;511;505;514;525;511;510;516;514;517;509;513;511;501;517;512;511;511;509;510;502;450;473;503;505;510;511;503;508;480;486;506;509;508;539;539;518;513;518;514;520;540
422;452;450;447;438;445;439;449;499;501;502;510;506;506;504;504;506;510;509;470;502;515;516;513;507;515;516;498;515;519;516;519;512;513;511;512;517;509;509;510;508;505;506;448;471;511;501;508;508;507;511;469;492;507;501;506;559;525;523;526;524;521;520;542
408;458;442;422;450;453;441;434;500;499;498;499;504;506;503;506;505;510;507;461;490;515;510;515;507;513;520;508;513;516;514;521;515;514;513;505;509;514;516;513;511;508;505;444;463;505;504;510;507;503;503;482;492;506;508;509;578;523;509;519;526;519;523;539
421;458;443;429;436;454;434;449;496;494;502;502;513;503;498;506;507;506;513;443;496;513;511;515;512;510;508;503;513;517;513;518;508;512;512;516;512;511;512;512;512;509;509;446;466;507;508;511;512;505;502;472;484;510;509;509;529;522;524;521;516;537;525;547
428;457;446;427;435;449;438;429;494;503;505;495;501;513;509;503;506;515;511;451;505;514;516;512;509;516;513;508;509;521;521;519;505;513;513;513;515;517;517;507;508;510;506;448;470;507;506;505;511;505;503;477;497;505;507;507;549;520;527;514;527;515;517;559
412;465;445;415;445;450;441;436;495;501;503;496;508;501;510;505;504;514;513;454;497;509;516;511;511;516;519;504;516;521;515;519;503;513;514;511;510;511;512;514;509;511;504;453;473;508;508;509;510;514;503;475;491;503;508;507;532;522;513;514;513;518;535;545
423;458;435;425;443;440;440;436;494;500;504;511;504;512;506;509;506;506;510;475;495;509;513;511;505;513;518;512;516;515;521;518;511;514;515;513;512;514;512;506;508;515;503;442;469;505;508;512;511;508;509;474;494;505;507;512;547;510;513;520;529;524;522;536
432;467;452;428;437;449;432;436;493;503;507;499;506;505;508;505;505;505;512;456;487;512;513;510;503;510;517;503;514;519;510;518;505;513;512;511;513;512;511;510;513;512;502;441;465;507;506;502;500;502;508;477;494;505;505;513;536;522;511;525;519;536;541;542
428;460;450;418;458;451;441;438;500;498;504;482;498;506;505;505;507;508;511;466;494;514;512;510;507;518;520;504;511;518;512;511;506;514;512;507;514;516;515;507;507;508;503;444;475;509;508;513;512;506;501;475;492;510;508;508;538;518;528;517;514;524;554;541
425;460;449;418;449;448;437;422;491;497;506;499;508;502;508;507;507;510;512;442;493;511;513;512;507;520;518;510;515;509;516;515;510;513;514;516;516;506;513;508;511;507;512;442;472;510;510;506;512;506;501;476;493;505;507;508;529;520;521;517;518;513;525;540
402;465;446;418;449;451;435;448;500;495;503;509;510;503;507;509;507;511;516;455;495;511;515;508;507;511;516;501;516;517;518;514;514;510;519;516;514;514;513;516;505;514;503;436;475;507;512;512;511;502;510;475;494;505;508;506;556;518;509;518;519;522;525;555
420;459;441;423;442;456;446;438;497;501;497;499;500;503;505;508;508;512;513;445;495;510;513;509;508;513;511;498;519;513;514;518;513;515;515;512;518;520;513;511;506;510;504;443;463;511;506;507;509;507;508;478;489;512;506;505;539;546;515;512;511;518;532;554
422;458;448;412;451;440;432;436;499;503;503;501;507;505;506;504;505;507;514;457;492;511;514;510;508;511;519;501;517;519;514;516;508;510;516;519;513;516;513;513;513;509;503;447;463;504;511;507;508;502;501;479;498;503;506;509;519;515;520;515;523;533;541;534
413;465;447;424;436;450;433;443;492;502;500;493;499;504;501;509;508;511;511;453;489;512;514;511;508;510;515;510;519;519;513;517;509;507;513;508;512;511;514;515;503;504;508;445;467;517;506;509;508;508;506;480;499;501;511;508;531;513;524;519;531;519;514;549
427;450;450;424;446;442;425;443;499;497;499;505;511;505;497;507;505;509;509;462;488;511;512;512;509;514;516;507;511;515;517;520;511;508;511;515;513;510;515;512;511;504;503;448;465;512;505;511;508;508;507;473;493;505;507;506;545;509;516;519;514;518;518;537
421;456;452;404;439;450;428;440;500;505;500;500;509;505;509;503;507;509;512;451;497;513;513;509;508;511;517;504;514;520;514;516;509;511;513;511;508;513;516;515;512;513;508;451;472;512;512;510;512;508;507;474;495;503;506;509;531;520;531;512;515;519;532;558
411;454;449;437;452;441;440;450;488;502;503;503;508;504;507;504;502;506;506;442;499;512;513;511;506;513;515;510;522;519;514;514;512;509;514;513;514;512;508;513;509;506;503;444;466;508;505;511;504;512;504;482;491;508;506;508;535;515;516;513;518;518;512;542
422;452;453;423;448;448;443;432;497;500;501;501;504;502;501;509;507;511;513;460;500;510;511;514;501;510;516;511;513;519;516;516;510;514;510;511;518;517;520;511;513;504;504;441;471;509;505;511;507;504;509;466;491;508;509;511;538;512;527;512;519;522;526;544
418;464;445;423;455;457;438;451;499;502;502;499;505;504;501;510;508;503;509;466;492;514;515;511;508;512;516;502;519;514;514;516;508;513;511;507;510;515;511;504;512;506;501;441;469;506;510;508;508;509;506;479;490;503;510;507;537;519;515;521;525;521;518;528
422;457;452;410;442;452;441;413;501;499;498;501;503;497;502;502;503;507;510;463;495;509;514;512;501;513;517;500;520;523;513;517;511;513;514;513;516;514;513;509;509;510;501;451;468;509;506;507;510;510;508;486;492;508;509;506;537;514;521;515;519;542;526;551
427;460;444;427;443;451;445;443;496;501;503;503;505;503;504;505;504;507;514;463;500;513;514;512;502;515;517;495;517;514;516;516;512;514;515;510;514;505;513;515;506;506;504;453;468;506;507;508;509;506;503;474;486;508;509;510;573;539;514;514;520;518;528;702
423;463;447;429;449;448;438;432;499;508;498;493;505;509;506;507;505;510;510;455;493;514;511;511;506;514;516;508;526;517;519;518;512;510;514;521;512;504;515;511;514;501;506;441;467;506;507;509;514;511;502;478;492;507;508;510;531;528;516;512;517;519;515;608
403;457;447;419;448;443;441;434;492;498;503;484;513;501;506;502;506;502;509;463;485;508;511;513;508;516;513;499;517;515;519;516;505;510;515;508;518;514;511;507;505;507;510;446;466;510;508;509;515;508;511;477;491;507;508;505;560;525;516;521;523;516;559;566
418;462;446;430;428;446;453;436;494;501;506;493;509;504;503;509;502;508;510;457;494;509;511;510;511;513;516;511;519;515;512;517;511;514;518;509;512;510;518;512;509;507;502;440;466;512;507;512;507;506;511;477;489;511;510;504;541;518;529;521;518;517;525;554
407;468;445;420;443;446;444;430;500;504;496;501;515;500;504;503;507;508;511;455;496;511;513;508;506;511;516;500;518;512;515;518;509;508;510;507;511;511;515;513;507;510;507;441;471;507;504;506;510;508;511;481;487;504;510;513;530;516;524;527;531;519;528;539
404;459;443;420;432;453;438;450;494;497;498;502;506;504;499;505;506;507;510;454;494;512;517;510;506;510;516;500;513;520;517;516;509;511;518;517;519;515;517;510;510;510;503;447;461;505;507;507;506;503;505;471;488;504;503;512;550;535;513;524;520;522;522;550
425;460;447;419;448;443;435;430;494;504;504;498;502;503;503;505;508;510;512;454;490;511;517;513;510;509;517;507;517;513;515;514;510;512;515;514;506;513;516;512;507;506;509;427;471;507;508;507;514;505;513;473;497;509;506;509;534;519;516;522;524;514;527;548
421;458;451;421;439;442;432;443;499;501;499;491;507;506;504;508;503;509;512;460;490;510;509;511;507;514;515;498;522;519;516;517;508;510;509;508;512;509;512;506;513;510;507;444;468;502;506;509;513;509;504;480;489;504;509;508;533;525;515;521;526;517;523;556
410;451;445;427;458;446;444;438;494;503;503;494;503;505;497;506;506;506;511;460;486;508;515;512;507;510;520;499;509;519;514;516;513;511;511;506;512;513;511;512;514;507;503;452;473;512;510;508;510;507;507;482;488;509;508;509;531;535;520;508;522;518;529;559
420;460;442;418;439;446;438;447;495;500;502;494;515;505;501;504;510;508;507;454;493;511;516;507;510;516;521;498;515;519;514;513;510;507;513;508;512;510;512;511;505;510;499;443;470;513;508;510;509;508;504;477;494;510;507;512;555;518;513;509;525;515;522;556
409;451;446;440;451;446;433;435;493;500;502;474;500;505;504;503;508;512;507;462;485;514;513;509;506;514;513;511;514;520;513;516;510;517;515;504;517;514;517;512;500;510;504;449;464;506;504;513;512;514;500;478;489;501;502;514;564;526;528;512;520;532;552;538
411;451;450;424;447;440;447;444;491;502;504;496;503;504;501;507;505;511;514;438;498;513;516;513;508;513;515;506;515;516;513;521;510;511;516;508;514;513;514;511;513;498;502;446;471;506;504;508;505;508;512;472;485;505;510;506;520;521;534;505;528;519;523;533
417;451;450;425;451;440;436;449;493;500;503;501;508;505;503;508;509;506;508;458;499;514;514;514;508;516;519;494;518;516;510;515;512;506;518;511;515;513;508;507;508;515;510;443;466;504;511;510;507;506;507;479;492;507;506;512;537;524;509;522;522;518;531;540
426;467;441;414;445;441;439;447;495;502;503;502;501;506;502;505;505;504;504;475;496;509;513;511;507;516;521;503;516;518;513;517;512;514;510;509;516;515;516;512;504;510;504;446;468;509;505;507;508;507;501;478;493;508;508;517;537;512;518;513;527;518;525;691
424;459;443;414;445;449;438;439;500;500;496;498;506;506;509;506;503;511;516;451;491;510;514;514;513;511;517;503;518;520;515;513;509;509;517;516;514;511;510;509;509;515;513;442;465;505;508;511;504;509;508;473;490;502;505;514;557;529;526;525;529;536;520;533
416;469;446;418;449;442;433;428;490;501;501;516;506;505;506;504;502;509;514;458;492;509;513;511;504;513;512;505;521;522;512;517;513;513;515;509;507;516;512;511;507;500;507;445;465;514;509;510;513;501;503;471;486;502;506;513;526;525;519;510;512;519;523;537
409;455;433;404;439;451;433;438;497;494;501;504;506;506;504;508;507;509;509;462;493;512;513;516;510;520;513;509;523;518;523;515;515;512;516;506;515;508;515;511;515;511;501;445;469;507;515;511;507;504;509;486;490;509;507;507;532;544;529;515;530;527;522;545
420;459;444;434;454;455;442;423;495;503;501;495;504;503;501;509;505;508;506;459;496;514;511;514;505;511;515;507;513;519;515;514;508;512;513;510;518;513;515;508;507;511;505;442;470;509;505;507;510;513;510;478;487;507;507;508;541;521;514;515;530;531;532;536
424;459;452;422;434;439;443;446;497;500;510;493;507;506;502;509;505;508;515;461;489;514;515;514;506;517;520;508;515;515;511;515;507;513;510;509;517;509;514;510;511;508;505;444;465;508;506;508;509;505;510;480;497;509;509;506;541;529;515;512;531;524;521;533
423;462;446;427;448;450;441;445;493;498;503;499;497;505;504;500;507;511;517;441;500;510;512;512;511;515;514;504;514;519;515;520;512;511;517;506;518;514;517;513;511;507;504;442;468;507;505;512;507;500;513;468;494;503;505;502;530;519;513;513;519;520;525;551
419;460;454;429;447;437;440;431;495;498;500;501;506;501;506;509;508;509;512;446;497;513;518;513;505;515;517;504;514;520;519;521;511;511;513;523;516;511;515;512;512;506;506;441;471;515;508;506;513;507;507;471;490;510;511;511;551;523;512;519;508;533;526;562
419;461;439;426;435;437;431;431;499;499;504;498;505;506;500;504;508;509;516;437;495;516;510;518;504;513;516;500;516;520;520;517;508;510;514;515;518;513;516;515;508;505;500;445;475;510;510;513;513;511;506;476;498;506;509;504;538;512;523;526;530;523;520;555
423;455;445;427;433;446;438;444;498;504;500;491;509;504;503;500;505;512;511;462;495;513;511;515;514;517;514;498;516;517;519;518;506;511;516;509;514;514;511;510;502;508;509;443;468;510;511;512;512;506;504;477;492;503;504;511;535;526;512;519;530;534;550;533
406;451;446;432;445;444;443;431;496;502;504;499;505;506;503;503;503;511;509;453;489;515;509;515;509;515;520;505;515;516;518;517;510;509;515;519;514;513;515;515;511;504;507;431;468;506;504;506;509;502;500;474;501;507;507;508;539;515;518;512;528;525;529;548
420;453;447;428;434;445;436;437;496;501;507;499;513;503;506;507;505;510;520;454;491;510;519;515;510;513;519;499;523;517;512;518;515;512;516;517;520;514;514;509;507;507;495;441;465;509;508;511;508;508;501;471;488;506;512;510;542;530;512;512;531;515;532;560
419;460;447;414;452;447;437;448;496;503;507;506;498;507;501;509;506;509;515;464;498;510;513;516;508;514;516;499;517;515;519;517;507;512;516;507;516;515;512;514;510;510;503;454;470;510;507;507;511;509;504;476;487;503;499;509;551;516;515;519;519;521;520;536
420;464;445;420;438;441;438;437;497;500;508;493;500;501;504;507;509;509;513;453;492;517;513;513;509;513;517;508;512;524;521;518;515;512;517;503;517;512;514;510;510;508;505;448;465;507;504;509;511;504;506;477;492;503;505;508;539;519;525;519;532;531;527;543
419;449;444;441;446;450;439;438;493;503;500;502;510;503;504;504;501;506;511;464;489;510;510;512;509;515;517;509;518;516;518;522;506;509;512;508;515;514;518;511;507;502;504;438;474;509;510;508;512;510;506;480;495;502;508;504;542;515;523;524;525;518;555;532
414;457;447;417;447;438;436;433;502;499;504;502;499;506;503;509;510;515;512;467;502;512;513;510;508;516;516;508;527;521;511;519;510;510;511;514;509;515;516;512;509;508;505;445;471;510;508;512;511;508;506;483;492;506;510;508;533;526;512;523;516;534;522;540
409;468;451;422;444;453;437;431;496;494;503;491;505;505;501;511;509;508;516;437;494;513;509;514;511;513;519;506;509;519;511;514;512;508;515;515;514;514;513;508;507;504;509;445;473;510;509;513;513;508;504;469;487;505;510;507;535;524;512;524;521;518;527;560
416;467;445;436;447;447;435;434;494;504;510;481;501;501;505;501;504;506;513;460;495;514;516;515;509;517;516;517;517;519;520;519;509;514;515;506;511;509;515;513;504;508;502;442;474;509;508;509;511;500;499;477;487;505;509;508;529;546;524;520;524;515;528;532
413;452;452;421;443;445;429;437;495;497;504;492;509;504;501;506;502;511;510;451;498;509;509;511;505;516;517;509;516;521;515;517;514;515;514;515;508;514;515;509;510;507;507;441;476;510;510;510;509;509;503;478;490;511;503;506;531;523;515;513;529;519;526;535
422;463;454;404;450;443;436;434;493;497;504;497;506;511;505;507;506;508;512;462;495;507;512;512;506;515;520;498;523;510;520;516;510;513;519;513;513;510;516;513;501;509;505;444;468;511;508;509;510;506;509;482;493;503;508;505;548;526;521;524;514;518;524;545
409;466;447;434;448;455;437;440;496;497;504;509;504;503;504;507;510;509;517;460;492;514;515;516;506;518;516;516;513;521;519;517;507;515;509;512;522;512;518;509;509;505;506;441;472;511;514;507;507;513;508;471;491;507;514;508;551;519;511;513;514;519;518;559
419;458;446;422;446;444;443;443;494;493;503;501;505;507;501;505;505;506;509;454;490;510;515;512;509;510;516;513;517;520;517;514;507;510;516;521;510;515;515;515;508;506;501;440;475;512;508;507;512;506;502;479;490;512;513;503;540;511;528;525;535;516;527;536
418;455;451;433;444;444;440;426;500;507;499;493;500;510;506;502;507;506;511;458;500;512;513;515;505;514;512;506;514;519;519;518;509;513;508;515;511;520;514;512;511;508;505;443;470;508;512;509;509;504;506;476;491;507;508;506;541;521;510;517;527;521;523;560
420;464;449;414;458;447;447;439;493;498;505;517;505;502;505;508;503;508;508;460;491;513;514;513;505;512;514;507;516;519;516;519;510;513;516;508;515;518;512;509;511;510;502;458;470;511;509;512;514;510;509;473;498;506;504;514;546;518;517;523;527;531;524;571
426;469;441;414;447;446;445;435;499;502;501;494;503;505;500;506;506;510;508;461;496;516;510;510;509;512;518;509;512;513;523;517;511;514;511;514;508;512;514;512;508;512;500;443;464;508;508;510;511;505;507;472;496;504;507;510;526;515;529;512;526;525;528;539
416;461;449;419;430;451;438;436;492;501;501;497;502;503;504;509;506;516;514;458;495;511;511;513;509;515;514;507;521;522;515;516;513;512;515;515;514;509;515;516;510;509;508;439;470;506;513;509;516;504;511;473;487;503;509;506;587;520;529;521;527;518;535;526
426;459;453;421;444;450;455;435;499;504;499;491;503;509;503;503;502;509;516;454;494;518;508;508;509;509;512;507;514;521;517;522;508;512;517;514;513;510;513;513;509;511;506;446;466;507;509;506;504;507;504;472;489;501;507;506;525;524;527;524;513;519;517;544
424;466;443;423;446;444;441;416;497;501;503;502;506;506;500;506;507;511;508;461;490;511;511;513;504;516;516;509;516;519;516;517;510;512;512;523;511;512;517;509;514;512;511;445;467;506;506;513;510;508;508;479;482;505;510;510;529;519;519;515;527;525;525;533
420;452;442;429;449;453;447;445;502;499;505;503;505;505;505;502;505;506;519;461;494;508;509;514;510;514;514;499;519;517;512;513;508;511;512;513;511;512;512;513;510;513;501;449;471;506;506;511;512;508;499;480;492;506;509;505;545;520;521;512;527;516;530;546
418;466;446;444;450;451;438;444;494;503;505;491;512;503;505;508;504;511;511;462;492;511;516;516;505;516;517;500;516;518;514;514;510;513;509;504;512;512;507;514;510;514;501;443;478;508;510;508;514;510;504;472;497;506;506;510;537;525;521;526;526;515;522;559
427;460;442;433;446;440;436;428;497;499;504;488;505;503;504;507;504;507;514;457;493;508;506;514;506;516;518;516;518;521;512;514;512;515;513;507;514;513;515;511;509;511;506;439;473;506;504;509;510;509;510;475;493;505;512;509;537;514;524;526;533;516;523;559
418;450;447;434;432;456;450;436;492;504;502;485;503;503;503;504;504;507;515;459;490;508;517;516;511;510;522;504;511;520;514;514;511;510;513;512;513;507;510;512;500;508;503;443;475;512;510;505;508;508;505;475;488;508;506;507;553;516;510;523;513;533;522;550
418;457;452;433;439;445;447;433;495;500;497;501;501;503;497;504;501;511;512;457;491;511;512;509;510;517;510;512;519;514;507;521;510;513;517;508;514;516;519;518;510;515;503;447;463;510;508;510;509;505;504;475;492;504;505;509;536;525;527;522;515;533;530;567
419;445;450;422;450;455;429;426;498;503;500;499;511;503;506;507;509;508;509;455;496;511;510;509;509;514;514;504;514;517;515;519;510;511;513;509;516;509;519;512;498;510;510;455;470;512;509;508;506;509;506;476;493;502;503;503;550;521;514;525;512;527;520;545
421;462;444;420;435;452;446;431;500;499;502;500;502;505;504;505;512;512;512;466;493;514;511;513;509;518;516;502;517;516;517;519;510;514;515;520;513;518;513;512;506;513;507;450;471;506;506;506;509;503;506;477;491;504;507;506;533;523;516;520;525;516;522;565
423;459;449;419;453;446;436;445;497;501;507;500;496;508;505;502;507;511;517;459;495;516;514;515;511;516;515;495;516;514;517;519;516;511;512;521;514;511;513;504;510;503;501;445;471;509;508;507;512;513;511;469;491;507;515;511;539;541;526;520;526;515;522;546
409;452;447;416;435;446;429;442;496;502;506;502;500;501;501;508;504;511;512;458;491;513;512;511;510;519;514;501;521;518;513;517;508;512;516;512;507;516;515;515;510;507;503;449;473;504;508;507;511;505;501;473;491;504;508;507;527;514;515;524;518;520;519;550
405;462;446;416;451;439;442;442;493;500;500;501;503;504;500;506;504;508;514;452;498;513;514;512;507;512;514;510;518;520;511;520;511;513;515;511;513;508;513;516;505;510;506;448;473;506;510;507;505;511;509;472;491;508;503;507;537;515;518;523;516;518;549;534
417;458;444;429;437;440;437;441;500;497;501;506;509;502;506;505;505;507;514;453;494;509;516;513;507;513;519;507;515;514;516;522;511;509;510;510;510;515;516;510;507;506;505;452;468;509;509;509;511;511;501;475;489;509;502;508;529;527;520;516;517;532;534;537
422;469;447;418;451;452;436;435;499;501;500;494;507;506;502;508;507;507;512;449;492;514;516;510;512;514;521;503;514;518;518;512;508;512;514;505;517;514;512;514;508;501;504;450;463;505;511;509;514;504;507;474;489;507;507;508;548;522;515;520;524;516;524;536
416;448;441;434;445;456;448;447;498;499;501;502;500;505;505;507;505;508;514;469;487;514;512;515;507;512;515;501;514;519;518;519;514;512;517;503;513;515;517;514;504;507;504;446;475;508;510;508;512;507;508;474;493;509;512;507;533;520;509;509;530;517;527;565
427;457;444;416;443;453;445;447;497;503;504;500;505;504;506;508;506;510;510;457;491;514;515;511;503;514;511;509;516;511;513;521;511;513;513;511;516;510;515;514;509;504;506;447;467;503;511;511;511;502;504;478;487;506;504;506;562;534;515;511;512;518;533;560
424;457;447;413;456;445;445;445;498;505;500;506;501;505;502;509;506;508;513;458;490;511;511;511;506;513;508;503;511;520;512;517;510;512;510;510;505;514;514;513;508;507;506;448;470;511;502;507;509;506;505;475;488;502;509;510;558;519;524;513;527;523;538;536
419;465;441;442;441;454;440;453;492;499;501;497;509;507;499;504;501;513;507;446;499;511;510;506;512;509;512;506;515;515;515;519;508;515;519;513;512;511;513;509;509;509;504;451;469;501;507;508;512;512;501;477;491;503;509;512;537;539;515;519;512;515;526;553
421;455;445;412;443;436;443;443;494;501;501;505;500;501;506;503;507;509;509;455;500;514;508;514;505;516;512;519;509;516;516;516;505;513;520;512;514;512;519;512;506;511;501;444;470;510;505;513;512;507;506;476;489;504;506;511;539;520;520;519;530;515;527;558
423;471;438;419;441;454;449;433;498;504;500;489;508;505;505;503;502;509;515;443;503;516;516;514;506;516;519;494;517;517;512;512;511;513;516;507;510;511;508;514;508;510;507;441;464;507;507;511;509;506;506;472;488;505;505;512;540;525;525;524;530;520;527;558
420;457;446;413;444;439;444;435;492;498;498;492;506;505;506;504;502;507;512;413;495;512;511;513;502;514;509;502;516;516;514;515;510;514;511;511;511;517;518;509;510;505;510;446;469;511;509;507;508;506;502;473;495;507;508;508;545;512;518;515;528;529;550;573
432;450;448;414;445;452;438;431;500;494;500;499;509;500;501;503;505;511;509;429;493;513;513;515;504;514;514;499;517;518;518;519;512;509;519;518;518;514;512;512;508;499;504;433;472;509;501;508;508;500;502;478;489;506;511;507;559;517;511;521;520;517;519;559
420;450;453;420;448;445;442;446;491;502;499;488;504;504;500;507;507;506;514;453;486;512;510;515;512;513;517;507;517;519;515;521;506;507;513;513;511;511;512;514;511;508;505;446;471;509;507;508;507;506;509;477;491;507;509;511;526;523;534;524;527;521;524;548
421;456;446;435;453;450;445;437;494;498;502;504;505;498;507;501;503;506;508;456;485;513;507;515;506;509;514;504;515;521;515;522;509;511;511;516;515;515;510;514;510;504;503;441;469;504;504;511;509;509;509;481;489;500;504;510;541;512;520;519;527;518;514;554
422;465;439;430;452;445;434;439;497;504;505;513;502;506;508;511;508;508;507;470;491;509;511;512;506;518;510;501;523;514;516;517;505;505;511;513;515;508;516;515;511;515;507;449;470;505;505;508;507;509;506;475;489;502;505;507;538;510;523;522;520;518;517;557
418;453;456;428;448;442;435;431;496;501;503;485;499;500;501;498;504;508;512;457;491;513;516;511;508;514;524;501;515;521;517;517;509;512;513;520;518;514;512;516;507;511;503;451;469;508;511;508;508;506;510;474;489;509;513;507;541;522;515;522;520;515;523;542
426;463;443;425;449;445;433;434;492;500;501;494;509;509;504;503;505;512;515;455;496;512;514;512;510;513;519;502;514;517;518;517;509;514;515;517;514;516;518;514;506;510;508;430;470;510;506;507;513;504;510;473;490;506;508;510;540;515;514;517;528;527;528;547
422;455;442;424;462;445;438;435;492;497;503;500;504;505;504;503;504;507;513;449;497;508;519;510;506;518;518;503;514;521;513;520;510;507;512;514;512;517;517;512;511;508;508;434;465;510;507;512;510;511;506;473;489;510;505;509;534;544;514;515;528;518;517;532
421;460;447;416;451;454;442;437;496;500;507;513;503;505;500;508;505;506;516;460;500;513;516;512;505;513;521;500;511;520;518;517;510;512;513;516;512;504;516;512;503;511;504;444;470;505;506;511;510;512;508;480;493;508;505;503;530;543;515;519;523;533;525;561
421;468;451;428;446;442;438;447;500;501;501;506;508;504;504;507;505;511;508;459;504;507;516;511;508;520;518;511;520;517;511;518;515;513;512;504;516;506;518;516;506;506;504;450;468;507;505;514;509;502;502;481;496;506;511;506;544;532;512;526;517;532;524;529
424;455;445;414;445;444;447;439;494;501;500;494;504;502;505;504;505;509;513;434;490;511;510;508;509;511;518;514;516;524;516;519;515;511;519;509;514;514;515;513;508;507;504;448;470;503;507;511;515;506;503;473;485;505;512;508;531;511;514;523;521;522;520;551
402;460;458;422;450;444;438;438;496;499;501;499;507;506;502;506;503;511;511;453;496;512;514;513;503;517;520;507;516;523;515;517;509;510;510;515;516;512;512;512;511;509;502;445;470;507;506;508;507;512;501;478;487;504;508;511;534;526;528;518;520;517;526;537
421;462;447;423;452;445;441;441;500;500;504;492;509;510;505;509;505;506;511;461;492;516;510;509;505;519;516;501;519;517;515;514;514;507;513;508;515;508;514;510;509;504;506;443;470;510;507;512;510;505;510;476;497;506;506;511;537;546;513;513;519;535;519;538
428;453;445;412;440;426;439;440;494;503;496;494;505;508;506;502;502;510;514;446;493;508;510;515;511;513;515;504;521;519;514;518;509;509;518;518;507;512;517;512;508;509;502;434;478;505;508;507;509;513;507;474;493;508;505;506;544;521;505;519;514;516;529;552
419;460;446;423;451;449;436;447;497;506;502;496;501;506;504;504;512;508;514;439;488;515;507;515;510;518;519;510;513;514;515;515;510;511;512;508;514;513;516;509;511;507;504;448;466;511;504;507;506;504;509;480;487;501;506;505;546;514;514;522;516;542;518;542
402;453;449;415;447;439;446;436;497;505;502;493;505;506;510;505;503;508;510;464;493;512;509;515;510;514;516;507;516;522;515;517;508;513;516;505;516;514;515;512;508;507;506;435;467;509;504;510;510;510;504;480;490;508;502;506;543;517;513;512;524;515;524;548
408;461;447;425;443;456;438;441;499;498;500;506;508;505;506;507;505;506;512;452;504;509;515;515;503;516;520;516;513;515;516;516;507;511;514;516;513;516;513;512;505;511;500;445;469;506;510;510;514;504;503;475;497;506;512;504;554;525;509;516;516;512;527;537
403;458;451;435;438;446;447;436;495;498;499;493;501;510;509;500;506;510;511;463;491;512;513;514;512;512;516;510;515;521;519;518;512;517;517;509;514;514;515;512;505;511;508;441;467;508;507;506;505;509;507;478;500;503;506;506;537;534;518;511;514;518;543;698
409;457;449;429;441;447;442;449;497;500;502;503;505;511;504;504;504;507;514;462;495;515;514;515;507;512;519;503;512;513;520;515;513;513;510;518;517;514;517;510;511;512;509;454;478;509;508;509;511;505;508;471;491;505;509;506;532;528;511;511;516;523;520;537
419;455;433;425;439;455;431;440;498;500;498;489;506;503;503;500;508;507;510;432;497;515;509;516;506;511;518;508;520;519;517;519;512;509;517;507;521;506;517;512;511;509;504;446;477;509;505;515;515;505;510;472;486;505;506;513;536;528;514;511;518;521;517;573
413;462;442;433;444;445;432;432;496;501;502;491;499;507;501;503;501;511;512;446;490;515;516;517;510;518;516;514;520;520;513;519;505;512;517;514;514;509;517;513;510;509;501;450;468;509;502;508;505;503;501;475;496;510;504;507;535;514;515;520;525;520;525;539
420;471;448;437;448;442;437;443;499;508;501;493;504;511;506;505;507;508;509;457;495;513;512;509;498;515;519;510;518;512;515;518;507;519;515;518;513;512;517;514;510;504;507;442;474;511;509;512;504;506;505;472;488;505;507;513;526;519;512;516;524;530;518;545
433;455;459;411;447;437;442;446;498;499;506;493;496;508;501;510;505;507;509;456;495;515;511;513;512;514;516;494;524;523;516;516;509;509;514;516;511;515;510;509;513;509;504;447;467;508;507;515;504;501;511;474;488;506;508;505;538;521;510;513;528;529;528;534
412;449;448;422;453;445;443;447;501;503;503;485;503;508;504;503;506;508;512;453;497;514;512;513;503;513;518;503;521;521;515;516;508;515;514;506;510;512;515;513;514;512;508;444;475;509;509;510;509;510;504;479;486;507;504;511;537;516;513;522;514;521;527;535
409;453;463;418;444;443;436;437;496;504;497;494;507;503;507;511;505;509;514;443;497;512;514;515;509;512;519;498;516;517;510;519;506;513;513;502;510;514;517;514;510;510;502;450;471;510;512;508;514;504;509;472;489;507;509;506;537;514;513;512;519;524;553;558
416;454;444;430;453;447;441;433;497;505;501;496;497;503;496;507;503;514;507;452;488;509;509;514;506;513;521;501;514;521;518;513;509;505;521;512;521;511;513;512;512;509;512;428;471;506;504;507;508;505;504;472;486;503;509;503;556;514;515;518;529;515;527;559
418;454;450;428;449;462;431;445;493;502;505;498;507;503;507;507;506;506;516;436;494;509;511;511;505;517;518;498;515;521;520;518;511;512;512;518;514;515;512;509;509;512;503;450;468;502;510;504;514;506;505;476;494;507;509;507;539;522;524;518;514;515;523;532
427;463;437;408;440;452;441;433;498;504;504;498;500;503;507;504;504;511;513;460;499;509;520;514;510;515;516;507;520;516;514;515;509;515;518;513;510;514;512;512;506;510;506;440;470;509;506;510;507;504;504;470;488;511;509;508;543;544;511;524;511;524;517;533
434;458;449;413;442;447;444;448;496;497;498;492;502;506;503;502;504;504;509;451;490;510;512;513;508;517;519;508;511;518;519;520;510;513;514;518;513;515;515;515;508;508;508;429;475;509;509;509;502;502;506;472;491;508;508;504;554;520;514;510;513;533;526;557
418;459;452;414;431;452;439;444;498;500;505;499;506;509;502;500;508;512;512;461;501;515;516;514;506;513;519;498;517;517;516;518;514;514;518;508;515;510;514;512;510;512;507;445;472;511;509;511;508;510;504;474;493;502;509;512;548;541;523;517;514;515;515;556
419;465;442;417;457;443;441;439;496;501;502;498;503;502;504;508;505;510;511;455;496;508;509;515;506;517;519;506;515;517;513;520;508;509;512;514;518;516;514;513;507;507;501;444;469;512;510;508;511;504;507;477;487;504;507;511;537;527;523;508;517;516;526;546
416;453;450;415;459;442;442;432;494;501;502;489;502;500;510;508;511;510;516;438;499;507;516;510;511;516;516;508;509;523;514;516;508;506;506;512;510;516;519;515;506;510;512;445;471;506;509;511;516;505;511;475;491;512;507;502;548;517;508;520;515;510;525;560
420;453;449;424;429;444;441;437;495;502;505;495;501;505;505;501;506;511;517;453;486;511;510;513;506;516;511;500;515;520;515;518;511;511;517;506;515;516;515;512;509;502;507;456;468;507;509;506;511;515;512;479;489;509;508;509;532;542;511;520;509;526;526;549
427;452;447;434;445;453;433;447;500;500;504;501;506;507;501;507;508;511;514;445;479;511;512;512;509;511;517;488;519;523;517;514;512;511;514;505;517;514;512;511;514;514;499;428;471;509;504;518;505;507;505;481;487;509;508;509;535;518;518;519;525;518;523;564
419;443;445;418;448;450;440;432;492;497;506;501;500;504;504;503;506;509;514;450;483;513;513;514;509;514;522;507;512;516;521;517;515;509;515;511;515;518;517;511;508;511;504;447;478;509;508;508;507;507;507;478;491;508;499;511;531;519;514;527;529;538;527;538
419;450;447;410;444;443;436;439;495;504;500;513;508;505;509;507;505;510;506;459;492;511;511;508;506;519;518;487;517;515;517;519;509;514;509;510;518;512;514;511;508;512;504;429;467;509;507;505;517;505;507;479;494;507;504;515;537;529;515;510;534;517;519;568
423;461;444;426;439;449;438;435;497;502;506;503;505;506;502;508;504;505;518;449;496;512;510;513;509;516;521;500;511;522;517;519;509;508;512;502;512;514;516;513;512;502;501;433;469;510;508;510;517;501;512;471;493;508;503;514;539;514;514;521;523;516;550;533
408;460;443;425;450;444;447;435;488;502;497;497;501;502;506;513;505;509;511;457;488;512;517;511;507;513;515;501;510;517;515;519;511;509;515;515;515;510;511;509;509;507;505;447;468;512;506;508;513;506;505;476;497;505;507;509;539;520;521;511;526;513;526;534
404;460;438;434;434;452;441;430;495;500;506;497;504;500;500;507;508;511;508;453;488;513;511;508;506;517;515;511;521;520;510;512;509;509;516;512;515;513;512;512;514;513;503;452;462;511;505;509;507;515;499;473;486;502;507;508;529;535;515;522;519;515;526;533
417;456;455;436;448;448;430;424;496;501;500;499;497;504;503;504;506;509;508;446;490;514;513;516;513;515;517;495;521;521;517;515;512;512;517;511;514;518;518;510;511;507;507;447;467;509;509;505;513;511;508;473;497;507;511;514;551;533;515;524;528;524;537;551
424;450;451;422;430;446;443;442;496;503;504;499;503;510;504;506;505;509;514;455;491;511;512;512;505;517;514;495;521;518;514;517;512;512;514;509;517;514;511;513;507;509;496;443;464;506;505;510;506;508;498;473;489;507;505;512;531;521;515;523;526;525;520;541
420;456;447;418;442;447;442;445;494;500;502;501;498;509;499;509;504;511;510;464;495;511;512;513;504;513;519;502;516;521;517;511;512;511;503;510;516;513;517;511;509;513;506;454;467;511;510;510;505;507;508;473;492;502;507;508;533;519;522;523;516;517;526;548
430;462;446;427;434;453;449;439;496;500;500;489;508;503;501;505;502;504;508;443;495;510;511;512;506;516;517;510;514;518;513;517;510;513;510;510;515;512;517;513;510;511;503;446;470;514;511;510;511;504;504;472;494;511;501;508;552;516;507;520;518;516;524;556
420;463;449;427;454;442;435;435;499;505;503;502;507;503;505;500;509;513;513;441;499;516;518;507;510;513;514;508;523;515;512;520;508;507;512;514;511;515;511;512;512;508;510;453;468;507;507;511;509;507;506;480;488;514;509;505;528;521;525;522;525;515;526;560
424;458;436;423;444;445;453;441;499;500;499;493;503;505;506;502;509;510;512;456;491;512;515;511;507;514;520;509;518;515;518;520;508;519;514;516;508;513;519;510;508;505;505;448;467;511;508;514;508;507;501;485;496;509;510;502;555;522;523;522;521;517;528;535
419;460;447;422;441;444;437;431;499;503;502;502;506;505;502;509;507;507;510;453;494;515;514;515;505;510;510;508;514;516;514;517;510;511;511;517;514;514;518;515;513;508;503;443;476;510;506;508;514;503;504;479;493;507;507;507;532;521;512;510;515;521;516;547
406;463;445;430;444;452;432;442;494;501;500;498;503;507;504;507;501;513;511;463;489;508;511;510;513;513;514;512;515;518;516;518;510;516;515;508;519;510;515;514;515;508;499;450;469;512;505;509;510;509;506;478;487;503;506;512;544;517;511;515;526;534;529;538
421;457;442;420;444;441;436;448;492;504;501;493;506;506;500;509;504;503;503;461;490;506;520;514;508;511;513;509;517;520;522;520;505;511;517;516;515;516;514;506;507;508;506;448;466;506;515;510;510;505;502;477;490;518;508;509;543;516;514;513;523;531;530;540
410;465;434;405;431;448;433;434;496;504;502;490;510;509;504;506;508;511;510;437;498;518;513;512;510;515;516;512;521;521;522;521;511;508;519;508;510;514;515;512;510;511;503;442;471;507;505;512;509;509;512;475;491;505;508;508;541;514;510;520;526;516;521;526
409;460;444;426;450;436;436;445;501;503;506;493;507;501;504;509;507;511;509;460;492;515;521;515;513;514;517;498;518;520;514;520;508;512;516;511;513;511;516;514;511;506;503;441;464;510;509;513;514;505;502;479;486;502;508;506;532;539;515;524;518;526;516;541
416;453;455;416;458;448;441;439;495;504;503;500;509;504;503;505;507;505;509;466;498;509;512;511;505;514;516;499;511;520;514;518;511;509;512;513;511;512;516;508;508;505;500;446;466;503;511;506;507;508;505;479;495;502;510;511;537;522;516;519;521;518;526;528
425;448;435;419;431;447;438;424;499;501;497;494;506;508;504;508;508;512;512;454;498;511;515;512;510;510;518;503;514;517;515;517;509;513;512;515;520;514;511;515;510;508;506;430;461;506;504;508;512;506;506;475;492;510;508;509;536;514;520;521;524;515;522;564
428;462;448;428;449;446;448;435;495;503;504;503;504;503;508;507;505;510;511;474;498;516;510;513;510;513;513;508;513;520;513;520;509;509;513;515;511;514;513;509;506;507;501;452;469;505;505;512;509;512;508;476;500;509;504;509;539;518;515;505;514;531;528;534
423;466;433;424;456;452;436;432;498;500;503;499;507;503;501;509;506;511;508;461;493;512;514;511;503;513;521;505;524;519;513;516;505;511;515;505;513;514;512;512;512;510;504;444;468;506;504;513;512;503;506;481;496;514;506;508;539;529;513;524;514;525;519;555
418;463;444;422;449;449;447;435;494;503;503;508;501;505;503;505;505;509;511;470;487;512;515;513;504;516;514;514;522;514;524;516;507;512;509;510;517;514;516;510;514;506;505;448;470;509;509;510;512;503;507;477;488;503;504;508;532;520;529;521;523;516;552;533
430;467;429;416;447;433;438;429;489;499;501;499;513;505;504;512;504;509;514;442;498;513;514;512;508;515;512;502;512;513;512;517;516;506;514;515;511;513;513;510;507;511;507;448;469;512;514;511;510;506;509;473;488;511;505;510;542;532;511;522;520;526;553;538
414;467;448;419;440;449;434;426;496;501;499;508;505;502;503;509;504;509;506;447;497;513;514;514;509;513;515;506;521;518;517;520;509;510;511;510;520;515;509;513;513;509;505;449;463;510;508;509;514;506;514;482;491;501;507;510;534;524;527;525;526;515;528;528
408;460;449;425;440;442;441;431;494;507;503;502;503;505;504;507;502;510;506;433;492;509;513;515;508;513;517;502;509;519;518;516;512;512;514;518;514;514;516;515;512;508;506;447;470;507;510;510;509;506;512;473;488;505;512;508;542;518;515;515;519;515;540;533
409;454;445;427;451;446;440;434;499;498;503;495;508;509;508;507;508;510;510;457;482;514;512;510;508;511;516;491;518;517;511;521;506;509;517;512;516;518;509;511;508;510;503;451;468;510;507;511;511;511;500;472;489;506;507;515;547;525;514;510;526;529;516;537
417;465;455;414;455;445;435;432;502;504;504;495;500;509;504;506;501;507;513;464;480;515;512;512;505;513;516;494;514;516;523;520;515;507;514;515;516;509;516;509;512;510;504;444;464;511;511;517;506;504;505;472;492;510;508;510;547;540;519;515;526;517;522;551
421;466;453;430;444;446;430;430;493;496;498;500;498;503;506;502;506;508;511;454;488;518;508;512;506;512;518;501;512;516;515;519;509;506;511;509;516;514;514;512;505;505;501;447;469;509;509;511;511;508;507;481;486;505;502;509;534;525;517;512;526;518;529;550
430;463;451;412;440;439;442;420;497;503;505;508;500;503;511;507;506;506;516;444;493;512;511;514;509;512;521;509;517;517;520;515;512;508;514;508;516;513;510;511;512;506;509;429;462;509;504;512;509;504;505;474;487;505;504;506;533;536;522;520;533;519;528;537
423;461;445;426;438;445;441;439;498;500;502;488;509;503;504;508;503;508;512;454;486;511;512;515;507;510;522;498;519;522;513;517;509;509;514;502;511;510;515;512;506;507;503;438;472;505;509;507;512;505;508;478;483;507;501;505;534;520;515;523;534;516;523;537
423;456;443;418;438;447;444;435;496;505;505;488;505;509;506;507;501;514;512;453;488;512;508;513;508;519;519;499;518;514;514;514;511;508;515;504;515;515;513;515;511;504;504;436;469;506;509;514;510;504;498;475;487;505;502;510;529;520;516;526;527;526;525;539
426;461;441;438;446;446;448;435;497;503;499;499;505;505;505;507;505;508;513;440;490;509;514;515;510;515;519;492;516;517;509;521;509;509;517;507;519;510;519;514;506;508;504;429;469;508;504;502;512;507;511;473;489;507;508;507;561;517;513;521;520;519;523;534
415;463;454;434;442;449;434;461;501;500;508;502;505;505;503;507;504;509;511;463;485;511;511;516;512;521;525;499;513;521;515;520;510;510;513;513;516;512;513;514;510;506;505;439;473;509;504;510;505;508;504;473;487;507;510;505;535;522;524;522;515;531;524;560
425;464;446;438;451;454;435;434;493;500;500;501;499;507;500;501;505;510;508;459;489;513;512;515;507;514;517;500;513;521;516;515;509;512;516;515;514;513;513;511;513;511;502;450;473;508;507;506;508;503;502;471;487;508;509;508;533;520;535;517;521;527;529;554
424;450;425;422;441;450;439;433;499;509;504;501;505;501;506;509;509;509;510;460;482;511;509;508;508;512;514;514;520;516;519;513;513;511;513;511;517;512;513;508;510;504;501;428;468;505;512;514;513;508;508;476;492;508;508;508;542;513;525;524;538;530;519;570
421;455;447;421;449;443;447;444;492;500;501;490;502;504;512;505;504;506;511;465;488;514;519;518;514;517;515;510;515;521;511;517;512;509;511;509;510;513;519;516;508;511;501;449;467;510;511;509;513;507;501;481;498;510;507;512;541;524;526;506;516;518;528;533
414;463;450;410;448;438;437;425;500;503;503;484;502;509;503;509;507;509;520;456;484;513;513;515;512;515;513;511;511;518;517;517;504;511;509;508;517;517;517;517;508;507;497;444;471;509;504;509;510;504;503;476;489;507;510;505;531;522;514;519;519;523;528;547
410;460;443;417;447;449;443;449;499;501;506;503;504;505;503;505;502;506;510;469;489;505;511;506;506;515;514;495;517;518;517;517;511;509;513;518;510;513;513;511;505;503;504;439;460;506;507;508;513;502;506;474;494;505;508;508;531;532;513;519;517;517;524;533
413;455;456;421;445;450;434;442;493;501;501;498;505;507;499;499;508;511;509;454;483;515;515;513;508;516;515;496;510;521;516;516;512;510;517;513;510;515;517;510;506;510;503;442;469;510;506;508;511;507;502;474;496;506;502;510;542;509;527;524;518;512;533;561
416;460;454;434;457;442;436;433;496;498;501;493;504;503;505;505;506;507;513;450;486;509;513;513;508;513;518;494;514;517;516;519;508;512;514;514;517;512;511;516;509;511;501;444;471;505;508;502;512;505;506;476;491;503;506;507;544;518;527;508;525;528;537;546
418;460;456;409;448;445;438;450;494;505;505;495;508;507;504;503;505;509;512;455;480;512;510;511;506;514;514;497;508;523;516;518;510;512;514;515;517;510;510;510;512;505;510;442;469;505;505;510;510;505;508;473;488;510;504;508;539;517;529;513;535;535;528;539
417;452;446;426;434;447;434;452;497;505;505;496;506;507;506;504;506;506;512;470;480;512;511;512;511;512;516;499;521;512;511;517;509;510;510;512;522;513;513;509;516;506;513;448;471;508;510;512;513;504;503;479;492;509;507;508;537;520;509;513;527;516;529;536
424;463;451;403;433;449;434;438;497;507;504;501;515;506;502;506;508;513;511;466;480;514;514;514;510;516;517;505;511;516;515;517;503;511;511;512;511;509;517;511;509;507;500;441;472;507;506;507;515;508;499;475;496;501;511;509;518;519;518;511;511;529;527;551
427;454;451;433;450;444;441;435;493;503;503;480;506;507;507;504;509;511;510;451;489;507;511;510;506;513;508;513;517;521;512;515;508;510;513;502;514;516;516;515;508;504;506;451;470;509;510;508;512;508;508;473;496;509;505;512;540;517;513;524;526;516;519;537
411;457;449;415;450;452;437;431;494;505;502;493;506;505;500;508;505;516;514;440;483;513;513;507;507;511;512;498;518;520;515;521;507;504;508;508;513;513;512;513;506;503;502;452;467;508;509;508;506;504;504;479;490;506;509;510;546;518;515;526;527;515;529;537
422;460;449;425;430;444;450;435;500;498;502;499;506;508;503;508;508;511;510;461;489;507;515;516;508;512;514;498;518;520;516;519;510;512;520;508;517;510;515;516;512;507;497;448;473;511;504;507;506;505;506;477;497;507;509;514;525;512;521;511;525;518;528;542
411;461;448;425;433;445;437;442;496;502;503;506;503;501;500;500;509;509;510;441;482;511;516;514;508;514;516;489;520;518;513;517;511;512;511;512;510;514;510;514;505;507;511;443;465;508;506;506;508;507;509;481;496;508;505;512;547;528;524;521;526;521;541;534
425;459;447;414;454;451;450;445;491;501;500;495;501;502;506;508;505;511;511;435;486;512;513;514;505;516;517;512;510;515;513;518;508;508;518;504;514;508;514;512;506;502;504;441;474;508;510;513;512;509;504;479;493;511;506;507;576;521;515;518;535;509;537;569
406;458;446;414;439;444;433;440;498;503;505;496;499;505;502;502;503;508;512;453;495;507;515;515;512;513;517;509;512;521;517;515;508;505;511;511;515;508;515;515;512;509;510;456;466;512;506;512;513;501;509;471;492;508;504;509;535;519;527;529;524;520;526;699
422;448;448;421;448;450;434;432;498;502;501;509;506;511;503;511;504;509;511;452;485;508;514;510;507;512;517;504;515;522;523;520;508;508;505;516;507;513;521;509;509;504;506;445;466;507;508;511;511;506;509;475;485;505;507;509;538;522;523;511;530;517;524;528
422;467;446;420;446;441;436;437;494;500;504;491;508;504;496;504;499;508;513;460;487;513;512;512;512;511;512;498;510;513;513;520;510;507;513;511;520;517;517;510;505;511;507;450;465;504;506;509;507;511;506;479;490;507;508;502;539;523;527;521;518;519;518;606
426;463;446;418;447;447;438;441;489;503;502;501;507;503;499;504;508;507;509;460;480;512;511;509;509;511;514;494;519;519;513;519;509;513;512;505;514;514;517;507;511;506;504;448;472;512;508;505;509;508;505;478;486;502;506;506;533;524;516;509;524;524;525;559
414;461;437;411;445;445;442;436;494;498;502;486;502;505;503;504;506;509;512;452;486;514;512;511;507;513;512;499;513;516;519;517;505;517;509;502;518;518;512;512;509;506;508;453;464;504;510;512;511;505;504;475;488;509;507;510;540;516;515;526;512;536;525;547
416;459;448;409;431;446;448;443;497;499;506;489;504;506;508;509;503;511;509;438;476;508;513;512;502;517;518;503;518;524;517;515;515;513;515;514;515;512;512;508;507;504;510;447;473;504;510;511;509;507;511;473;495;505;505;507;535;517;510;521;524;522;519;536
424;466;443;425;455;451;437;422;492;498;501;477;504;504;503;504;507;510;506;443;493;512;516;516;509;514;520;494;521;524;516;518;512;506;509;512;515;513;515;512;512;504;509;447;464;503;504;510;507;507;505;475;489;505;504;504;557;539;528;522;513;520;524;562
420;462;448;434;429;454;447;441;500;500;503;504;504;506;505;503;508;507;512;422;491;512;514;509;509;515;516;500;510;516;519;518;510;510;512;509;515;517;513;516;508;513;506;449;474;506;507;509;509;507;505;483;493;506;509;507;541;527;513;519;523;515;518;545
419;461;446;425;439;454;453;438;496;494;497;498;506;505;500;508;500;507;507;440;495;516;514;515;508;515;517;492;518;517;513;512;513;512;507;510;514;518;511;514;508;507;508;433;480;511;511;508;507;504;506;473;485;503;504;510;539;519;508;520;522;516;520;537
426;463;443;421;455;452;437;446;493;501;501;504;498;507;504;505;504;509;511;449;498;513;511;510;511;514;514;510;518;516;516;517;508;514;513;507;521;512;510;512;506;509;502;443;470;507;506;509;516;509;506;478;488;506;506;509;552;540;512;519;522;529;522;535
428;456;448;411;445;441;439;443;494;499;508;494;506;499;502;508;504;511;512;438;496;514;513;509;511;514;521;500;512;520;517;518;510;512;514;506;512;513;516;511;508;509;507;445;464;509;509;508;507;503;505;473;487;501;511;510;529;516;519;523;530;541;530;540
428;460;445;430;451;444;436;434;500;502;501;504;500;505;506;506;511;513;509;441;487;516;511;508;505;513;511;489;513;522;509;517;514;511;520;512;514;512;510;511;509;508;499;443;470;510;516;512;509;507;506;473;488;508;505;508;528;521;523;517;519;531;546;545
422;454;445;420;449;449;441;419;494;502;502;492;498;507;501;504;503;507;507;457;491;515;514;512;512;513;517;496;518;523;507;517;512;515;513;511;517;513;513;515;506;513;513;439;470;507;508;508;509;508;502;478;491;503;514;509;522;535;511;524;527;530;529;534
410;465;444;431;441;446;433;443;498;502;502;492;497;505;501;505;508;506;512;462;486;513;514;516;505;513;516;505;515;515;514;515;515;511;514;508;519;512;514;509;506;512;504;444;476;507;509;508;514;506;505;478;489;508;506;508;544;526;523;522;516;519;521;561
418;472;432;422;434;445;436;444;497;506;501;494;503;503;504;508;508;505;511;460;486;511;505;512;509;514;521;493;519;520;515;519;509;509;510;516;514;511;514;515;503;509;502;450;472;512;505;509;511;507;514;474;485;503;512;504;551;519;514;522;527;518;524;537
419;463;449;419;450;445;433;434;496;499;502;502;500;506;503;503;506;511;510;454;495;512;516;512;508;514;513;508;512;519;513;514;508;513;509;515;512;512;512;512;507;506;504;443;473;505;505;508;511;508;508;476;491;503;503;508;537;512;526;512;520;523;521;552
425;453;441;407;448;442;435;428;500;502;502;503;507;503;504;504;507;512;510;457;486;512;508;515;513;513;520;506;514;519;518;518;504;514;511;509;507;513;517;515;505;499;505;448;473;510;508;511;506;506;504;472;490;503;504;509;529;529;521;520;524;521;520;559
402;454;450;405;446;453;434;443;497;502;506;487;504;503;498;512;502;513;514;452;482;516;512;513;506;514;513;499;510;516;516;517;508;509;516;511;513;516;510;508;508;503;503;453;471;508;505;506;509;509;506;480;494;507;505;508;530;519;514;523;524;518;518;555
405;461;444;420;438;452;436;442;497;509;501;501;507;501;503;504;505;508;514;459;480;510;517;516;503;516;516;501;518;520;516;514;511;512;511;508;519;515;515;517;516;506;499;437;476;506;505;509;513;504;510;479;496;504;508;510;530;526;525;520;528;520;531;559
405;465;444;421;448;445;447;443;496;506;501;492;500;505;506;504;503;508;509;456;497;509;508;514;509;514;518;511;522;515;514;517;514;509;512;512;514;512;511;513;505;507;507;445;472;514;510;507;506;508;509;476;492;504;506;510;535;516;526;510;515;520;530;550
424;458;457;421;448;447;433;437;496;501;503;510;513;504;502;507;506;511;510;450;488;506;511;515;509;510;516;508;518;517;523;517;509;509;512;508;512;512;510;513;511;507;507;441;471;507;509;503;506;506;510;478;491;509;511;510;533;513;513;519;522;528;549;561
426;462;446;426;448;448;435;440;496;501;505;498;505;502;503;504;506;508;511;456;485;512;517;514;508;513;513;500;517;515;516;511;510;512;516;522;511;513;512;511;503;508;507;446;470;511;511;513;508;507;505;476;489;510;509;504;551;543;508;511;516;521;529;538
423;451;449;426;434;456;431;428;499;497;503;499;502;506;500;509;502;509;517;468;488;511;515;514;508;510;516;495;515;514;517;517;508;514;515;512;516;517;513;509;504;505;506;429;460;507;501;505;509;507;507;468;490;507;507;511;542;516;528;520;512;518;526;549
420;463;442;426;445;440;438;445;491;500;500;484;496;505;501;502;508;510;515;442;492;512;513;515;508;514;517;501;517;519;515;512;513;511;513;513;517;508;513;515;508;505;501;445;466;508;507;509;510;512;507;473;494;505;505;508;542;524;510;519;513;516;520;677
416;450;444;425;446;443;445;434;488;501;501;500;498;506;508;505;509;512;513;460;495;517;517;513;505;515;519;498;515;518;513;519;508;508;512;513;512;514;520;513;509;509;507;451;466;503;508;513;503;512;501;476;488;510;504;509;549;524;513;507;519;529;529;555
418;450;446;424;447;448;439;441;497;500;503;502;504;503;508;504;499;506;506;452;492;513;511;513;505;519;515;512;515;522;517;515;514;514;513;511;522;518;516;516;506;505;497;445;467;507;507;513;510;511;506;468;494;506;508;509;525;516;518;518;526;518;520;567
427;452;441;428;441;438;436;424;501;501;501;491;508;501;494;510;504;507;512;461;488;514;507;515;510;513;519;494;510;519;514;515;508;515;516;511;513;514;510;511;505;508;505;446;465;500;508;508;512;509;506;480;491;506;511;507;537;518;515;523;524;518;521;541
415;454;446;415;446;437;440;430;494;501;505;485;509;504;504;503;509;509;514;462;488;513;514;510;506;516;516;497;511;521;514;517;512;512;520;515;515;514;513;512;508;509;511;440;472;510;509;509;505;504;508;482;494;506;509;503;525;540;521;512;513;530;544;545
412;450;444;428;441;444;434;440;496;503;500;502;500;500;499;502;506;511;509;452;497;518;510;513;508;517;520;499;521;517;518;516;510;514;517;505;517;511;517;505;510;503;504;446;471;502;508;511;511;508;505;474;494;508;507;509;535;522;526;525;526;539;530;564
429;454;450;416;454;445;450;435;495;499;497;493;504;501;500;502;505;505;514;472;479;515;513;514;512;515;515;501;510;520;518;514;508;510;514;516;516;515;514;512;508;512;507;441;468;511;506;514;509;504;509;476;491;506;505;504;535;520;515;515;525;516;534;533
420;464;446;416;440;435;439;443;496;502;507;494;507;505;507;509;507;509;511;440;490;510;511;515;507;504;513;506;518;518;521;516;512;517;514;514;512;513;510;510;506;514;510;447;473;507;513;510;512;510;503;472;492;506;505;509;538;518;523;514;513;520;522;544
424;461;441;426;435;449;439;446;493;501;505;503;503;503;504;509;506;512;511;453;484;511;513;513;509;513;518;503;514;519;511;517;507;507;513;513;514;507;518;515;512;511;504;449;471;501;504;510;515;512;502;480;488;508;508;507;537;528;516;515;526;529;516;558
424;450;444;431;442;450;444;440;496;501;503;506;509;505;505;502;504;513;506;455;483;514;515;512;511;513;516;496;525;518;513;516;513;511;511;504;514;513;512;510;514;505;506;453;467;506;509;505;512;509;510;469;487;505;510;508;529;511;516;517;523;515;536;529