402;444;438;357;378;410;406;406;481;487;484;466;464;489;488;491;491;500;498;458;471;498;497;499;496;500;500;490;499;499;499;502;494;490;491;488;493;493;495;493;483;478;481;476;480;480;480;478;486;479;480;479;484;477;480;480;496;491;484;482;482;481;480;478
395;434;432;377;359;407;401;385;484;484;482;442;463;485;486;485;498;494;495;452;460;491;494;493;497;504;499;482;492;497;501;500;484;487;492;491;488;490;494;487;486;476;481;480;482;476;477;479;482;480;480;479;478;476;478;475;491;482;479;480;478;473;480;492
405;439;438;351;379;414;399;395;485;481;485;445;471;486;484;483;491;495;495;461;475;498;495;496;497;495;498;485;492;501;499;495;489;490;493;495;493;491;493;483;479;479;480;477;477;474;474;473;481;480;475;478;477;478;474;484;487;488;476;480;476;479;479;478
397;437;429;351;370;401;403;402;479;486;486;455;455;487;482;486;494;493;493;466;482;497;495;496;489;503;499;495;493;504;496;496;492;491;489;492;495;495;495;487;480;480;477;479;479;475;480;476;478;479;479;476;484;480;472;475;500;482;486;475;479;484;480;488
406;437;432;383;378;407;399;400;479;483;486;443;469;485;488;485;490;497;494;449;477;499;497;492;496;496;505;483;496;500;501;498;488;488;490;488;493;493;492;484;478;483;474;479;474;477;479;479;481;479;475;480;479;475;474;475;483;482;478;479;473;476;482;492
406;441;439;355;362;407;402;400;475;487;477;446;465;494;487;478;487;490;496;442;473;499;497;496;491;497;498;489;478;502;498;501;491;488;487;494;491;496;493;487;481;473;477;480;475;481;477;482;481;480;481;472;477;477;479;476;482;479;478;476;477;476;476;486
395;441;431;368;378;410;408;406;482;486;487;459;466;493;483;481;489;491;494;460;469;495;493;492;497;500;498;488;499;503;500;494;486;489;492;487;492;492;494;487;478;474;476;480;480;480;474;477;487;481;474;478;481;478;480;477;485;479;479;480;477;477;481;482
404;436;429;369;379;417;409;389;484;484;485;463;452;489;487;488;489;494;498;449;471;494;494;498;492;499;496;498;487;504;496;496;491;491;489;489;495;487;493;494;478;478;481;480;475;484;480;477;480;479;484;475;470;476;475;476;488;479;483;476;483;479;476;477
404;446;441;371;365;409;399;388;482;484;479;457;474;480;487;483;490;493;496;450;464;495;498;495;494;497;501;489;492;502;498;502;492;493;495;487;491;496;496;491;474;483;479;479;479;478;475;474;480;480;477;477;476;477;476;476;485;482;476;482;474;480;477;470
410;446;438;358;357;410;405;389;485;481;482;468;472;483;482;482;488;491;488;457;472;497;496;493;494;497;499;488;496;494;496;498;489;485;492;485;490;494;490;486;483;472;476;478;481;480;476;476;484;475;479;478;478;474;479;475;481;478;482;479;480;481;480;491
411;457;428;376;361;416;400;403;480;485;484;448;475;487;486;483;490;493;493;444;480;498;499;493;497;498;502;489;489;504;503;501;492;492;493;489;494;492;494;490;478;481;481;482;477;481;478;478;482;475;478;470;477;479;478;477;483;487;476;483;476;483;481;487
396;448;436;369;353;410;412;394;484;481;485;465;475;489;484;484;493;494;492;464;466;499;499;494;501;496;500;476;487;499;498;498;488;492;490;489;490;492;494;491;478;477;480;475;481;472;475;475;475;478;475;476;478;474;474;475;483;483;475;480;478;478;480;486
389;436;427;365;378;412;400;396;483;487;483;464;466;490;483;477;491;495;494;455;464;494;494;497;496;495;503;487;489;505;498;499;485;494;492;487;491;494;496;488;483;475;476;488;476;478;475;473;479;475;477;475;475;475;476;478;492;487;481;476;473;481;482;487
396;436;433;348;362;407;402;400;477;490;485;463;458;490;490;482;490;492;497;442;467;496;493;494;493;497;499;490;486;505;497;500;494;489;493;486;493;490;494;491;478;478;471;480;476;481;475;479;480;478;478;477;477;476;471;475;479;486;477;483;483;478;481;481
392;438;440;354;374;401;402;409;483;482;483;451;473;493;485;481;491;492;492;454;471;494;493;493;498;495;494;488;488;504;504;503;489;493;485;491;488;496;495;490;477;477;477;482;477;479;479;477;479;479;478;477;477;476;475;478;489;479;476;473;478;481;480;486
400;440;430;375;381;407;397;400;483;486;481;446;473;489;483;477;495;491;494;445;474;498;499;495;494;498;499;491;489;501;503;503;490;488;488;492;484;495;495;491;479;478;476;479;473;481;476;472;481;481;477;473;478;471;479;476;485;482;477;479;479;477;478;490
396;436;440;357;375;405;406;400;475;484;488;454;466;492;488;485;492;490;491;461;466;497;492;496;494;496;494;494;489;501;503;499;490;488;493;493;494;494;496;490;482;482;479;477;481;475;479;473;481;478;476;476;474;476;476;472;486;484;484;480;479;475;482;477
400;440;430;359;378;410;399;401;481;485;484;447;447;488;485;485;492;493;487;458;474;498;497;494;496;500;499;493;476;504;502;499;487;491;490;492;495;494;490;484;480;477;474;477;479;480;481;476;486;479;475;475;481;474;476;480;488;484;483;480;482;479;477;486
398;439;430;361;375;404;396;402;480;488;490;440;469;490;485;485;491;489;493;455;473;495;494;490;495;498;496;496;489;498;495;502;488;489;494;490;491;495;497;489;474;474;475;478;476;482;477;478;484;480;478;480;474;476;479;471;482;485;482;482;478;479;478;485
408;438;445;365;358;392;399;394;487;484;483;447;450;484;484;479;492;494;492;454;467;497;496;491;493;500;497;477;489;504;503;498;488;494;494;493;487;497;494;490;481;476;478;473;479;477;479;478;485;481;474;478;478;480;477;479;488;489;480;478;478;478;480;477
408;444;432;359;365;406;405;394;482;483;482;446;463;490;488;483;494;494;492;449;476;495;496;494;494;497;498;491;492;501;495;497;487;491;498;493;490;495;496;490;480;478;477;476;482;479;476;472;484;480;477;476;474;476;476;478;487;482;484;480;476;477;484;480
395;440;429;367;369;401;402;393;477;477;478;467;472;489;482;479;493;491;492;448;468;499;492;492;495;497;493;492;486;501;504;498;491;489;496;488;496;495;499;488;478;481;478;480;475;474;482;483;481;473;473;476;477;478;475;475;493;487;478;479;478;478;477;486
397;441;434;361;375;408;387;395;483;484;482;451;463;487;487;477;489;491;488;457;469;495;496;495;489;498;500;485;489;504;500;495;490;492;489;496;491;494;497;487;483;478;478;475;485;476;478;473;481;474;473;473;475;476;475;473;488;483;484;479;484;481;482;475
398;433;429;362;367;411;391;393;485;484;481;443;476;487;491;479;493;492;493;458;471;497;499;497;495;497;504;491;490;499;500;500;488;491;493;489;491;493;498;494;481;478;477;479;477;477;476;478;488;479;475;472;483;482;482;475;487;485;482;478;481;479;480;477
397;436;431;372;379;406;400;390;483;484;483;455;473;491;490;481;492;492;495;448;486;495;494;498;494;496;501;487;492;500;501;497;489;491;493;497;496;495;501;489;480;479;476;473;477;480;479;475;481;478;476;472;475;477;476;474;482;473;475;475;483;481;478;484
399;434;440;368;363;412;397;399;482;483;487;447;461;488;489;483;492;489;491;453;470;495;497;497;495;499;500;487;493;500;497;494;488;492;493;489;493;490;492;487;481;478;478;481;477;478;476;480;480;482;476;478;480;475;477;480;493;482;479;479;473;478;481;479
390;446;426;363;381;406;406;394;480;479;478;457;475;484;487;481;494;492;495;450;469;497;497;493;492;498;502;480;487;498;501;501;491;488;488;489;493;496;498;489;483;478;474;478;479;475;479;474;482;482;473;476;475;480;477;474;482;484;478;474;477;478;479;492
396;438;431;357;366;411;405;392;482;486;490;452;465;487;490;482;494;490;488;456;469;494;497;498;495;500;501;491;486;500;501;498;489;490;495;490;490;492;493;492;480;475;479;484;479;472;476;477;480;478;475;475;482;477;479;474;486;486;483;485;474;479;475;481
390;447;423;363;367;401;397;389;481;483;482;459;459;489;489;486;493;489;494;446;472;495;496;494;492;500;498;482;476;504;499;499;489;494;497;489;492;493;499;485;479;477;478;478;477;478;475;481;484;483;479;476;477;475;475;475;481;488;479;479;476;475;474;484
394;444;433;356;373;404;397;398;480;486;490;442;462;488;486;482;490;494;488;445;473;494;494;494;499;498;501;484;495;501;497;499;489;490;495;492;493;493;492;494;479;481;477;484;480;478;478;469;484;476;472;480;477;474;476;474;502;481;474;479;473;471;480;481
408;453;437;371;362;417;404;389;478;484;482;469;468;487;484;482;494;496;491;465;463;497;499;496;497;500;499;493;489;507;499;500;490;493;495;490;492;495;495;491;479;483;477;478;479;482;479;479;480;474;475;475;479;477;474;476;484;485;478;482;479;478;472;489
398;438;440;370;359;401;388;399;482;487;481;453;462;492;493;479;490;493;493;459;468;493;498;493;494;502;498;477;481;502;501;501;488;488;491;490;495;490;493;493;482;472;470;479;478;479;481;478;478;478;475;482;480;476;472;476;484;485;482;478;480;472;475;476
399;433;432;356;371;415;404;389;480;484;490;443;465;494;485;480;495;493;489;461;467;497;492;496;496;496;495;479;493;502;497;498;491;495;495;489;492;495;495;490;480;479;477;480;477;479;473;477;481;479;472;478;477;475;474;477;496;478;476;475;472;478;477;490
396;439;439;356;382;394;402;396;480;482;483;460;467;486;485;482;493;492;493;456;477;492;497;493;492;493;503;482;493;502;498;498;487;492;496;492;491;494;493;490;481;477;476;481;479;479;472;472;484;476;469;478;482;475;474;474;479;480;482;479;480;481;479;484
401;440;436;355;361;407;398;394;477;488;483;447;472;486;488;486;488;495;491;440;469;495;492;493;498;496;497;490;488;502;498;498;486;495;494;486;494;494;491;489;478;481;475;481;477;476;476;474;479;478;472;473;474;477;472;475;485;483;479;477;476;475;483;485
399;436;442;356;360;403;403;400;485;485;485;454;461;490;485;484;495;492;492;454;470;495;497;493;497;495;499;491;491;502;497;500;487;494;493;495;494;493;493;488;480;481;478;480;480;476;479;478;483;480;473;477;484;476;476;477;492;479;482;478;473;477;482;484
400;435;433;365;361;417;391;389;480;486;486;449;465;485;486;479;493;494;493;453;476;500;495;495;493;499;498;489;488;496;496;497;488;492;495;491;494;498;498;492;480;476;482;482;480;478;477;476;487;480;480;477;478;477;472;477;486;485;474;481;473;477;483;477
401;446;424;347;380;402;385;395;478;484;480;456;459;484;483;477;492;495;499;446;466;496;494;495;494;498;500;493;493;503;500;496;491;487;497;488;489;492;496;494;478;479;476;481;477;481;477;475;479;478;482;479;480;482;477;477;484;484;480;481;479;474;478;477
392;443;428;352;382;402;398;396;481;481;479;453;465;484;483;482;491;493;495;450;479;490;496;494;497;497;502;492;495;503;500;495;481;491;492;485;488;495;494;491;482;477;481;481;482;484;477;476;480;478;469;473;479;478;476;472;497;488;476;483;476;475;476;485
392;446;427;358;372;409;384;394;484;484;488;450;470;484;483;483;491;493;491;450;470;493;499;496;497;498;500;487;489;503;502;500;492;489;490;490;492;494;493;489;478;480;474;477;478;476;473;478;480;478;468;479;480;478;473;472;485;488;482;476;480;480;477;485
397;443;432;355;360;411;396;394;482;478;483;443;465;486;486;482;487;496;494;453;469;499;496;496;495;498;496;485;493;499;499;496;490;490;494;488;491;488;497;490;480;481;479;476;484;478;480;479;480;482;478;476;473;478;473;476;480;482;478;480;475;475;474;488
402;443;438;355;363;402;397;385;479;481;487;452;463;487;490;482;491;492;493;440;467;497;496;498;493;501;501;487;491;501;498;497;489;491;492;492;493;496;493;486;482;481;477;480;478;480;475;481;481;478;481;477;476;474;478;479;494;485;485;477;476;473;480;489
396;442;428;353;359;408;406;387;482;486;487;453;453;490;483;485;490;490;493;451;470;495;499;496;493;498;502;487;480;503;496;498;487;490;492;491;490;493;492;491;482;478;480;477;480;481;477;471;480;474;477;474;480;474;473;473;484;478;475;480;480;481;475;486
397;432;430;365;364;397;393;401;482;479;485;454;472;489;487;484;491;491;492;443;479;494;498;494;496;498;500;481;486;499;503;499;489;495;492;487;492;496;497;486;483;486;477;475;480;483;473;480;480;479;474;481;478;478;475;478;497;487;480;473;480;479;483;481
399;436;436;353;361;413;393;396;482;486;485;466;461;489;485;487;492;492;494;457;489;495;499;496;492;500;500;481;489;505;500;500;490;492;489;489;494;495;495;488;481;485;474;478;477;481;473;478;479;479;476;480;474;476;473;471;488;482;477;478;476;475;478;481
395;433;434;368;363;408;395;400;483;486;480;442;460;484;488;489;493;491;490;453;470;497;497;491;497;500;501;484;494;503;499;497;488;494;490;497;491;496;493;491;483;480;475;474;480;481;477;476;484;476;477;476;478;480;479;471;488;486;476;481;477;478;478;489
395;443;437;359;371;403;397;390;483;488;486;448;447;488;484;483;492;494;491;443;465;497;499;495;497;500;499;483;495;496;500;497;488;492;493;493;491;494;492;488;478;476;478;480;479;480;473;478;480;480;479;480;481;480;474;477;478;479;478;475;476;478;484;485
404;442;425;361;360;383;400;387;484;483;483;453;465;492;484;482;493;496;493;453;477;494;495;498;494;499;503;482;482;506;503;500;489;487;492;492;489;494;496;486;480;480;479;479;479;480;477;483;476;477;476;473;473;480;474;471;480;481;479;475;476;476;479;488
393;437;435;358;362;403;400;402;475;486;486;459;466;485;485;476;493;492;491;452;468;497;497;492;498;498;499;484;484;505;498;500;484;493;485;487;494;496;496;490;484;477;477;483;475;478;475;476;483;477;470;476;477;477;474;476;482;483;474;474;474;477;480;490
400;435;434;376;359;406;401;390;481;487;486;433;470;489;492;483;490;493;492;451;472;496;497;496;497;498;501;491;490;500;493;497;492;487;493;486;493;497;497;491;480;474;475;473;473;481;471;477;480;473;476;475;477;475;475;476;494;483;483;477;479;478;480;490
390;445;440;363;385;404;401;382;482;482;483;462;458;486;483;484;493;495;490;451;465;501;495;492;493;497;496;493;484;501;496;499;484;494;495;491;490;490;494;487;483;481;476;481;479;478;474;477;481;483;475;475;480;479;477;476;488;481;479;483;478;479;478;488
400;441;433;351;360;394;404;382;481;484;489;454;450;491;488;485;492;493;498;452;468;497;497;497;492;494;503;480;489;500;500;501;485;497;493;496;490;497;497;486;478;484;476;478;481;477;478;475;482;477;476;481;478;479;473;478;483;485;484;478;479;473;481;485
404;438;434;356;362;404;412;397;483;483;489;444;464;494;480;481;490;493;487;451;474;497;495;493;495;496;499;485;492;504;498;503;492;492;497;491;492;492;496;487;474;476;471;482;478;479;480;475;477;478;477;479;477;480;475;470;478;480;478;476;475;472;475;479
394;437;432;355;355;392;388;398;482;482;486;454;459;491;485;487;494;494;492;456;461;496;496;494;495;493;494;482;491;500;497;495;486;490;494;492;493;496;495;492;487;478;479;477;477;481;477;478;480;481;474;473;477;473;478;477;489;481;480;479;477;475;480;482
399;448;433;351;352;403;402;393;481;483;485;437;465;488;485;485;491;493;496;454;470;496;498;494;497;500;497;491;497;500;502;497;487;492;490;495;494;495;493;491;482;482;475;479;479;480;478;479;483;484;478;477;471;476;472;475;481;482;474;475;477;473;478;485
402;458;428;351;380;397;406;389;486;484;484;449;463;486;484;482;492;492;493;456;460;496;498;494;492;497;498;486;489;501;498;501;490;496;493;494;492;492;499;490;480;480;478;476;477;481;477;480;483;478;476;477;479;480;477;471;488;484;478;481;477;481;476;488
404;435;431;364;366;395;391;399;484;485;482;453;462;487;481;483;490;493;489;440;468;500;501;497;493;499;499;484;481;504;500;497;490;493;493;492;495;494;495;487;476;477;474;474;477;477;477;476;481;485;478;476;475;476;474;472;489;488;479;474;475;479;479;488
402;437;425;353;363;405;390;389;484;480;487;457;456;493;490;485;492;490;494;456;461;502;497;493;492;495;496;490;493;503;501;499;488;490;488;493;487;493;500;491;483;479;481;476;476;473;473;479;483;477;474;479;481;476;478;475;487;479;478;479;474;477;475;482
402;445;433;344;357;404;405;391;481;483;491;464;463;490;487;484;491;492;496;455;471;493;492;495;497;495;498;489;483;500;496;494;488;491;497;492;493;493;495;487;481;477;478;475;474;477;476;476;481;480;482;474;478;477;475;475;482;484;477;477;476;474;483;485
400;442;429;356;365;403;385;384;484;486;483;449;461;487;486;483;493;496;487;453;470;495;498;490;492;497;497;483;492;498;499;503;493;490;494;488;496;490;494;484;478;476;476;477;480;479;473;477;477;474;480;476;476;474;478;474;488;485;479;474;482;475;479;482
399;442;433;356;370;409;393;388;485;483;490;450;476;489;485;478;493;493;498;457;471;501;495;491;490;497;497;484;489;504;500;495;486;490;489;489;494;493;492;487;482;480;481;480;479;479;478;479;482;478;476;481;477;475;478;478;482;485;474;481;476;472;478;490
401;438;425;351;359;392;398;395;483;486;489;444;459;484;485;480;492;495;494;443;472;503;497;491;496;500;498;488;492;498;502;499;491;492;491;493;490;493;496;491;481;475;472;482;483;480;476;477;485;478;486;470;479;478;479;480;482;485;476;474;476;480;475;484
385;450;423;359;359;399;389;396;482;480;483;444;459;488;489;484;490;491;490;451;469;496;497;496;492;497;503;485;490;504;503;500;495;493;490;489;492;494;500;494;481;480;479;480;474;480;477;480;478;478;476;475;477;479;480;480;498;485;477;480;475;477;478;478
402;443;436;372;363;409;404;393;481;484;480;454;467;493;486;492;491;493;488;450;478;499;497;492;490;500;499;497;492;496;495;497;487;496;490;495;493;495;496;491;480;480;477;481;478;482;477;474;479;482;475;478;479;480;473;478;483;478;478;480;482;476;481;485
408;443;431;352;363;396;394;391;485;485;486;442;467;490;488;478;493;494;493;458;467;498;498;496;494;499;499;484;487;503;499;497;489;489;491;492;495;498;494;491;481;480;479;479;475;484;476;474;481;477;478;473;480;477;479;479;493;481;480;481;477;475;481;489
402;434;425;362;375;398;400;387;476;483;483;460;461;487;489;478;493;491;491;455;473;499;498;496;492;500;502;480;484;496;501;498;491;489;493;489;492;495;497;490;483;477;477;479;479;478;484;475;478;480;478;477;475;477;473;474;489;480;480;475;476;471;477;485
399;436;437;371;360;405;387;392;475;483;484;437;462;486;492;488;494;493;487;459;470;497;496;493;492;499;496;491;490;502;502;496;490;489;492;491;493;496;493;491;483;478;474;477;476;482;476;475;485;480;478;473;474;479;477;479;489;483;473;475;473;479;482;469
382;436;424;352;364;403;401;387;480;489;485;451;464;487;485;483;493;490;493;456;476;499;499;495;495;497;498;487;484;501;500;495;487;493;490;495;496;495;493;493;481;483;475;475;473;478;479;477;481;481;474;477;479;474;479;479;490;480;481;475;480;476;479;480
397;443;436;357;354;389;397;394;480;485;488;453;473;490;487;483;491;493;489;460;471;499;496;496;496;501;497;486;483;504;501;498;487;492;494;489;495;494;497;490;479;480;473;479;482;481;479;481;484;480;477;478;477;477;478;471;491;480;476;475;474;477;474;486
398;434;426;354;368;408;382;393;484;480;487;455;467;491;486;479;491;493;494;451;479;498;493;497;494;494;501;486;489;503;500;497;490;490;495;487;493;492;499;486;480;476;477;478;481;479;476;479;478;476;474;473;474;473;477;480;484;485;478;476;476;475;478;486
401;441;428;366;371;401;388;393;479;485;485;447;468;490;480;485;491;492;494;441;472;496;497;493;495;497;503;480;494;501;493;502;488;494;492;488;495;494;493;493;476;477;478;476;477;476;475;475;484;480;476;477;476;477;476;476;486;485;478;480;481;478;477;488
396;438;434;350;362;395;387;394;478;482;479;476;460;485;486;483;489;495;492;454;474;496;495;497;494;498;498;493;485;503;495;500;490;493;490;490;492;497;501;492;476;477;475;477;476;476;475;473;484;475;474;478;483;478;474;478;485;486;475;478;476;473;476;486
397;441;428;348;363;385;385;370;479;486;485;469;466;487;490;483;494;493;491;460;468;500;501;491;495;504;498;477;483;501;500;495;489;491;489;489;492;488;497;490;480;483;476;480;483;476;480;477;482;479;474;476;473;477;473;478;485;487;479;473;479;479;482;478
396;444;436;350;359;390;400;387;487;487;479;427;470;487;489;484;491;496;493;448;462;489;495;498;496;501;499;493;485;499;497;499;493;492;488;493;492;496;498;489;476;477;480;480;478;478;480;476;485;480;475;477;476;477;476;479;484;483;481;483;475;477;478;486
399;438;431;362;365;402;394;385;481;483;480;454;470;488;486;483;493;492;498;454;468;500;499;494;495;497;501;494;485;509;497;497;490;485;495;487;495;494;495;494;480;483;478;481;482;481;475;475;480;478;481;475;475;478;472;477;479;480;478;476;474;475;478;487
400;449;431;345;372;414;398;400;478;487;485;452;459;489;488;482;490;495;497;448;482;496;502;496;496;499;495;487;489;503;504;494;492;497;493;491;496;495;498;492;484;483;472;480;481;476;478;477;478;477;481;482;477;476;477;475;488;482;481;475;473;481;477;483
396;440;424;356;366;395;394;393;480;481;482;445;461;490;485;483;497;496;494;460;476;496;496;495;492;493;502;484;485;501;498;499;493;493;490;491;493;494;493;489;480;480;473;472;479;477;473;474;481;478;478;473;480;478;469;476;482;489;478;474;475;479;473;484
406;450;428;356;361;395;396;400;482;482;487;448;466;487;482;481;491;489;491;441;464;498;496;495;496;495;501;486;479;501;502;498;485;492;492;491;493;498;493;488;479;486;480;481;478;480;478;475;482;474;474;474;483;475;478;478;490;484;483;475;479;479;473;486
394;447;434;350;365;397;400;390;488;478;484;461;446;485;483;482;492;494;491;450;475;496;496;499;496;498;503;484;487;501;499;498;493;492;489;491;495;495;498;491;479;479;479;482;477;480;476;475;476;477;478;480;473;472;479;475;484;481;480;476;473;474;479;490
394;434;425;353;365;401;394;388;485;483;482;447;467;490;488;481;493;491;492;449;467;493;499;495;495;501;503;492;489;500;503;499;490;486;491;494;497;497;493;496;484;476;480;478;478;479;474;479;485;483;476;478;481;476;476;474;483;482;478;476;475;481;477;484
404;442;426;354;362;403;384;393;480;483;486;452;459;490;487;474;488;493;493;439;471;498;498;496;497;498;495;481;490;505;497;497;494;491;494;490;493;496;497;486;477;482;476;478;473;481;475;475;475;474;473;478;474;473;479;476;487;481;476;480;476;473;479;474
398;448;435;353;359;398;378;383;482;478;487;457;463;484;488;482;493;490;491;456;464;499;495;492;495;499;499;479;487;502;501;497;489;490;497;491;490;498;497;491;475;477;475;480;477;479;474;475;482;476;480;482;478;483;476;473;489;486;476;476;474;473;483;477
397;431;429;352;366;394;396;383;482;480;481;454;465;491;486;479;493;497;489;447;475;494;496;498;491;499;500;489;488;502;498;502;490;487;494;486;497;493;498;488;481;476;480;480;478;477;477;476;482;479;473;476;479;477;478;476;484;478;474;473;478;476;478;485
399;438;432;353;356;394;387;395;482;480;484;455;467;490;487;477;492;496;496;451;465;493;497;492;494;496;497;484;485;505;501;500;482;488;493;491;496;496;496;491;482;481;477;480;479;481;475;476;483;480;476;471;478;481;475;471;485;482;478;479;473;474;486;486
394;441;422;355;369;393;401;388;482;486;481;452;476;489;486;477;494;490;492;454;471;499;499;495;494;497;502;482;487;501;504;497;487;495;494;492;493;497;497;489;476;482;476;479;473;478;477;480;479;479;478;480;477;479;478;473;500;482;481;481;476;479;479;486
392;447;430;351;376;404;400;387;478;490;483;438;462;482;485;484;494;491;492;451;475;495;496;493;493;499;501;479;494;507;499;497;492;489;491;488;495;490;496;490;480;480;471;476;478;478;479;474;481;484;482;479;480;475;470;479;480;480;476;478;476;472;479;481
393;443;423;347;354;398;396;380;480;479;485;440;459;483;489;483;492;490;497;458;463;495;495;497;495;499;500;483;496;503;500;497;489;490;493;491;497;493;494;490;479;477;479;477;479;481;478;476;482;476;476;480;476;474;475;476;484;482;481;474;479;478;480;488
396;435;426;348;365;404;399;394;488;484;484;460;472;491;483;481;493;495;491;457;470;500;494;494;493;504;497;475;491;499;500;496;494;491;494;487;500;493;494;487;482;480;477;481;483;484;480;480;491;479;476;471;480;477;478;475;491;482;483;474;475;476;477;481
398;438;428;356;354;380;395;389;485;481;486;447;459;489;480;484;490;492;494;449;469;496;498;495;495;492;496;478;489;501;501;499;490;494;488;496;495;496;494;490;480;477;475;479;479;476;479;480;484;474;478;473;480;476;477;475;486;480;475;478;473;480;476;485
396;443;429;347;363;395;400;397;480;485;489;453;474;487;483;476;492;488;492;453;483;497;496;494;494;496;502;493;485;506;500;497;488;490;490;493;494;499;490;493;484;479;476;471;477;478;476;477;475;478;474;479;476;477;476;474;498;485;479;481;470;480;480;483
393;434;433;359;375;413;399;394;480;483;481;448;461;486;483;481;495;494;496;462;474;498;498;491;492;496;501;481;480;507;490;501;492;491;494;493;489;498;496;488;483;479;477;480;479;475;478;480;480;481;473;481;477;478;473;472;496;485;482;478;479;478;481;488
389;444;421;367;358;390;380;389;483;482;487;454;480;483;487;486;494;492;490;448;461;495;495;498;490;499;502;495;490;501;500;501;489;489;498;492;495;497;497;488;476;482;479;479;479;478;477;476;483;479;482;476;480;475;473;475;501;482;484;478;477;477;483;482
376;437;427;345;356;392;390;390;480;483;482;464;466;490;489;481;489;495;494;445;470;494;496;493;497;498;497;470;487;503;500;499;490;489;498;493;489;494;491;495;480;480;477;479;476;484;476;478;480;477;474;476;476;475;478;474;483;479;475;482;477;478;473;483
400;439;429;356;350;396;392;385;483;481;490;467;458;486;488;484;490;491;491;449;467;493;496;498;491;499;495;490;489;506;501;499;488;492;495;489;495;492;499;493;480;478;474;482;479;477;476;475;477;480;475;477;476;476;476;477;485;482;477;479;479;480;476;475
401;442;429;341;381;404;400;387;478;483;485;461;462;488;486;480;496;494;495;453;470;497;494;490;494;498;505;484;492;501;495;500;494;496;495;491;492;495;499;490;476;473;479;476;479;478;475;476;484;478;478;478;478;473;475;478;482;485;476;480;475;478;476;482
394;429;424;353;375;389;381;395;485;487;484;470;460;494;487;486;491;495;492;445;473;497;497;495;495;500;497;486;491;500;502;499;486;494;491;492;490;491;498;485;480;482;478;483;480;483;475;475;488;475;472;471;481;477;473;478;481;484;476;478;475;479;473;484
400;448;427;346;349;385;401;382;481;484;486;454;453;487;486;484;493;490;494;438;482;497;496;494;497;497;501;482;496;502;499;498;489;494;492;494;492;493;495;490;484;477;479;481;476;477;478;479;482;479;476;471;478;475;474;476;482;481;479;479;479;478;475;487
394;435;428;346;362;383;392;398;483;486;485;448;459;488;483;485;491;495;492;459;472;497;495;496;490;498;505;491;490;500;506;498;496;494;492;497;492;493;493;492;486;477;474;476;480;480;475;478;480;477;477;471;474;476;474;477;483;481;479;474;477;479;479;486
391;434;435;361;357;405;390;383;479;486;480;464;474;485;490;476;498;494;494;452;473;499;496;494;492;501;498;478;489;501;496;494;491;489;499;489;495;497;493;497;481;478;476;479;478;479;476;478;479;481;475;473;476;479;478;474;486;477;482;475;479;475;479;483
392;429;432;362;373;397;387;394;480;488;484;453;454;487;490;482;494;491;495;444;471;496;500;498;494;499;502;494;488;497;499;501;493;489;500;495;489;495;499;490;479;480;476;479;481;479;485;479;482;477;478;474;476;474;475;475;484;483;484;475;473;477;480;480
388;437;439;344;365;417;392;396;478;481;481;452;483;482;490;484;491;487;490;449;476;500;499;494;491;496;504;489;487;502;500;496;491;492;494;494;492;497;496;493;476;480;475;479;479;479;479;478;481;480;477;475;478;479;480;471;486;480;481;476;480;474;481;482
399;449;432;343;366;392;400;389;482;480;486;445;463;482;486;480;489;493;493;458;478;500;497;493;490;502;500;491;497;502;497;498;491;496;496;497;494;491;492;492;476;482;475;475;478;477;475;477;482;477;476;472;480;475;476;476;486;482;478;474;478;473;477;483
395;449;427;337;367;383;398;385;484;483;479;448;452;490;484;482;493;490;497;455;472;495;496;500;497;501;498;491;493;503;499;494;490;494;496;493;490;495;493;490;480;479;477;477;475;478;481;476;481;479;480;472;477;475;471;472;482;484;477;476;475;473;477;490
397;443;433;355;362;394;401;390;481;482;479;449;460;484;482;478;491;493;496;441;479;495;498;498;500;498;501;481;484;507;503;498;492;492;492;488;497;496;495;490;481;475;480;474;478;480;478;471;478;472;475;480;478;479;471;475;499;482;476;475;476;475;479;479
397;442;424;350;372;405;399;392;482;482;482;437;460;484;486;483;491;492;492;453;475;496;497;494;496;501;499;487;492;499;504;495;490;494;491;495;493;494;496;490;485;479;475;479;481;481;477;476;481;478;470;477;477;481;476;476;484;479;482;475;475;475;477;485
394;445;431;350;364;391;381;387;482;483;481;444;473;490;487;480;491;494;492;449;475;496;496;493;495;500;498;486;498;498;497;495;490;491;496;491;493;489;497;489;477;478;478;478;479;481;478;477;478;476;476;473;474;472;477;476;483;485;476;477;479;478;475;481
398;441;442;349;374;394;393;392;482;483;480;442;467;489;487;484;490;494;489;450;476;496;494;493;491;499;498;486;492;497;503;496;490;487;492;493;493;492;497;487;480;476;476;481;477;480;475;479;483;479;474;475;478;476;478;477;488;480;476;478;473;472;476;484
399;439;424;354;358;396;403;394;480;485;477;468;466;488;483;489;497;494;496;445;472;498;499;496;494;496;498;484;488;500;499;501;491;489;495;486;493;492;496;491;481;476;473;478;479;480;477;477;485;477;473;476;478;477;479;477;494;476;475;475;476;477;477;471
401;440;430;346;364;393;385;375;488;483;485;446;486;487;484;482;493;493;491;444;467;494;496;494;496;501;492;482;492;498;499;499;491;489;495;489;487;497;496;489;483;474;474;480;477;481;477;479;484;477;476;476;478;473;476;477;483;481;478;481;478;477;479;490
395;453;424;347;386;398;398;394;475;481;480;442;470;492;481;485;498;495;490;452;471;498;496;495;493;498;501;492;485;509;506;499;489;494;493;491;494;494;495;490;483;481;479;477;476;478;481;473;479;480;472;475;473;479;475;478;491;479;483;480;478;478;474;485
398;443;429;352;374;398;380;389;483;487;485;446;469;490;486;482;490;489;495;449;469;493;498;492;495;500;500;489;496;504;503;498;490;494;498;493;492;496;498;490;477;475;481;479;477;482;475;475;477;476;478;474;478;475;475;477;486;477;474;481;476;475;481;480
399;438;431;354;355;393;402;391;483;490;482;459;462;488;488;481;490;495;493;445;461;497;493;494;497;498;498;485;491;506;500;498;495;487;493;494;489;494;496;494;481;483;482;478;480;475;478;473;483;473;478;476;478;475;479;475;483;482;482;475;473;476;475;477
378;442;430;346;352;407;403;388;480;480;484;461;464;495;485;481;494;490;496;448;474;495;497;493;494;497;499;481;494;503;500;497;492;486;494;488;491;495;495;489;478;482;473;482;478;476;477;475;482;484;475;475;476;478;477;473;488;478;477;476;475;475;475;484
403;445;438;351;373;392;392;382;481;480;484;450;463;489;483;484;488;491;492;455;468;500;493;493;494;493;498;482;491;499;496;501;488;495;492;492;492;496;499;488;481;481;476;478;480;481;478;483;479;477;479;476;479;475;471;475;479;479;478;481;482;474;475;480
391;440;425;343;363;406;399;392;479;487;485;438;464;489;483;489;490;496;494;454;473;499;496;492;494;501;501;494;489;502;499;498;489;490;497;492;492;498;496;493;481;476;481;477;482;478;475;479;481;477;474;480;472;474;476;476;479;483;477;477;473;474;478;473
392;431;424;366;375;392;398;406;481;484;481;450;469;485;486;476;493;495;494;463;466;493;497;497;494;496;498;484;489;496;503;499;489;496;490;494;491;490;494;489;477;482;475;477;477;479;479;475;478;474;475;477;474;479;477;475;491;486;473;475;473;477;478;482
394;442;424;352;360;407;397;386;479;484;485;452;459;491;484;481;493;495;497;452;469;499;497;493;494;500;495;491;489;504;503;499;493;491;493;491;492;492;496;490;480;475;482;482;479;476;480;476;480;476;478;480;475;478;475;472;484;478;471;473;473;476;479;479
401;441;421;348;364;392;390;390;481;483;482;446;459;487;486;485;491;496;495;450;477;497;496;496;493;501;504;483;489;504;500;496;496;494;496;490;490;491;495;491;479;478;475;477;482;476;477;478;478;483;478;475;476;475;476;473;480;479;474;476;473;478;481;490
391;436;427;370;356;400;392;388;475;490;487;447;460;486;486;481;495;492;495;450;469;493;495;492;487;500;494;489;493;504;496;500;486;492;496;487;496;498;501;494;479;480;479;477;482;481;475;479;475;477;479;475;480;473;477;470;487;479;476;479;474;475;475;488
388;441;421;347;369;393;386;394;483;489;480;438;456;490;491;480;489;494;496;460;471;496;494;495;497;500;495;475;499;497;501;499;494;490;492;488;489;490;493;491;475;479;475;475;478;482;476;481;483;476;479;479;474;479;475;479;495;482;478;473;479;478;475;479
394;438;430;353;355;394;393;390;484;485;486;452;460;489;487;483;487;492;495;449;466;494;500;496;500;500;504;491;491;502;496;494;490;493;497;491;493;495;496;491;476;478;475;479;478;478;477;478;481;475;475;476;483;473;476;476;483;482;479;472;477;473;477;487
391;437;415;349;362;392;395;390;481;483;483;446;463;489;489;483;496;495;491;447;476;492;497;498;491;494;499;489;485;504;500;499;490;494;494;489;494;494;498;493;481;483;478;473;479;479;471;475;479;475;477;478;476;479;476;480;487;481;475;477;479;478;482;481
405;442;431;350;371;398;399;382;481;483;486;454;461;488;485;487;489;496;493;451;467;497;498;493;496;498;499;487;487;500;491;497;494;488;494;494;494;494;497;490;473;474;480;478;472;482;479;482;483;478;475;478;478;475;473;474;487;480;477;475;472;476;475;475
383;443;422;347;366;387;397;394;480;485;488;442;464;489;487;482;490;492;499;446;463;498;495;495;494;500;499;485;497;493;499;501;490;493;493;492;495;498;492;492;478;481;476;480;479;481;484;483;483;475;475;477;474;475;474;470;498;482;478;474;474;477;475;480
394;437;431;346;347;405;401;389;481;484;485;445;446;490;482;485;496;490;490;449;483;497;496;491;493;496;502;491;481;501;496;500;492;489;490;498;489;494;495;487;480;480;479;476;483;476;480;477;483;480;480;482;476;477;476;475;482;481;481;478;477;474;477;482
399;440;431;359;351;395;383;384;483;483;486;447;461;493;485;486;496;490;492;454;464;497;496;496;492;497;495;482;490;499;498;496;488;496;495;492;496;496;499;490;480;476;478;477;479;477;479;477;480;478;479;478;480;478;473;471;484;479;481;476;479;473;477;481
395;435;441;351;349;395;377;390;477;489;488;451;468;491;482;482;491;496;494;449;477;495;496;498;492;499;496;480;489;504;499;503;489;491;496;494;493;499;493;491;480;480;476;476;475;478;477;478;482;475;478;477;476;478;476;475;479;476;475;477;477;474;475;482
395;438;432;350;369;404;407;372;483;483;476;442;465;480;482;486;496;496;494;451;481;493;498;497;492;496;499;480;498;498;499;495;490;490;492;492;495;499;495;489;478;479;476;480;476;478;480;476;478;476;477;478;473;476;472;472;487;480;476;481;477;473;481;481
400;439;420;361;361;397;385;379;479;480;479;449;473;486;484;486;494;496;495;452;472;497;496;496;494;495;503;485;481;497;493;497;490;494;490;491;494;493;497;490;481;479;474;477;474;475;478;476;478;478;477;476;478;471;479;476;479;483;478;481;474;477;481;488
389;431;434;342;351;403;394;386;485;484;483;442;483;485;480;482;494;496;494;449;472;500;498;495;495;501;501;490;488;500;501;497;492;489;497;489;493;495;498;490;483;477;477;477;480;480;481;477;478;477;477;477;480;477;472;478;482;481;480;477;475;478;478;486
393;440;427;342;356;389;390;390;480;487;484;462;460;483;483;490;493;498;490;456;468;498;493;497;494;499;494;476;481;499;500;500;489;493;492;493;489;498;497;489;480;480;476;476;479;481;480;477;482;479;479;480;477;476;477;473;487;483;483;476;473;479;475;487
388;451;422;352;380;386;389;393;489;484;485;467;480;490;487;480;491;493;496;450;468;500;494;499;495;502;502;491;489;504;501;500;490;490;494;493;497;496;493;491;482;476;477;480;480;480;476;477;482;478;475;479;477;476;481;475;494;485;478;475;477;478;476;481
399;443;421;363;361;393;401;382;487;479;482;438;464;489;485;480;491;489;497;452;473;492;498;493;491;497;501;491;484;503;497;499;493;492;492;493;494;499;495;493;481;478;480;479;482;480;479;478;485;476;475;474;474;470;474;473;480;475;477;476;479;476;476;483
395;439;434;346;364;397;398;386;482;482;480;462;461;490;486;478;490;494;493;443;466;495;498;495;494;497;500;482;488;500;498;499;492;491;494;490;495;497;491;486;482;477;482;478;476;478;477;481;482;478;479;477;476;473;476;476;494;478;479;483;478;475;473;475
391;439;422;345;359;389;384;389;479;480;484;443;468;486;485;487;492;495;494;457;479;493;492;493;497;494;500;490;480;505;499;496;487;490;489;490;491;496;497;489;482;477;473;479;475;478;480;476;483;476;478;469;475;475;472;473;480;481;474;480;478;479;478;481
389;433;421;346;363;385;380;400;477;477;481;446;483;483;482;485;492;491;494;460;483;500;498;494;487;497;496;488;487;498;503;497;491;489;492;493;489;495;496;490;481;475;476;478;480;480;479;482;484;479;480;472;477;478;475;475;493;485;478;480;474;475;478;483
398;434;426;341;357;392;387;390;481;478;475;442;458;490;489;478;490;495;488;449;477;502;498;494;496;502;500;493;488;499;496;499;491;487;493;492;489;498;495;489;479;479;478;476;473;480;476;478;486;477;476;474;478;480;476;474;493;476;474;474;476;477;476;488
394;441;421;355;357;404;382;388;479;488;486;442;465;488;488;480;492;491;492;450;473;492;498;493;495;499;501;491;489;497;502;499;486;496;495;490;500;494;496;487;483;479;479;485;478;482;482;480;488;478;480;473;476;475;477;473;486;479;480;475;475;478;473;480
391;446;434;352;363;399;381;390;476;480;481;447;478;485;489;487;491;490;497;453;470;494;493;492;499;497;493;485;488;502;499;502;488;495;490;492;490;493;491;494;481;475;478;478;480;480;479;476;478;478;476;476;481;478;474;478;487;481;477;477;475;478;475;487
395;443;432;339;373;385;383;383;488;482;482;450;480;484;483;482;493;492;491;448;471;495;493;498;499;499;501;488;496;503;500;500;492;490;488;492;493;494;495;493;480;476;478;483;481;482;478;480;483;472;473;477;478;475;479;476;486;479;481;479;473;479;480;488
392;441;416;359;352;406;386;394;480;486;482;458;469;488;487;482;493;492;493;449;471;497;500;495;492;495;500;480;494;502;498;499;492;492;492;494;495;495;496;492;482;478;476;480;477;477;480;474;479;482;475;480;482;475;477;475;482;481;473;476;475;474;478;476
400;440;432;338;355;411;382;392;477;485;481;448;447;482;487;480;491;496;489;446;472;496;494;492;495;499;500;482;492;505;498;498;490;497;495;485;489;497;498;491;478;477;479;479;481;479;473;477;480;474;474;478;475;471;474;474;491;483;482;476;472;475;479;484
387;438;421;359;361;392;378;389;478;486;480;445;457;490;491;482;495;492;497;455;470;497;496;492;491;501;497;476;485;502;500;498;490;490;489;489;497;495;496;493;483;483;478;478;476;479;479;475;477;480;473;473;481;476;467;475;487;480;473;475;474;477;477;478
394;441;423;354;349;390;398;381;475;485;487;451;454;490;487;482;489;496;494;428;477;495;500;494;494;499;498;477;483;506;501;498;493;493;496;493;493;497;500;490;479;481;481;479;475;483;480;474;478;473;476;474;478;474;474;475;482;482;477;475;477;476;476;478
398;438;422;347;353;391;397;383;483;485;483;457;453;484;489;480;491;491;493;444;473;496;498;494;492;497;496;481;487;505;503;498;489;492;496;491;493;497;501;491;477;476;477;479;481;480;477;475;475;480;478;475;475;474;475;475;484;484;478;479;471;478;477;484
395;436;421;351;357;388;380;394;483;483;484;444;475;489;487;479;494;491;496;450;472;493;496;492;490;498;496;479;493;505;500;501;491;493;489;492;492;494;501;492;477;478;479;475;481;479;481;478;480;479;478;477;477;479;477;472;483;477;480;482;472;476;478;484
390;443;420;347;357;407;396;395;478;484;482;449;451;486;483;474;490;491;488;447;458;498;496;491;494;494;494;481;486;497;501;493;490;494;497;492;491;498;496;497;478;477;478;475;477;480;477;476;478;479;477;473;476;477;475;474;484;481;479;477;473;472;476;477
389;438;431;345;366;391;389;384;482;483;490;455;460;492;483;480;487;494;492;458;482;495;493;495;495;505;499;488;487;504;500;495;495;488;494;494;495;497;493;487;477;485;474;478;481;482;479;474;480;478;475;473;476;477;477;475;488;480;473;475;478;476;476;488
397;436;423;346;370;407;397;392;480;484;486;458;467;489;490;481;493;492;492;450;480;498;493;496;492;498;500;482;489;505;495;497;487;492;491;493;491;495;496;493;483;476;476;477;479;481;478;476;480;480;476;478;476;477;474;471;477;484;470;479;475;477;472;476
391;436;416;350;362;402;391;391;482;486;486;450;465;488;483;483;490;493;493;451;466;499;494;494;491;500;497;486;488;505;500;498;488;495;491;490;490;495;496;490;477;477;473;480;475;476;475;480;479;475;474;476;477;479;478;474;488;480;479;474;474;476;474;478
393;443;425;344;353;394;381;390;485;484;483;438;465;490;485;484;488;490;495;454;465;493;493;492;496;491;498;475;485;504;499;497;487;494;490;495;486;492;495;491;477;485;475;480;477;478;476;477;484;483;476;478;477;480;476;472;487;484;482;478;477;477;477;486
388;443;428;345;348;392;387;397;479;487;480;442;468;479;483;477;491;491;493;450;479;499;497;493;496;500;501;479;490;503;502;498;490;490;491;493;494;492;500;490;479;478;473;479;477;475;474;479;478;483;478;476;474;475;478;475;486;479;477;474;474;477;474;481
395;437;425;342;345;404;391;391;480;482;489;448;455;489;485;478;495;492;491;445;471;495;494;491;493;498;497;489;495;505;502;500;496;492;491;488;491;493;496;491;479;479;475;476;477;481;477;478;478;486;473;473;478;478;474;467;482;482;479;473;476;476;473;480
388;437;429;362;358;389;373;398;477;490;480;439;471;492;480;484;494;493;489;466;486;497;497;495;494;495;493;480;489;501;501;501;488;495;491;491;498;498;500;492;481;478;474;481;479;482;478;478;485;480;479;479;476;478;476;475;487;482;477;480;474;478;475;480
383;443;425;347;356;398;390;384;482;483;479;455;461;488;486;486;491;488;490;454;479;498;496;490;495;494;498;494;479;501;500;502;493;494;493;489;495;494;494;493;479;481;474;480;478;484;480;476;482;476;474;473;478;474;480;472;483;485;475;471;469;476;478;480
404;440;427;356;355;389;390;386;477;484;484;441;471;485;485;476;494;491;493;452;478;501;497;492;494;500;503;479;485;498;502;497;492;498;495;491;492;493;494;493;475;478;478;476;474;483;477;481;478;476;472;477;480;479;476;471;491;481;481;476;474;475;475;481
397;439;432;342;356;407;377;384;479;484;485;461;466;487;486;482;491;494;499;443;484;497;498;492;494;498;499;482;487;501;500;498;491;488;493;489;495;495;496;487;481;481;483;483;479;479;477;471;480;477;482;477;479;475;478;472;484;480;475;477;476;476;478;475
393;440;419;349;353;392;384;394;478;489;480;449;461;489;491;480;487;490;500;451;474;498;497;496;492;497;501;482;487;502;497;498;487;496;489;491;490;492;494;490;482;480;475;479;479;479;477;479;480;481;474;477;480;477;476;476;495;482;475;475;474;473;482;479
385;437;419;359;358;390;372;390;480;483;484;459;456;485;488;478;489;490;493;441;475;495;497;493;497;497;500;488;490;498;500;501;491;493;493;491;495;495;495;490;478;484;476;479;477;481;478;480;480;481;477;479;473;475;475;476;486;481;478;477;476;476;477;476
398;436;426;343;358;402;393;383;489;482;485;446;474;486;485;477;489;492;495;444;472;495;496;493;494;496;497;490;484;499;496;502;491;493;491;495;492;494;493;496;479;476;475;480;479;481;476;472;475;476;473;475;477;473;476;475;483;479;478;476;475;478;478;485
391;442;419;344;354;396;400;392;477;485;478;455;460;486;484;480;490;496;488;454;479;496;496;493;495;493;498;487;502;501;497;499;492;496;495;492;491;497;495;492;481;476;470;479;480;486;480;479;480;473;478;474;475;475;473;477;480;480;475;471;474;474;482;486
392;446;419;358;354;399;373;383;484;485;480;453;457;486;484;478;489;490;494;445;485;499;498;498;496;495;498;478;488;503;501;495;490;495;497;493;490;495;496;488;481;482;480;475;472;476;482;476;477;477;480;476;477;475;478;473;477;483;482;481;477;480;472;485
392;439;421;345;359;392;385;389;480;483;484;450;466;486;487;483;490;489;494;446;476;494;494;493;495;496;495;491;486;502;500;500;490;490;491;493;496;499;494;492;475;477;475;480;478;480;481;479;477;472;479;480;478;472;479;475;481;481;482;476;478;478;477;483
394;436;424;340;376;389;391;386;475;484;480;445;457;487;486;481;494;495;492;453;469;495;495;495;496;495;506;479;489;499;499;498;492;491;492;493;494;497;496;490;475;479;475;484;478;477;477;477;479;482;473;475;478;475;477;475;476;478;478;472;475;473;476;479
389;436;425;352;354;395;390;390;479;481;480;436;468;482;479;482;491;492;489;455;477;496;500;495;487;496;500;483;491;503;495;499;488;491;497;495;493;493;494;491;481;474;477;482;471;481;482;476;479;472;477;473;478;475;476;473;482;480;474;476;475;474;480;478
391;436;434;355;353;409;389;381;479;482;481;458;473;484;480;482;493;495;495;478;471;493;496;498;495;496;496;478;486;503;502;498;497;496;493;497;491;494;494;489;472;478;474;480;474;478;477;477;488;474;474;477;479;477;472;475;481;481;475;477;470;479;480;481
384;444;423;355;373;381;394;390;482;481;486;448;466;486;486;482;494;491;497;440;480;496;498;495;494;499;496;486;491;496;496;504;490;496;498;494;491;494;495;492;481;482;479;478;480;477;479;475;482;476;475;474;481;476;474;474;477;477;471;477;473;476;475;477
392;442;430;348;367;401;401;385;476;483;484;433;467;486;490;478;487;495;488;442;471;495;497;501;497;500;498;480;493;508;501;496;489;492;495;493;493;490;495;492;476;476;475;483;478;480;480;478;484;477;477;472;478;477;479;474;480;479;475;481;478;472;478;481
396;450;416;351;355;401;394;389;483;481;484;443;463;484;485;477;487;491;491;455;474;498;499;496;491;498;499;485;485;501;500;499;491;486;494;497;493;492;494;489;479;484;479;484;482;480;477;475;481;477;478;478;480;479;474;477;489;480;478;473;478;477;479;485
392;440;422;348;361;387;379;390;481;479;484;440;455;487;489;483;491;491;493;450;481;493;496;495;493;496;496;495;494;498;499;496;487;497;498;492;494;491;495;487;474;475;477;480;476;478;478;478;480;477;475;475;475;477;478;477;481;476;481;475;475;478;475;485
387;437;425;355;352;392;394;386;478;484;484;452;467;483;486;478;492;492;495;450;456;499;494;499;493;497;499;494;496;504;499;501;487;489;490;492;491;494;494;491;480;477;476;479;481;482;475;478;480;478;472;480;478;475;473;473;482;479;476;475;478;472;473;483
389;445;427;342;352;386;380;402;476;483;482;454;455;492;486;483;493;495;493;452;466;497;497;496;490;499;504;481;483;499;495;500;491;492;499;495;490;493;497;487;479;478;479;478;479;483;478;476;480;475;473;477;476;481;473;471;486;478;478;475;477;477;473;483
393;434;437;357;365;403;383;394;477;486;483;452;463;483;487;482;492;489;494;449;478;498;499;493;494;497;496;478;485;502;497;496;494;492;491;492;493;501;499;488;480;476;479;481;478;481;473;480;481;475;476;471;475;475;473;477;487;473;479;473;473;478;478;478
398;441;422;350;356;395;377;373;480;488;483;457;472;483;485;486;492;489;493;454;463;495;494;491;496;495;498;484;498;509;498;498;491;494;494;490;494;493;495;493;481;476;477;478;481;477;476;476;477;474;478;476;478;477;480;475;488;484;478;475;477;475;478;477
399;444;426;341;357;401;382;386;483;483;482;450;459;498;481;483;490;491;489;455;467;493;497;493;495;500;498;489;487;497;502;497;489;493;495;491;492;495;497;490;482;480;480;475;479;478;474;478;483;474;474;475;476;475;473;480;494;478;478;475;476;473;480;484
394;446;422;346;362;392;387;370;478;477;478;447;479;493;485;487;489;491;493;443;463;494;499;494;497;494;498;488;491;504;495;498;492;484;490;493;494;493;496;491;482;479;477;475;479;480;475;480;482;473;479;482;479;478;477;472;485;475;472;478;474;477;472;478
395;440;428;338;358;390;380;384;477;487;485;449;480;485;484;475;490;491;495;456;475;500;496;496;495;500;499;486;484;501;499;500;491;490;491;491;492;497;497;491;481;479;481;481;478;483;477;481;480;475;470;473;473;476;473;477;478;479;479;474;478;475;476;483
400;436;426;346;379;392;382;393;482;488;480;429;464;490;483;476;492;495;490;460;469;500;499;498;498;497;496;488;493;499;500;499;489;492;496;488;496;494;500;489;481;477;478;477;482;476;476;480;480;474;473;475;482;475;474;480;495;476;478;473;475;477;475;485
396;438;422;356;359;391;380;385;477;483;482;451;474;488;488;477;490;488;489;446;464;495;497;497;491;493;496;488;488;500;500;502;489;487;495;497;498;496;494;490;478;475;479;478;480;480;474;476;478;476;469;476;478;477;473;474;477;479;475;473;476;476;478;479
388;440;426;338;359;390;370;386;478;482;484;441;455;490;486;486;489;492;493;455;486;497;497;497;496;502;501;475;496;503;502;499;490;495;494;492;494;496;499;490;478;478;481;484;477;482;477;481;480;480;478;477;475;474;476;477;481;478;477;477;473;476;476;484
377;441;432;342;366;392;379;387;478;484;485;447;461;481;486;483;490;491;492;452;466;498;498;495;494;494;494;480;483;505;496;498;487;497;489;491;488;492;498;489;477;476;474;479;479;477;479;477;478;476;477;474;478;478;471;476;494;477;476;480;477;473;473;481
388;451;431;358;360;387;387;387;484;483;490;439;467;490;483;480;490;496;496;444;472;496;497;497;495;500;501;485;495;505;506;497;489;491;495;490;492;496;498;492;478;478;479;478;481;483;477;478;478;476;475;476;475;478;476;478;494;478;477;481;477;475;475;482
392;441;428;340;362;393;385;388;479;481;485;441;469;492;487;478;495;492;488;443;476;498;497;495;493;498;499;487;489;498;500;498;492;493;493;490;492;496;497;492;478;476;475;477;476;476;481;478;480;472;479;478;475;475;476;477;492;480;476;477;474;476;475;486
390;442;425;349;356;387;387;383;478;478;479;450;454;489;485;482;494;492;491;452;481;495;494;496;494;493;501;477;488;501;500;500;488;491;490;494;495;497;498;491;477;478;476;478;482;477;476;477;478;476;476;475;474;477;470;470;490;480;476;474;474;478;477;474
389;443;419;342;357;393;382;384;477;483;482;443;461;482;482;479;490;494;499;442;470;497;495;499;490;495;503;479;495;503;500;499;490;494;491;494;495;495;497;488;476;472;478;479;476;481;480;480;475;474;476;477;476;480;473;474;484;481;475;476;475;475;480;486
390;441;424;332;351;391;388;385;479;486;485;459;473;480;482;483;492;496;496;457;481;495;498;497;492;499;495;486;496;494;498;500;490;492;493;491;495;496;496;494;477;477;478;473;474;479;476;474;482;475;477;480;482;475;474;475;482;480;476;471;476;475;474;480
393;433;425;342;351;388;390;390;481;480;476;440;468;487;488;483;490;492;491;455;472;497;492;491;496;501;499;485;483;502;501;501;493;487;490;488;498;500;496;490;477;474;480;477;478;480;482;474;479;479;476;480;477;476;474;473;485;480;474;476;477;477;478;478
388;445;420;347;357;391;390;387;482;481;484;450;462;484;487;482;496;491;494;451;476;497;500;494;497;497;500;493;490;499;494;503;490;489;489;492;499;501;498;490;477;479;476;477;480;475;474;477;480;470;478;472;479;475;471;481;489;483;475;474;474;479;476;489
383;439;422;356;362;394;385;372;480;480;486;446;477;483;481;477;491;489;493;451;476;494;497;493;494;496;498;491;495;503;502;495;491;490;493;492;495;499;497;490;472;476;480;481;479;477;478;477;484;478;483;475;474;474;473;482;495;483;477;476;471;475;473;476
391;438;423;352;355;392;385;385;480;483;476;440;461;491;485;479;489;495;494;452;468;498;500;492;493;495;498;483;488;501;494;500;490;484;495;497;489;498;498;491;482;480;477;477;479;475;476;472;479;475;476;476;474;476;479;477;481;478;473;472;478;474;477;486
395;445;427;353;359;386;390;393;478;484;478;453;458;490;485;481;493;493;491;439;478;491;496;497;490;500;498;476;489;499;503;497;491;496;495;489;492;494;497;497;482;474;478;476;473;482;479;479;475;473;478;476;481;476;473;475;490;480;473;470;479;475;473;477
402;438;424;354;360;389;388;376;483;482;481;450;460;489;486;481;490;490;494;444;475;497;495;498;493;500;497;484;491;500;500;497;491;495;494;491;492;494;497;492;481;477;473;481;476;477;474;477;478;477;476;476;477;475;475;477;493;479;473;474;472;478;477;474
392;440;426;344;362;388;383;377;481;483;485;455;458;490;483;475;490;490;492;462;472;494;495;496;495;500;498;478;490;503;498;502;487;491;493;493;490;496;501;489;478;478;476;478;480;476;474;475;481;477;476;470;478;475;475;478;482;480;472;482;476;476;475;482
387;442;429;352;357;407;382;376;480;488;485;454;459;486;488;482;490;494;487;445;475;500;498;501;497;495;500;479;491;503;502;499;488;500;493;493;491;495;492;487;478;483;471;482;477;476;476;478;485;477;475;478;475;477;471;475;483;480;481;472;479;470;474;482
387;440;425;349;355;390;377;399;483;486;480;439;468;485;481;481;490;494;494;453;474;497;496;497;494;498;498;491;488;500;505;500;490;495;492;492;489;495;501;490;480;475;474;477;480;479;477;481;479;476;476;477;477;479;474;473;482;482;473;478;472;469;473;483
385;446;423;350;359;404;383;386;481;487;482;448;475;489;488;482;498;493;495;451;493;494;495;490;492;500;498;480;493;503;496;497;488;493;492;489;492;497;498;498;482;474;479;477;483;480;470;475;478;477;476;476;478;477;473;474;494;478;477;480;477;477;476;481
385;434;422;360;348;393;383;385;473;486;480;448;459;487;486;479;493;490;493;449;468;498;493;494;494;496;500;482;498;503;501;499;490;494;501;493;490;497;494;488;478;478;478;477;477;475;478;479;479;473;475;478;477;471;476;474;492;476;478;477;473;476;477;479
376;446;424;355;359;386;383;383;481;482;485;462;459;491;489;486;489;489;492;447;472;498;496;494;492;495;502;478;490;500;500;502;490;496;498;488;493;498;498;492;479;481;475;481;480;476;479;475;478;477;476;480;475;478;477;480;486;485;474;475;476;473;476;480
395;450;429;353;346;388;387;382;485;481;486;436;463;485;485;477;494;496;496;449;475;495;498;493;492;499;500;474;493;503;500;501;491;493;493;491;492;495;497;494;482;483;473;479;481;482;475;478;480;474;481;478;481;475;476;477;491;479;473;479;481;475;480;473
395;441;422;338;359;405;379;390;483;481;485;448;466;487;488;480;492;491;489;448;476;493;501;495;496;498;498;479;491;503;504;497;490;493;489;496;497;494;494;490;477;473;477;478;483;478;479;476;476;478;475;473;476;476;475;477;488;478;474;476;473;472;473;482
391;440;422;349;358;384;380;375;475;481;481;464;471;486;486;484;489;492;500;449;480;495;498;495;493;495;500;489;492;504;498;501;487;491;495;493;495;499;497;492;478;477;479;477;477;481;475;478;477;479;475;473;479;476;474;473;486;475;474;471;474;477;475;483
395;437;423;338;376;394;386;383;481;488;480;447;471;488;480;485;494;492;494;445;479;493;497;495;494;495;503;476;494;499;498;498;490;489;495;494;493;498;498;492;479;476;476;480;478;477;477;478;480;475;479;478;476;477;475;476;488;477;474;480;471;474;477;483
397;440;428;351;358;389;399;378;477;480;480;449;470;487;486;483;491;490;490;444;473;496;499;497;490;498;492;483;493;507;500;495;491;490;494;489;490;497;496;495;483;476;474;477;481;476;477;478;477;480;473;475;481;476;476;479;491;475;474;473;476;475;476;484
385;452;422;344;362;395;376;382;483;483;487;446;469;488;485;481;489;494;493;449;474;494;498;490;494;496;497;481;498;503;498;499;488;489;496;491;490;498;498;488;475;475;481;479;479;479;478;478;482;472;476;477;478;475;473;474;494;485;473;479;478;475;477;479
386;446;416;353;348;395;396;378;480;483;486;449;469;491;480;484;491;492;495;449;475;500;498;500;495;497;496;479;492;502;500;499;491;489;495;496;496;492;495;495;477;474;474;474;479;480;478;481;484;476;476;479;473;476;475;477;487;479;476;477;476;477;475;477
393;439;422;347;359;386;381;385;480;483;483;451;472;482;483;482;491;489;496;443;477;497;497;496;493;495;500;480;497;503;504;497;486;493;494;490;492;493;497;489;481;480;477;480;481;478;477;478;480;476;479;477;478;468;471;478;492;473;480;477;471;471;479;486
392;444;423;345;359;384;379;382;478;483;479;445;469;489;483;481;488;488;494;459;476;494;497;498;495;500;500;481;491;501;498;499;491;494;495;491;494;500;497;489;477;475;481;478;476;481;479;478;477;477;473;475;482;480;476;477;490;477;474;476;470;475;475;485
395;438;433;346;362;396;390;386;480;478;482;459;455;486;487;484;489;490;500;462;466;498;492;494;495;498;496;490;490;505;499;497;491;491;493;493;495;497;497;491;481;478;474;480;482;482;479;479;479;480;472;476;477;476;479;480;486;478;473;474;476;473;476;477
389;439;422;343;363;390;390;392;479;484;484;446;465;485;480;482;492;493;491;447;479;497;494;498;492;500;500;485;491;502;505;498;486;496;495;494;499;499;495;492;477;478;478;479;479;479;475;478;479;473;475;473;479;474;475;475;477;480;477;477;472;474;475;473
391;432;420;341;365;379;383;374;478;486;486;467;471;486;485;476;493;489;494;450;468;500;495;493;488;498;501;483;492;503;498;499;490;489;493;493;497;495;499;495;475;485;478;474;479;482;479;479;480;474;479;480;473;466;474;472;487;479;475;477;478;475;479;478
385;436;418;343;359;385;381;389;478;481;483;447;467;485;484;485;494;489;497;448;462;498;497;501;494;499;498;484;495;495;502;501;490;493;493;488;491;496;495;491;478;475;479;479;483;482;480;475;477;478;475;479;474;480;476;473;487;479;478;475;475;475;473;479
388;444;434;335;349;384;403;390;484;485;481;441;458;486;483;478;493;492;494;452;468;494;493;494;496;497;494;486;498;500;501;494;491;495;497;497;492;499;501;495;481;478;472;476;479;480;475;478;475;481;475;479;477;477;477;476;491;479;475;477;474;476;475;479
389;436;429;351;351;389;384;392;476;481;481;447;457;490;484;482;496;491;496;460;467;493;495;494;495;498;502;473;493;499;503;496;490;487;490;491;491;494;495;489;479;476;480;481;478;476;479;477;479;474;475;476;475;472;476;471;485;478;475;480;473;471;480;480
391;438;419;351;359;392;393;377;481;480;479;452;454;484;484;480;493;498;499;465;468;497;496;496;495;495;497;477;487;506;496;499;490;493;490;493;493;496;505;490;482;479;476;474;481;479;476;475;480;482;474;475;482;474;477;471;490;480;475;477;478;474;478;479
375;436;420;343;356;393;399;398;482;482;489;450;471;491;489;480;493;495;493;451;469;497;496;493;491;502;502;490;493;502;502;494;487;491;492;489;495;497;498;488;479;475;477;480;478;483;476;476;481;479;479;472;482;474;474;475;483;479;477;476;477;475;471;480
402;434;423;348;346;383;387;387;478;484;488;443;453;489;483;483;490;493;492;450;469;494;498;496;493;500;503;480;487;506;504;496;493;492;494;495;494;503;495;486;476;476;475;479;476;479;474;483;479;474;473;478;476;479;475;478;477;479;474;472;475;478;476;473
375;444;422;367;345;383;378;374;476;482;481;440;472;491;484;476;491;497;490;452;471;498;497;499;491;499;499;486;485;505;497;499;486;491;490;491;494;490;493;487;480;478;480;479;477;479;479;478;476;475;478;474;477;472;476;475;485;477;478;474;477;472;476;481
391;436;417;347;359;390;381;387;480;482;482;462;480;486;486;479;492;491;496;448;481;498;495;495;494;496;505;483;496;507;497;497;489;495;496;493;491;496;494;489;475;480;473;477;475;478;475;478;479;472;475;476;479;475;475;474;489;475;472;479;472;476;474;480
385;442;431;344;361;386;387;387;480;487;481;448;454;493;486;484;491;486;498;444;475;499;497;491;490;497;503;479;490;499;500;498;490;492;493;491;495;499;496;489;476;474;471;477;476;479;473;473;478;476;475;480;478;473;479;474;480;483;477;475;472;472;473;479
381;441;426;339;356;389;387;374;480;481;477;453;475;484;486;476;489;495;494;455;471;494;497;491;495;496;501;480;483;505;501;501;489;492;490;492;493;496;497;487;478;478;479;477;482;479;477;476;478;474;470;475;473;472;472;477;483;477;478;473;477;476;474;477
396;444;421;345;367;402;393;387;483;485;484;437;464;489;483;483;493;493;491;435;471;500;494;494;497;497;498;483;493;505;500;497;492;497;494;496;492;495;489;494;479;476;479;475;475;480;477;478;482;471;476;476;476;477;474;474;483;478;473;467;473;476;477;478
403;439;421;344;354;384;385;372;483;481;482;460;472;485;481;481;490;494;493;468;475;497;495;496;492;500;502;481;488;499;504;494;493;492;493;490;494;499;497;492;485;479;477;477;476;480;478;477;474;481;479;475;473;476;471;476;485;475;473;469;474;472;477;476
398;445;420;339;357;388;377;379;480;485;486;437;458;489;481;476;494;493;493;451;472;495;492;498;490;498;498;479;486;500;498;495;492;493;491;490;494;499;500;489;482;471;477;475;478;475;476;478;478;474;475;474;474;475;476;473;477;474;475;475;477;473;469;480
393;449;420;342;356;376;377;386;484;488;485;451;456;488;487;479;487;496;493;442;478;495;496;498;494;493;501;482;485;504;499;497;490;491;493;491;497;497;491;492;483;479;481;480;479;475;475;475;477;482;476;473;476;480;476;478;484;482;478;476;476;473;478;479
390;448;420;353;354;391;386;384;475;486;480;459;456;491;480;484;493;488;489;444;481;497;495;497;493;497;494;481;493;505;497;494;487;493;491;493;488;500;495;492;474;479;472;475;477;478;474;477;479;480;479;476;474;471;475;472;481;471;473;477;474;471;473;477
377;452;416;356;378;388;385;382;482;482;480;446;457;487;488;476;490;496;487;450;473;499;496;503;494;498;493;475;495;497;500;499;491;490;487;489;494;495;497;491;475;480;474;478;477;481;475;476;482;476;477;474;479;475;479;473;482;479;478;476;476;475;478;481
378;436;425;347;361;391;387;386;483;488;480;449;465;484;483;480;494;488;492;445;476;505;496;500;495;500;497;490;486;502;496;499;491;496;493;491;495;490;500;493;476;475;476;476;478;483;475;474;474;478;472;471;477;476;475;477;486;482;477;477;472;477;475;479
371;446;423;352;354;391;384;382;486;480;484;451;470;479;487;475;491;492;491;449;468;499;495;497;494;498;503;480;494;504;503;497;493;494;492;486;496;496;501;495;477;475;475;481;482;482;481;482;478;477;478;472;477;476;475;474;490;480;479;473;473;478;476;478
384;447;417;342;355;393;383;384;481;480;483;461;454;483;482;478;490;495;488;456;467;497;497;491;495;494;495;486;497;497;496;499;490;492;490;492;494;498;498;494;478;482;477;474;479;477;475;476;480;478;476;476;472;476;477;476;487;480;481;477;471;474;476;481
385;434;416;346;350;397;383;371;479;486;480;458;464;484;488;482;493;494;488;449;482;498;494;494;492;498;500;477;490;497;499;497;488;489;493;490;493;491;496;490;483;477;479;476;480;476;479;476;484;476;478;472;477;473;475;481;484;475;474;475;468;476;474;477
392;434;431;349;356;385;393;370;483;484;480;453;457;492;481;478;493;492;495;448;468;496;500;496;493;494;502;484;490;503;498;503;493;494;496;494;496;496;500;489;479;477;478;478;479;479;475;479;476;473;476;477;481;476;473;475;484;475;475;476;482;474;475;484
385;447;421;346;364;386;381;388;480;486;481;439;473;484;489;475;490;492;494;441;483;499;499;494;494;496;497;479;492;502;497;502;494;490;491;491;493;500;493;494;477;475;473;477;477;480;479;474;480;478;475;480;478;475;475;474;484;471;474;476;474;474;475;479
373;439;422;337;363;383;387;386;480;485;490;437;457;490;482;474;492;494;493;448;483;501;499;494;494;495;497;476;484;499;499;499;491;493;490;494;497;494;496;491;476;475;475;474;472;476;474;478;478;480;477;478;479;476;478;473;480;483;478;476;473;474;475;477
389;438;409;347;355;385;376;386;480;480;483;449;461;489;488;479;490;490;492;454;472;498;497;499;491;497;503;469;492;505;502;499;496;495;496;493;496;493;496;490;480;482;479;481;479;482;480;482;478;476;470;477;474;476;474;476;489;480;472;474;471;474;475;477
394;439;422;338;354;378;373;366;474;486;488;443;473;486;487;483;490;494;490;455;469;498;496;493;494;498;496;487;489;498;496;501;492;491;494;492;494;498;500;490;479;481;484;475;481;480;479;475;478;476;477;472;481;484;476;476;483;478;475;475;474;474;477;484
389;434;422;343;348;389;378;383;479;487;484;449;453;489;488;480;490;488;498;458;475;497;497;495;498;498;495;480;492;508;504;495;490;491;494;494;494;495;502;488;478;479;476;479;482;478;480;477;480;473;473;470;474;471;472;473;488;482;479;476;477;477;478;475
389;441;416;346;353;382;375;379;477;479;482;446;471;493;483;478;489;493;492;447;493;493;501;495;495;500;495;483;488;503;497;500;490;491;498;492;493;492;500;492;481;476;474;478;478;482;478;478;481;478;479;476;476;475;476;476;487;479;475;474;474;472;475;477
392;443;424;347;363;393;390;384;478;481;480;452;469;491;487;480;488;490;496;451;473;500;500;493;491;498;495;491;486;502;497;496;492;495;492;487;500;497;498;494;478;480;471;478;480;480;474;476;477;477;480;481;475;477;472;478;485;480;475;477;474;473;473;479
383;443;427;346;360;389;384;372;480;485;486;428;467;492;485;479;490;492;491;461;469;495;497;496;497;497;499;481;483;502;502;500;492;496;493;488;496;500;496;488;479;480;479;479;478;479;481;476;476;476;472;476;477;478;479;474;486;474;476;469;472;473;475;480
390;440;414;350;351;379;387;380;481;481;482;445;465;491;482;484;490;494;489;456;481;499;496;495;494;500;495;486;491;502;503;499;487;489;493;495;497;497;498;492;484;476;477;481;480;482;478;479;481;477;471;474;473;476;476;466;489;477;478;479;480;473;477;481
392;444;422;355;361;387;375;391;480;482;478;452;466;487;483;482;488;494;490;445;478;499;499;496;491;500;500;479;481;503;502;494;491;495;490;493;492;494;493;490;480;476;477;476;482;478;476;480;479;476;469;473;474;474;476;471;489;481;472;480;476;474;478;479
390;443;421;349;359;388;386;383;487;480;484;447;461;490;487;481;487;496;494;446;472;494;498;496;494;500;498;472;489;504;501;504;493;493;491;495;494;492;496;495;473;477;475;475;478;481;480;477;480;479;474;477;473;475;477;477;488;480;478;477;476;478;475;481
393;444;422;344;350;380;375;387;475;482;479;436;479;490;487;474;492;492;491;446;458;496;500;495;495;494;499;471;494;500;496;502;489;496;493;493;497;499;495;494;474;476;478;480;479;478;476;477;474;477;471;473;473;480;476;471;488;482;475;474;476;476;475;486
394;463;421;350;358;378;380;383;481;481;486;432;478;492;487;479;494;496;494;447;481;496;497;495;490;498;494;487;493;501;501;499;492;491;488;489;497;495;495;491;475;480;479;477;486;484;474;475;485;477;474;481;482;477;477;475;487;478;474;476;472;479;475;480
387;443;414;336;353;386;374;375;477;487;485;441;472;486;489;483;490;488;492;447;481;497;496;494;496;497;500;482;494;508;499;496;486;490;499;490;494;496;494;489;481;478;469;476;474;481;475;479;480;477;470;476;472;474;476;472;482;482;474;475;477;474;475;479
386;440;428;346;359;387;376;372;475;488;483;440;463;491;482;482;492;489;494;442;471;500;496;495;494;492;499;489;492;499;498;503;489;495;493;494;493;496;497;491;481;481;479;480;478;477;478;480;478;476;473;476;475;474;475;470;495;481;475;476;480;474;476;481
399;444;414;353;367;384;377;375;478;485;483;444;467;487;483;486;493;491;489;444;474;490;499;491;492;497;498;490;492;497;498;502;495;493;490;495;489;501;495;494;480;485;476;472;480;476;473;476;476;479;471;473;474;474;473;474;477;482;472;474;473;478;473;475
378;443;418;341;360;384;382;378;480;481;485;446;465;488;482;479;490;493;494;448;472;494;499;492;492;500;498;481;494;503;496;500;491;494;489;489;493;496;501;490;475;472;477;479;477;479;480;477;480;476;477;474;476;474;473;480;490;480;479;473;473;477;472;485
393;451;421;350;349;385;386;379;485;483;474;463;467;485;484;485;491;491;492;447;468;494;498;496;493;493;500;483;486;502;498;495;493;493;499;492;493;497;497;491;480;477;475;479;480;479;472;472;481;478;474;475;477;474;474;472;490;479;476;476;472;475;475;477
391;445;422;336;361;377;373;371;481;480;488;444;474;491;481;479;490;494;495;451;477;497;496;494;496;497;499;486;487;511;506;497;491;491;494;492;491;498;496;493;472;477;479;478;475;482;479;475;479;481;477;484;476;473;473;469;486;480;475;475;475;472;475;484