371;446;383;338;378;352;337;340;464;482;464;307;449;490;479;454;488;491;469;299;488;503;507;492;490;500;499;298;504;507;508;498;487;494;496;471;498;503;505;494;475;479;478;479;482;486;484;480;473;472;469;480;479;478;479;478;469;468;469;474;473;476;478;481
373;443;391;324;391;358;346;342;473;472;460;319;471;485;484;459;485;485;496;304;484;502;505;485;486;493;496;297;498;504;506;493;487;493;490;456;496;500;501;490;472;474;476;478;482;482;483;479;471;465;469;476;475;476;475;482;471;467;467;470;476;473;479;480
369;441;409;359;382;349;351;335;465;468;464;328;459;489;485;454;482;487;478;317;473;502;505;494;484;495;492;297;508;508;502;496;488;493;498;466;495;504;503;487;472;476;472;480;482;482;485;478;470;461;473;472;473;478;481;476;472;469;468;467;469;478;476;477
377;449;403;343;366;352;333;331;467;473;469;310;450;479;478;460;488;488;482;313;490;503;503;487;494;495;479;308;495;500;508;496;490;492;486;464;501;502;503;492;471;472;477;473;474;486;482;476;471;466;466;472;479;475;474;484;473;467;472;472;470;472;475;477
357;446;398;340;379;339;353;345;469;478;470;334;456;492;482;455;485;487;468;303;483;499;500;488;491;491;493;289;497;508;505;497;487;493;494;460;497;505;504;491;471;473;472;478;481;480;482;477;467;473;469;474;473;478;476;486;469;467;467;477;479;471;480;485
379;445;391;357;376;348;345;346;468;476;460;313;454;478;478;460;486;490;481;282;490;501;503;485;489;495;485;293;497;507;507;494;490;489;479;470;495;505;506;498;472;470;477;478;483;478;487;484;469;472;472;470;474;475;478;476;471;469;472;473;477;472;480;480
384;439;413;322;373;353;347;332;473;475;471;321;473;486;480;452;488;492;480;298;492;501;503;491;485;490;492;302;487;508;506;495;487;490;485;460;497;500;500;487;470;472;471;483;479;484;485;481;471;473;467;470;475;477;476;480;467;464;471;465;471;472;475;481
366;453;403;348;384;360;335;339;470;469;479;341;468;492;482;452;484;495;476;298;489;502;499;490;484;493;488;300;493;501;507;486;487;497;489;459;495;501;505;489;471;473;476;476;479;484;487;479;468;469;473;471;473;470;483;473;466;472;466;469;475;474;478;481
379;457;395;336;369;359;339;340;465;479;455;335;468;487;476;459;484;492;479;313;492;501;506;496;483;489;488;293;500;509;507;492;486;490;492;463;497;501;503;494;468;471;476;478;480;486;483;483;465;467;470;468;478;475;478;474;470;470;471;469;473;474;476;484
367;449;392;322;404;349;347;342;473;482;464;326;453;489;475;457;487;488;486;305;477;500;506;492;487;489;497;319;501;503;504;499;491;496;490;469;502;503;507;488;474;477;471;473;479;486;486;480;469;460;467;472;479;474;478;481;467;471;470;470;475;468;476;482
370;451;392;353;376;343;333;339;467;467;468;311;457;484;480;458;484;488;476;305;498;501;508;489;487;490;483;294;495;509;506;494;488;491;489;467;504;502;505;488;465;472;476;480;484;483;480;483;468;469;468;472;473;471;479;478;472;469;466;473;471;475;473;484
369;444;390;330;398;340;341;345;461;473;449;316;453;482;482;463;487;485;471;309;481;507;503;488;488;498;490;289;485;508;506;499;486;493;492;463;507;505;504;490;472;475;472;479;480;485;483;484;467;465;464;466;475;478;476;474;470;465;474;472;474;477;474;486
361;454;390;333;368;356;339;348;473;475;475;316;474;485;476;456;484;486;480;305;487;501;504;491;490;493;486;287;498;506;505;495;488;493;492;463;496;504;502;490;475;472;477;476;482;485;482;476;473;469;471;473;478;475;477;476;474;469;472;470;473;477;473;480
365;438;400;348;381;356;344;337;461;469;456;329;445;484;481;465;486;492;473;304;481;502;502;492;491;491;493;288;495;510;505;496;487;493;489;462;492;498;506;491;468;476;475;481;479;483;477;479;470;466;467;471;473;475;477;480;473;473;472;474;474;475;474;485
365;433;401;338;369;361;361;336;466;469;468;337;457;480;475;469;488;488;481;288;487;500;505;490;487;494;480;297;492;503;505;494;490;492;490;460;492;501;500;490;470;470;472;473;483;486;479;481;468;466;472;476;473;475;480;478;472;470;469;467;469;474;475;487
353;442;398;368;389;356;344;335;478;483;466;307;442;482;480;460;487;487;480;301;484;499;500;491;489;488;490;301;492;504;506;493;486;489;485;456;497;504;505;488;472;474;473;479;484;484;482;478;470;470;469;472;479;478;475;480;469;470;468;472;478;473;478;484
371;444;396;359;384;365;339;345;467;478;455;323;456;483;481;459;485;490;468;305;493;503;504;492;485;491;486;288;493;500;506;494;491;488;486;461;500;507;501;488;472;476;476;479;483;488;485;480;467;469;473;472;477;477;475;477;467;465;468;468;474;472;477;484
364;449;387;333;381;358;343;339;470;470;452;321;447;484;470;461;481;492;473;310;468;499;501;491;490;493;489;289;498;511;505;497;490;497;491;464;501;500;501;489;471;473;470;476;484;483;485;483;471;465;466;474;473;474;477;479;475;468;468;475;472;472;477;480
366;446;404;318;368;358;348;337;466;474;485;338;442;482;485;454;487;487;474;306;476;505;500;495;486;495;474;293;494;504;502;496;490;495;490;473;496;503;503;489;476;470;474;480;478;485;482;480;470;469;473;474;473;479;478;478;470;466;468;467;469;475;475;481
374;443;390;331;370;351;343;343;462;474;461;333;444;480;482;449;487;487;481;314;513;503;499;487;488;492;468;303;480;501;504;493;487;495;492;464;501;501;507;495;474;473;477;480;483;489;485;478;465;469;468;469;476;471;477;477;469;470;469;475;470;475;482;479
366;451;392;367;391;350;345;328;464;473;478;322;458;480;480;461;482;488;484;313;481;501;505;488;487;494;491;324;491;509;505;493;488;491;491;470;497;501;508;492;470;471;477;480;479;484;482;478;469;467;474;472;473;474;480;479;467;473;468;472;472;475;478;486
367;434;376;356;374;353;345;340;470;475;481;322;453;484;472;458;487;485;470;285;476;497;498;493;487;493;485;288;498;509;502;497;489;489;490;460;494;503;504;493;469;470;476;476;480;484;483;482;466;465;470;475;473;476;479;476;466;471;465;472;470;472;478;484
365;445;398;345;388;359;333;332;459;476;459;321;464;489;490;465;486;486;481;299;487;506;501;489;488;492;484;316;483;504;507;497;486;492;494;460;497;505;506;490;469;474;477;480;481;482;485;478;469;470;464;471;474;476;473;477;469;473;469;466;472;473;476;484
372;441;393;333;378;348;349;337;467;479;475;327;464;492;485;472;490;486;478;305;486;503;500;491;486;496;481;318;487;507;504;496;488;491;486;469;492;497;503;493;472;470;480;476;479;488;485;483;471;476;470;469;471;476;479;475;471;470;470;472;476;475;476;481
364;440;389;325;389;358;340;336;470;469;451;344;454;485;480;463;485;488;475;291;491;496;504;491;490;494;497;302;486;508;504;497;489;493;488;471;499;508;502;494;469;479;480;478;481;479;485;484;464;464;462;472;475;477;475;475;470;472;467;469;474;476;472;477
374;441;387;386;387;352;342;338;462;473;441;345;443;490;479;466;484;497;486;305;475;501;506;489;489;493;482;291;488;504;501;497;491;492;485;478;497;503;506;490;471;471;474;481;479;484;483;480;469;464;472;471;473;476;478;471;472;471;469;470;476;478;479;481
375;448;386;322;378;347;321;343;469;470;463;301;454;485;475;461;487;490;480;300;498;499;503;493;485;492;485;298;491;505;504;495;490;488;489;461;494;507;504;488;469;469;469;478;482;484;490;483;470;471;470;473;476;473;476;482;467;471;467;466;469;473;476;484
380;437;404;306;375;358;347;338;464;473;462;353;465;483;480;453;487;488;483;311;484;502;505;494;491;494;492;321;487;511;508;496;485;493;493;463;498;505;506;489;468;473;467;482;482;485;482;481;469;469;468;473;473;472;476;479;473;469;472;466;475;473;473;482
373;440;398;333;402;358;342;328;469;477;480;315;447;484;485;457;486;491;481;317;493;502;505;486;485;494;483;294;502;505;508;494;487;491;491;469;497;506;503;497;469;479;477;476;480;480;480;481;471;466;471;473;476;479;475;475;470;473;471;471;469;474;476;475
373;437;395;338;372;359;350;331;462;469;436;352;458;479;479;465;486;488;472;281;475;504;506;495;488;487;486;302;497;511;501;493;488;495;494;463;493;504;506;489;470;479;476;477;481;488;486;480;471;465;465;474;474;478;476;481;469;470;467;468;476;476;474;484
369;446;380;350;367;349;353;340;459;479;457;326;453;486;480;463;486;489;490;310;488;503;501;487;487;493;473;291;499;506;503;495;490;495;490;465;495;504;506;490;478;476;477;476;478;482;481;483;465;469;472;468;476;476;477;482;475;467;468;471;473;470;478;483
368;447;390;334;367;353;349;332;465;467;465;309;453;483;478;467;486;488;475;309;486;500;504;494;488;492;495;284;511;508;504;496;488;490;493;458;500;502;503;491;470;471;472;473;481;481;484;478;469;469;470;468;474;476;479;479;466;468;470;470;471;472;477;481
370;440;394;331;374;348;347;340;466;473;465;312;483;479;470;452;486;487;473;309;496;495;506;492;487;494;491;290;496;513;506;491;491;490;490;465;499;508;503;489;473;474;475;483;479;481;480;478;471;466;469;469;474;479;482;481;472;470;465;473;474;472;477;482
365;440;402;330;370;361;343;339;466;467;465;337;452;484;479;460;485;487;467;300;487;502;502;494;489;496;489;300;495;503;504;493;492;492;489;461;499;503;504;492;470;474;476;476;484;484;489;478;469;470;469;474;474;476;475;481;471;470;470;472;468;472;478;478
369;457;380;331;373;350;340;324;464;472;468;321;473;476;477;451;485;491;470;302;468;500;503;492;487;493;482;313;498;505;508;496;492;493;490;467;498;505;505;490;471;475;476;478;484;482;482;485;469;469;470;473;474;477;475;481;479;465;471;466;469;476;475;477
387;446;407;328;392;355;347;355;467;484;481;327;459;493;478;454;486;488;467;306;490;503;508;488;492;494;473;317;507;509;506;494;487;489;491;459;500;506;508;492;473;470;476;478;478;483;483;481;468;469;470;479;474;480;476;478;468;471;462;472;470;477;478;486
371;445;387;344;379;355;343;333;476;467;473;321;477;486;479;456;485;489;469;307;478;499;501;489;488;498;489;295;500;504;502;498;487;494;484;454;496;501;508;493;471;472;475;478;482;483;483;477;470;471;470;471;472;479;477;478;475;471;469;472;467;477;479;476
369;442;395;313;367;358;340;343;461;477;470;328;459;494;483;457;484;493;469;308;485;503;504;491;486;491;493;334;496;509;503;492;480;492;488;463;498;506;503;490;466;471;474;480;483;487;480;484;475;469;470;471;475;475;476;479;472;470;468;474;472;477;477;481
364;439;395;340;375;355;340;337;467;477;467;315;449;477;485;450;487;488;482;318;478;505;502;494;490;491;490;286;490;505;504;494;488;493;486;463;495;506;501;487;474;469;474;481;483;480;485;483;470;466;472;475;474;475;479;479;468;470;470;468;476;474;475;478
372;450;387;332;385;350;341;345;474;469;475;324;448;478;482;460;485;492;474;286;490;504;504;490;485;494;474;292;494;505;505;495;490;490;493;466;499;502;505;491;474;473;475;473;480;484;489;481;466;468;469;466;475;472;478;477;468;471;470;468;468;476;476;470
368;439;388;356;383;346;346;349;468;469;456;332;468;484;468;460;490;494;466;316;489;504;506;493;489;493;488;319;504;504;500;497;489;487;486;477;503;504;504;489;475;468;475;478;481;486;483;481;470;468;470;472;471;478;480;479;475;469;471;468;473;471;476;481
367;438;402;333;386;349;345;336;460;478;470;315;472;485;480;468;487;493;470;314;472;503;501;492;488;498;485;289;499;506;502;497;487;494;490;456;497;502;502;491;471;473;471;479;482;486;483;479;471;471;473;473;475;475;480;482;466;469;469;468;473;476;476;479
357;438;406;363;390;343;345;339;460;475;473;318;453;481;475;462;486;489;471;295;485;502;501;491;485;496;489;296;500;501;503;497;489;493;492;463;493;504;507;488;470;473;474;479;480;486;483;479;467;465;470;468;473;476;478;476;472;474;473;473;475;469;477;480
368;446;389;356;373;350;352;337;468;479;456;321;474;483;480;459;486;489;467;313;468;503;501;489;487;496;485;299;491;507;504;497;492;493;495;466;494;504;506;489;471;474;477;477;479;483;483;480;463;473;474;473;471;475;478;478;468;469;470;473;475;477;478;478
355;445;394;340;383;351;348;345;468;478;474;348;453;487;478;455;488;481;471;287;474;504;504;491;487;495;495;296;501;508;512;495;487;492;494;450;494;504;502;488;472;476;472;473;481;482;484;481;468;467;474;468;478;474;475;477;467;472;471;470;468;474;475;484
370;437;410;339;403;341;353;340;460;474;468;345;477;484;477;465;489;486;479;314;479;497;510;493;488;491;489;295;486;505;503;498;487;491;492;463;495;501;508;489;470;473;473;485;481;484;485;474;469;469;470;472;475;478;477;477;477;471;469;472;467;474;477;481
359;443;396;346;380;360;332;345;468;471;462;321;458;482;470;452;486;488;486;302;484;497;504;488;487;493;491;291;503;510;510;492;488;487;484;462;501;500;509;494;470;476;476;481;483;482;482;484;467;471;468;472;475;476;480;479;468;466;466;467;475;473;475;479
375;438;406;334;393;354;346;323;458;475;481;322;458;485;487;461;490;491;482;309;474;498;504;495;487;496;490;285;494;506;506;493;488;491;493;460;496;507;503;492;471;475;474;477;482;485;489;483;468;468;465;474;473;475;473;478;466;468;469;465;470;473;480;483
376;454;393;359;369;351;353;356;468;476;458;310;456;482;480;463;487;489;464;284;481;502;504;489;487;490;491;288;497;503;502;498;488;488;483;458;496;502;504;488;473;475;479;475;482;483;481;480;471;466;475;474;479;477;474;479;475;471;467;473;469;478;476;486
372;442;397;352;386;357;330;343;468;476;472;316;475;478;475;452;486;493;479;308;487;503;504;486;488;493;482;288;482;500;507;496;491;495;482;467;498;501;507;493;475;474;477;482;474;481;482;483;468;470;474;475;470;475;476;479;471;473;470;465;469;476;479;479
365;449;384;352;380;349;342;347;465;469;456;312;448;492;478;460;485;491;469;303;469;496;505;493;490;491;482;285;506;508;509;494;486;493;488;464;499;504;505;496;469;477;474;480;479;486;488;481;468;467;471;473;473;476;478;481;472;467;464;470;471;473;475;480
362;450;392;346;382;353;345;340;462;474;455;321;432;482;473;455;482;491;487;314;487;501;504;491;486;496;478;297;502;509;501;493;489;488;491;464;501;497;509;494;473;464;476;475;482;480;485;481;471;470;474;469;475;475;476;478;479;470;470;475;472;475;477;482
367;457;377;363;366;341;349;343;470;478;462;339;459;477;476;458;489;486;479;307;481;498;503;493;487;489;485;287;504;505;500;497;487;490;492;457;497;507;503;495;470;476;473;474;481;480;484;481;470;472;470;472;477;475;476;475;470;468;467;471;474;472;479;482
371;456;391;301;379;355;350;331;471;478;460;329;456;481;479;464;487;487;465;306;500;498;505;491;491;492;485;300;491;508;505;495;489;495;488;465;496;507;507;490;474;469;479;479;481;488;486;481;465;463;474;474;476;474;475;482;464;468;466;467;477;472;475;478
371;445;396;342;388;350;335;342;468;477;461;316;455;491;477;461;490;487;471;304;485;504;505;492;487;492;493;298;499;505;501;501;487;492;488;468;499;504;510;493;479;470;476;477;480;488;488;480;470;466;471;472;472;478;480;480;469;466;469;468;470;477;479;478
355;449;384;334;364;359;348;344;465;473;462;318;447;478;483;457;487;490;480;310;495;503;508;494;489;498;482;287;494;508;509;498;490;497;485;466;500;504;507;492;466;475;476;476;481;483;486;486;470;469;468;475;480;476;475;484;471;473;469;472;474;472;474;484
361;448;385;333;384;358;331;349;472;479;444;308;487;483;487;459;487;485;479;301;479;500;508;490;488;492;494;288;505;510;507;494;489;488;486;452;494;506;506;494;474;475;475;477;484;481;485;478;472;468;472;473;475;471;473;482;473;467;469;466;472;471;474;484
361;444;377;351;365;362;343;338;471;479;454;323;460;478;480;457;488;492;484;311;501;500;501;489;484;494;491;284;503;508;504;494;489;492;494;469;501;503;503;489;470;477;476;480;485;488;485;485;472;470;470;472;472;475;479;477;474;467;470;470;470;477;479;488
379;437;394;323;379;360;350;339;472;475;464;311;452;482;486;462;485;489;479;302;470;503;507;490;489;492;492;293;493;507;505;495;488;492;496;461;497;501;506;490;473;474;472;481;477;482;484;480;469;471;470;473;480;478;480;477;469;471;465;470;471;471;477;479
364;445;393;337;376;356;340;337;465;476;476;321;450;485;479;465;485;487;478;308;489;505;503;488;490;498;487;312;485;508;501;499;482;495;486;474;497;504;506;492;476;474;476;479;482;485;483;481;471;465;470;471;473;473;477;478;474;468;468;470;471;471;479;480
362;438;396;315;384;343;350;336;464;471;454;326;453;489;481;456;487;485;479;310;488;504;501;489;490;495;487;297;486;508;505;497;487;489;497;468;497;499;502;487;468;473;473;478;475;484;485;478;468;467;472;475;475;476;476;479;469;469;469;469;480;474;476;479
368;459;394;359;362;373;347;345;463;476;449;327;476;483;483;453;489;489;478;282;475;499;504;489;488;495;491;297;495;508;504;495;490;491;488;460;499;500;507;492;468;474;478;480;477;481;480;483;466;470;469;473;478;475;476;477;471;471;468;470;470;471;475;484
376;448;400;343;374;352;334;335;472;476;468;322;467;493;484;462;491;490;470;283;487;503;501;491;489;488;489;292;509;510;506;494;491;493;489;461;493;504;502;491;470;474;476;479;481;480;485;479;472;464;468;471;477;477;475;481;469;469;465;471;476;473;475;475
378;448;373;307;384;354;340;343;475;477;463;327;480;496;482;455;488;492;479;313;504;507;503;493;487;490;485;290;492;501;505;492;489;487;488;454;500;505;505;492;470;474;474;479;483;482;486;479;467;465;466;474;470;475;479;479;470;466;465;469;474;470;477;485
369;448;395;300;381;351;342;323;464;472;452;341;458;487;470;450;484;488;484;316;489;502;500;495;488;495;485;292;485;509;503;497;491;493;489;462;504;500;505;493;470;472;475;474;479;482;484;480;471;472;470;471;476;477;473;479;469;472;472;470;475;476;473;478
372;441;416;327;375;358;349;326;467;479;476;342;443;485;480;464;484;488;476;310;491;501;503;490;482;493;487;293;494;503;511;496;490;492;491;459;501;504;504;491;472;474;475;474;485;479;480;480;468;474;468;469;473;477;482;474;473;467;467;469;469;475;482;484
358;459;406;334;410;363;340;337;459;473;481;336;450;482;485;467;489;490;483;287;476;503;501;484;489;492;484;279;469;508;506;498;484;491;488;454;499;505;507;490;474;475;475;472;480;486;486;480;467;467;468;470;476;478;476;475;474;468;470;468;470;475;474;482
362;449;394;335;370;348;347;318;460;480;444;314;445;490;481;462;484;488;479;319;489;502;504;487;486;493;480;298;499;512;502;493;486;493;492;463;504;498;501;486;475;473;475;481;482;481;482;481;466;467;470;472;473;473;472;476;468;472;469;470;473;471;471;481
381;437;380;315;381;344;353;337;469;474;440;318;449;492;480;450;488;491;479;286;489;503;500;490;488;490;474;290;507;508;507;494;487;492;488;463;503;504;503;491;472;472;476;473;477;485;485;480;466;473;471;471;476;480;480;475;473;466;466;475;473;473;480;476
370;442;384;323;384;354;343;329;470;476;461;316;443;478;482;464;486;488;477;298;482;507;502;491;488;493;483;289;490;507;506;494;489;492;493;462;497;506;508;492;469;473;476;482;485;486;484;481;465;464;465;471;474;474;475;476;467;473;465;466;472;478;475;478
368;449;388;369;386;354;332;329;467;480;472;327;461;482;485;454;484;490;470;311;477;498;502;493;486;494;483;293;481;502;505;495;490;494;491;466;495;511;507;494;469;475;471;476;480;484;482;482;468;465;472;474;474;472;477;478;472;468;469;467;471;473;477;479
371;442;391;334;395;360;337;337;471;478;442;327;464;472;479;452;488;492;484;304;481;501;502;488;493;494;496;320;500;509;506;501;485;489;490;466;497;503;503;489;468;472;477;475;477;483;483;481;473;463;470;476;476;476;480;478;465;474;469;473;471;472;477;485
365;434;389;356;371;357;349;342;463;469;457;319;466;485;475;464;486;490;483;289;485;503;504;490;488;494;467;299;501;510;503;498;490;488;492;460;500;508;509;489;472;475;475;475;478;486;484;482;472;466;473;470;473;476;480;477;467;470;466;464;472;477;477;483
375;432;383;337;369;352;346;345;472;474;450;309;448;483;476;456;487;489;486;314;491;501;505;491;489;496;490;291;485;509;506;495;491;496;494;459;504;507;505;487;475;474;472;484;482;483;480;481;466;469;472;468;477;475;479;480;472;467;468;467;471;474;478;486
369;446;385;349;373;353;334;337;468;474;474;319;447;480;479;453;488;489;475;322;485;502;502;491;489;493;486;293;485;502;505;496;489;488;483;456;497;500;506;491;470;481;477;476;480;481;483;481;475;471;473;476;477;479;478;484;469;469;467;470;470;473;473;486
368;441;389;351;370;348;352;352;459;472;460;315;475;482;474;461;488;488;466;302;471;504;501;488;490;489;479;292;488;508;504;497;487;496;495;463;498;503;505;489;470;471;480;476;480;487;488;477;470;471;465;473;472;477;476;480;465;468;467;468;474;473;477;482
369;449;393;334;362;355;352;344;462;474;469;344;489;493;484;460;486;486;484;310;470;505;503;490;490;492;477;289;498;504;505;501;491;493;490;462;500;504;506;490;465;468;472;479;485;481;489;483;470;470;470;471;477;479;476;478;467;469;474;472;472;474;474;484
381;423;383;338;379;348;340;355;461;473;460;326;462;486;478;460;483;485;484;298;492;504;507;483;488;496;486;297;500;506;506;493;489;487;494;473;492;506;508;491;473;472;475;478;477;484;482;481;469;463;472;472;473;473;480;480;474;467;471;476;475;471;473;480
350;447;387;350;398;354;343;331;467;475;471;336;444;484;487;466;488;491;472;310;490;503;507;493;488;495;490;294;495;512;508;495;489;496;489;461;501;502;507;494;471;475;475;480;482;485;486;479;471;471;471;471;476;475;475;473;469;470;468;469;470;470;475;483
375;441;398;335;386;356;352;348;470;475;480;328;452;489;483;458;487;490;475;288;492;502;503;488;489;498;485;292;498;508;504;497;490;497;492;475;498;508;504;494;474;475;472;476;480;486;479;478;470;466;473;471;470;479;480;482;475;468;469;466;473;478;472;484
368;446;386;342;371;365;330;315;463;470;470;343;445;488;483;460;487;490;481;306;496;499;502;490;487;494;482;295;497;504;501;495;486;490;490;476;497;503;503;492;475;478;475;478;483;485;483;481;467;468;473;472;473;475;479;478;470;470;469;474;470;477;478;478
366;449;389;351;385;349;348;320;471;480;470;324;461;483;480;467;486;489;465;306;477;501;505;492;490;493;493;275;498;507;506;492;491;496;486;463;496;500;508;492;471;472;476;479;478;492;483;481;467;469;465;472;476;476;476;478;469;467;471;470;472;474;476;480
359;438;380;332;394;349;335;352;465;473;464;310;448;491;476;457;485;485;483;313;465;503;506;497;489;492;499;287;507;506;502;494;491;495;489;455;502;500;505;489;469;471;476;476;480;486;481;476;472;468;468;468;475;477;476;474;475;470;466;469;469;474;475;483
363;449;393;330;373;352;315;323;471;471;460;322;449;484;473;462;490;490;487;306;491;500;506;493;486;495;489;288;506;504;506;496;489;486;498;463;501;503;509;493;473;475;472;482;478;482;485;477;464;464;471;470;475;476;473;477;471;468;467;472;471;477;478;488
361;440;395;359;387;355;355;325;460;473;462;326;463;481;484;456;487;490;483;281;474;499;504;490;490;495;472;313;504;506;508;497;489;492;485;466;497;503;503;494;470;475;476;475;481;485;484;480;474;469;464;469;480;475;480;478;469;469;467;472;472;474;477;482
369;441;398;353;379;356;362;348;459;468;472;350;440;481;480;453;481;488;481;279;496;501;500;491;481;490;488;311;496;512;508;498;490;492;493;480;501;501;502;490;472;471;475;477;480;484;482;482;471;469;470;473;477;477;477;471;469;469;475;470;471;478;475;480
365;446;385;321;373;350;335;349;467;473;451;324;461;486;486;460;483;488;470;315;468;505;503;488;486;493;482;321;505;503;507;496;488;489;488;464;506;499;507;491;470;472;472;481;481;484;484;478;471;471;469;473;476;473;479;473;466;473;468;475;470;473;475;484
362;433;391;300;374;347;342;347;468;475;461;319;465;489;479;468;490;490;485;308;475;499;506;493;489;494;472;300;503;502;505;492;487;489;491;461;504;507;512;489;474;475;472;475;478;490;485;479;469;471;473;471;478;478;476;479;471;463;472;469;474;475;474;484
379;438;396;320;381;352;344;322;466;479;461;328;458;488;475;458;486;488;468;304;469;504;508;492;485;496;482;319;489;506;510;494;489;489;493;463;494;501;503;487;475;478;474;475;482;482;482;479;470;466;471;469;473;471;477;478;471;466;465;472;469;477;476;478
374;449;391;340;367;355;344;342;471;470;485;339;457;480;469;463;485;492;484;302;494;502;502;491;488;491;498;294;486;505;505;496;494;496;496;464;504;505;502;492;475;471;477;479;484;485;483;482;467;469;469;477;475;476;476;481;471;470;466;471;474;473;475;481
370;442;385;346;372;358;343;331;469;475;467;348;438;488;476;456;484;485;484;317;505;507;503;488;488;490;493;319;504;507;499;496;489;495;494;460;503;506;502;490;471;479;474;480;482;489;479;480;466;470;474;471;478;476;475;476;470;472;470;473;473;473;475;482
353;436;385;344;383;353;348;330;468;472;470;336;439;484;483;458;487;485;486;281;467;502;503;490;485;493;487;289;499;510;500;497;487;489;487;450;496;504;510;492;471;470;477;475;478;481;485;479;469;466;468;470;475;479;475;479;473;469;467;466;469;473;476;484
361;456;383;336;394;357;347;341;466;476;463;319;464;483;474;455;484;490;485;312;496;501;503;492;487;492;494;295;490;504;505;498;495;493;488;462;497;506;504;494;465;473;474;479;479;484;485;481;471;470;472;475;475;474;476;481;469;471;469;472;477;471;477;480
376;438;380;333;371;354;339;342;462;477;453;326;458;479;482;465;490;490;484;282;461;500;501;489;483;493;492;299;510;508;503;491;488;491;482;459;505;507;502;491;475;471;469;476;482;484;481;477;472;463;466;473;475;480;477;477;474;469;467;471;474;474;480;484
371;446;385;326;368;349;342;328;464;474;469;318;453;485;482;455;486;483;481;304;477;503;504;493;490;492;488;288;496;504;504;495;488;493;485;455;500;499;505;487;473;472;476;474;482;488;483;484;472;468;469;470;473;471;477;480;474;466;469;473;471;474;478;484
352;438;377;345;386;354;349;325;467;473;454;318;456;483;478;456;484;488;477;302;495;499;501;493;487;493;484;292;498;513;504;497;485;495;488;465;498;508;508;491;468;475;475;478;480;486;483;475;470;472;471;479;475;475;475;479;469;469;469;472;469;480;475;481
359;442;380;334;387;333;327;340;463;481;465;317;441;490;484;457;486;490;487;282;491;498;504;493;488;495;488;297;503;507;509;501;490;492;489;448;502;501;505;490;469;472;475;479;478;484;482;482;466;469;467;476;481;473;475;477;469;469;471;469;474;477;474;479
355;454;400;323;369;341;328;321;473;473;458;323;452;485;484;451;482;490;468;313;475;499;504;497;486;493;487;296;479;507;500;495;492;487;495;460;500;506;507;490;475;475;476;479;479;486;484;478;467;466;472;473;471;475;476;482;475;473;469;469;468;472;482;484
367;452;404;328;356;350;349;348;471;477;465;338;447;486;478;454;487;490;471;281;489;505;504;493;490;493;472;295;493;507;503;494;487;499;488;455;499;499;505;488;475;476;479;474;483;483;482;478;467;472;469;473;480;475;477;480;472;469;469;469;469;470;478;485
367;451;380;343;380;342;337;353;470;475;461;308;452;479;470;457;485;486;481;303;469;504;501;498;486;494;478;325;497;506;504;499;491;495;500;456;498;509;502;494;473;475;477;476;485;489;484;480;470;465;469;473;477;472;476;474;469;471;472;473;474;476;479;486
356;446;404;337;364;357;352;326;471;478;464;362;452;485;483;459;492;489;486;319;487;501;505;490;490;494;478;316;484;505;505;497;490;490;497;459;499;504;507;492;475;470;471;476;481;484;484;477;469;468;470;470;473;475;470;478;473;469;472;470;474;481;478;483
366;451;419;349;395;360;346;338;468;480;455;322;445;480;481;462;484;490;491;273;476;501;508;490;489;496;486;329;496;512;504;495;493;489;484;465;498;504;503;494;476;475;475;480;481;483;481;481;464;471;470;473;477;477;480;479;473;467;466;471;473;479;476;485
372;452;385;334;378;352;350;337;470;471;460;344;438;479;481;454;487;488;491;311;476;505;504;490;489;495;489;290;495;507;503;497;488;493;493;460;496;505;505;493;472;475;478;474;485;480;485;478;467;473;470;473;476;472;481;478;470;469;464;468;473;472;476;483
371;460;395;337;383;343;347;342;468;476;454;318;463;477;476;450;489;486;469;309;485;501;502;487;486;493;491;294;483;507;503;496;487;492;488;459;502;503;506;490;472;470;475;474;487;486;483;482;471;469;469;469;475;474;475;475;471;467;469;473;472;472;477;485
348;438;401;343;360;355;341;340;465;477;485;348;450;483;478;456;491;489;475;309;478;500;506;492;488;496;486;321;498;506;506;499;489;492;486;463;499;504;504;490;468;477;478;479;479;485;481;481;470;465;470;469;475;475;475;479;472;471;469;468;470;471;474;482
364;434;388;324;377;358;348;329;466;475;461;313;437;482;476;454;492;488;467;304;494;498;504;490;492;495;493;318;491;509;503;495;488;495;490;453;498;505;503;494;470;475;470;478;482;483;487;479;467;467;467;473;467;475;481;478;467;467;467;476;473;475;478;482
358;450;398;344;384;352;349;347;463;475;466;317;449;482;474;456;485;491;484;306;487;508;505;492;487;495;496;313;501;505;507;492;491;489;491;456;494;504;508;495;468;471;476;482;487;482;484;480;469;469;466;475;479;476;474;479;469;474;466;468;471;472;479;483
374;444;370;338;395;358;342;334;468;473;467;343;460;487;481;460;485;489;479;304;487;505;502;488;489;493;480;299;490;508;506;501;490;491;489;473;501;500;506;490;472;478;473;473;480;484;485;482;469;466;471;471;475;478;475;476;469;468;467;469;478;469;479;480
357;445;402;331;373;358;341;323;460;472;457;321;448;480;478;458;483;490;486;312;491;507;502;491;486;494;493;288;498;508;505;498;492;496;493;460;501;506;506;490;470;476;476;477;482;484;481;481;471;468;470;472;476;480;478;480;469;467;469;471;472;472;475;482
378;436;401;361;363;356;342;336;464;476;477;325;461;488;478;460;483;484;477;305;473;504;502;493;488;495;477;314;492;510;507;495;489;496;484;459;500;505;503;494;472;470;476;477;483;482;484;479;467;465;470;474;473;478;478;474;472;469;470;471;477;473;478;486
372;450;376;339;367;343;338;340;464;477;450;352;445;483;486;453;488;486;460;304;486;500;502;497;492;494;492;295;499;511;509;497;486;490;492;468;497;500;504;491;472;474;477;480;484;489;482;483;469;467;468;472;474;473;474;478;473;469;469;470;476;474;476;479
344;442;393;338;363;338;344;333;470;471;471;338;442;482;485;451;485;490;490;307;485;502;503;489;487;495;491;296;503;509;507;499;490;485;488;456;503;503;504;490;471;476;474;475;483;486;483;479;472;465;476;478;478;470;478;481;477;471;471;470;468;473;482;481
370;442;391;350;376;352;346;351;461;471;468;343;449;485;480;454;483;488;477;309;484;505;504;491;483;496;486;295;492;504;506;500;489;492;485;452;504;502;510;493;471;473;472;478;482;487;484;481;469;470;469;471;472;482;473;477;472;469;469;474;469;473;478;481
355;445;391;333;374;351;348;346;467;476;458;340;457;489;476;457;486;489;488;290;472;499;504;490;490;490;473;292;503;508;508;498;491;493;491;449;496;498;504;490;479;472;478;479;480;487;482;484;473;466;467;470;476;474;481;475;474;468;466;469;472;472;477;483
381;444;400;341;370;347;347;332;466;477;453;341;446;478;472;458;489;491;476;312;473;500;507;489;489;496;489;316;504;505;505;494;490;490;493;462;501;505;504;495;475;476;477;480;483;484;484;477;472;470;468;476;473;481;478;474;464;473;470;471;473;469;476;480
366;432;393;330;363;356;347;339;467;474;471;348;433;484;478;454;484;488;482;307;489;499;499;488;489;491;487;295;489;506;508;494;492;496;495;452;501;502;504;491;469;472;475;479;483;487;482;479;463;468;472;473;478;472;473;476;473;468;469;468;471;476;480;482
357;440;390;355;383;358;335;331;466;468;460;314;432;488;471;453;488;490;487;302;482;502;506;488;489;491;474;294;501;505;505;499;486;487;491;457;497;501;505;494;472;475;475;476;484;481;484;484;472;470;468;474;471;471;478;478;471;469;467;468;474;472;482;480
365;450;395;356;379;349;346;345;476;479;472;326;471;496;480;464;485;483;466;277;485;499;506;489;481;493;493;294;484;508;506;495;490;493;497;445;502;504;509;491;475;473;472;476;487;487;482;475;474;472;474;470;479;475;478;477;468;469;472;471;468;473;477;484
361;443;385;334;399;356;339;317;479;470;445;324;450;483;474;459;487;490;488;298;479;500;498;489;492;493;472;327;499;502;502;497;489;493;489;461;496;504;501;487;472;475;474;475;476;479;480;479;467;471;471;475;478;474;478;478;469;470;468;471;476;477;476;482
375;456;388;367;377;345;336;338;468;474;470;344;452;482;474;457;489;485;462;307;478;500;503;490;489;497;488;301;482;506;501;496;488;494;489;449;504;503;504;494;468;476;479;476;479;486;482;476;467;463;474;472;476;478;478;477;472;471;466;473;474;475;473;481
364;441;402;364;366;357;341;331;469;478;460;339;457;482;482;454;484;492;478;287;468;506;502;491;485;493;475;324;487;509;509;496;491;491;491;456;500;505;505;495;475;474;478;478;482;482;485;482;465;466;467;477;470;475;473;476;471;466;465;469;471;472;477;480
360;437;387;335;368;350;341;339;471;472;477;346;455;485;486;464;489;488;492;318;472;506;506;492;486;495;483;294;476;510;504;495;490;488;489;458;495;508;505;489;471;475;476;474;481;481;484;484;470;464;467;473;475;476;475;479;473;469;465;469;470;475;478;480
360;446;401;333;395;352;346;329;469;478;456;338;455;484;472;457;488;489;484;284;482;501;501;487;492;493;480;298;494;509;506;493;491;490;487;452;498;509;502;493;472;472;472;480;484;485;482;478;471;468;471;478;478;472;478;477;470;467;470;470;470;472;479;482
370;438;395;338;361;358;340;332;462;476;452;327;467;483;480;459;490;486;479;287;472;501;504;492;489;490;488;314;480;504;502;494;490;491;496;460;500;510;505;491;470;475;481;475;483;483;480;479;466;470;472;471;475;478;474;473;467;469;468;470;471;469;475;478
359;440;402;351;390;354;347;342;474;472;450;309;459;478;483;458;485;492;487;288;487;499;504;491;488;492;484;290;483;504;505;498;484;491;494;461;493;503;506;494;472;474;478;477;488;484;486;478;467;473;471;474;476;478;480;478;465;465;470;476;469;473;475;480
371;437;393;326;387;356;350;341;462;473;463;327;470;489;476;461;487;490;476;313;472;502;504;487;490;491;474;322;497;509;503;494;498;492;496;460;503;503;506;498;465;477;478;479;482;484;483;482;471;471;465;477;474;475;475;476;472;469;470;470;473;472;478;482
357;446;394;327;384;355;354;350;466;478;459;313;446;490;478;458;487;489;467;304;494;505;502;491;488;491;484;297;500;508;505;495;491;493;483;459;501;506;509;492;466;472;476;475;489;485;483;479;472;469;471;472;472;476;474;477;473;466;465;468;468;474;480;482
366;439;393;369;395;354;346;330;465;477;476;319;467;481;476;469;486;490;474;286;487;503;504;494;490;495;494;317;498;515;502;496;488;485;493;456;496;501;501;492;471;478;476;477;479;488;482;478;468;469;468;470;474;475;478;478;470;471;464;472;470;471;478;482
363;441;376;344;366;352;348;351;468;477;460;302;463;482;480;465;487;487;489;287;476;503;505;492;485;491;495;295;499;510;509;492;490;491;487;447;499;503;506;490;469;473;470;480;482;486;487;476;471;471;464;470;472;474;478;479;473;471;472;470;469;473;474;484
365;438;383;321;382;353;350;351;462;476;467;310;472;478;477;460;485;487;482;305;469;503;499;491;486;491;486;291;496;510;505;499;487;489;488;459;502;508;510;489;474;476;475;478;484;484;486;478;469;474;470;471;472;474;480;479;471;470;473;470;470;472;476;483
365;439;370;334;360;350;346;320;461;473;455;340;443;479;482;458;486;488;469;304;493;505;502;489;487;492;479;293;503;504;505;494;486;498;490;462;501;502;504;494;469;474;474;477;481;486;478;478;470;471;468;473;473;473;475;477;466;469;471;469;475;474;475;480
350;439;384;334;387;350;345;343;478;476;450;306;462;486;480;454;487;486;477;303;482;500;505;492;487;492;491;295;501;508;507;493;490;488;494;456;497;503;503;489;469;475;475;471;481;483;479;482;462;469;473;470;475;476;477;483;467;469;471;465;473;471;477;484
369;439;396;339;375;352;337;338;473;472;463;349;455;479;478;463;487;487;473;297;497;502;503;491;486;494;491;296;504;506;503;497;488;486;488;452;500;504;503;488;474;472;475;477;486;486;483;478;470;470;471;473;480;477;475;477;471;473;471;474;470;477;478;486
372;445;399;330;366;352;346;339;466;480;473;331;456;483;477;461;489;491;474;301;494;501;500;490;488;492;478;313;489;507;507;496;484;493;492;467;495;504;506;491;469;474;469;480;483;488;482;481;470;467;466;474;476;474;478;475;471;468;466;470;468;471;481;478
371;443;401;328;388;359;344;330;470;474;469;342;453;475;474;457;482;485;473;311;472;503;502;491;486;495;484;317;501;507;503;492;488;490;487;457;496;500;498;492;470;472;475;479;475;481;485;481;472;464;472;470;472;474;477;477;468;469;468;468;471;475;475;479
367;431;399;333;382;357;328;337;458;473;457;323;465;484;485;458;488;492;477;308;481;499;505;492;486;489;481;294;497;512;503;498;485;493;488;457;505;501;510;490;476;474;477;479;480;484;485;480;466;469;468;474;473;474;476;483;471;471;469;469;473;477;477;483
366;440;382;308;391;343;346;339;464;468;458;318;445;489;480;462;487;490;475;281;494;504;504;489;487;494;488;293;497;506;506;494;488;489;491;455;496;507;502;492;472;474;477;479;481;482;480;479;468;469;470;470;472;478;480;478;470;474;469;470;476;474;480;474
353;442;393;343;383;351;346;340;470;477;451;341;443;482;479;464;486;487;481;304;495;503;506;488;485;494;489;321;502;505;506;499;489;490;491;451;500;501;505;496;468;475;476;476;485;480;485;478;467;469;468;471;476;474;473;477;473;472;464;473;473;476;472;479
364;453;378;336;383;338;349;341;465;479;471;318;476;481;479;458;488;488;483;303;471;503;504;490;485;494;483;285;501;504;512;499;487;497;490;456;494;505;511;491;471;475;476;471;484;483;482;480;469;466;469;472;473;474;475;478;470;469;472;477;476;469;475;483
360;456;387;333;389;347;346;341;463;476;469;340;458;486;479;465;485;489;479;315;501;499;504;494;487;488;482;296;476;505;502;497;487;493;486;469;501;503;504;494;467;469;472;477;478;484;480;476;466;465;474;472;474;480;476;477;471;469;473;473;470;471;477;484
363;436;381;321;376;373;330;336;469;475;463;324;450;484;481;455;484;488;484;307;471;507;507;489;487;493;484;297;502;511;505;499;482;496;496;459;493;505;506;489;473;475;475;477;478;484;484;475;469;468;470;472;476;477;478;480;470;470;470;472;475;472;479;476
377;437;394;323;384;359;341;338;467;483;470;327;452;485;481;459;486;490;485;308;472;502;509;490;491;497;469;314;482;509;505;493;488;493;496;465;504;504;508;491;470;475;476;482;483;477;483;478;469;470;468;474;475;473;480;476;471;468;468;472;470;472;475;477
377;441;389;344;370;358;346;339;461;477;471;318;440;488;491;455;486;491;477;307;482;504;500;493;487;498;486;295;486;508;506;495;490;490;494;452;503;504;507;490;472;474;475;476;484;484;487;480;467;469;472;470;476;479;480;478;481;468;466;468;475;476;478;486
372;442;374;327;384;351;341;356;472;478;455;322;458;483;480;462;485;490;474;296;478;501;507;491;490;489;492;300;496;502;502;497;491;492;487;452;492;507;505;492;474;472;479;482;482;481;489;480;465;468;471;471;478;470;476;477;467;469;462;478;473;472;479;484
370;445;385;354;378;345;343;342;468;479;467;317;442;489;480;459;486;490;473;311;479;504;507;494;489;494;485;294;494;508;506;498;487;492;492;455;501;505;506;489;474;472;476;476;480;481;484;482;468;470;470;474;472;477;471;475;475;470;469;471;470;476;475;481
378;436;383;333;364;360;330;338;462;479;473;322;449;477;466;462;487;487;482;285;489;501;502;486;487;496;488;298;488;504;509;496;486;489;492;455;494;502;511;487;469;473;475;478;478;478;485;482;473;469;467;474;477;475;478;477;474;473;468;471;470;473;477;485
368;441;395;342;366;349;347;327;466;476;455;329;456;479;477;452;485;489;476;304;498;499;505;492;487;492;483;280;491;510;506;496;489;491;490;459;496;506;509;492;471;470;474;473;476;485;484;481;473;469;468;471;474;476;476;476;471;472;467;472;470;477;479;481
374;448;384;322;400;357;330;341;471;480;463;312;477;481;469;453;485;485;477;303;471;498;500;492;487;492;486;297;491;506;510;500;489;493;487;456;497;506;502;496;472;473;476;481;485;483;482;478;465;467;470;468;475;473;474;477;477;471;466;475;477;474;475;483
364;444;394;348;363;354;341;340;468;475;446;341;437;479;482;455;489;485;475;319;488;503;501;492;486;493;482;299;488;504;505;499;491;492;489;453;500;502;503;490;474;471;477;480;479;487;482;482;473;472;470;472;474;476;476;480;472;468;469;467;475;474;478;487
375;448;404;325;384;353;344;336;464;475;456;321;487;486;478;452;487;484;484;308;490;505;505;493;489;487;486;295;485;509;502;495;488;487;489;458;499;502;501;490;477;472;471;480;484;489;479;479;470;468;468;475;474;478;476;481;466;469;472;473;472;476;479;478
371;432;393;353;389;347;332;344;467;473;462;314;441;481;486;459;486;489;483;306;490;502;508;493;486;495;488;298;482;507;505;494;489;496;483;460;497;503;504;490;472;474;474;478;480;483;479;478;470;466;472;472;477;476;479;484;468;469;467;470;473;477;474;486
357;445;406;298;366;360;352;338;466;477;472;320;445;484;487;465;488;487;483;310;483;503;502;489;490;493;488;271;492;516;499;494;490;492;495;454;494;500;505;492;472;470;472;482;476;485;488;482;467;469;472;468;474;476;475;476;465;471;470;466;474;475;481;481
363;444;395;376;372;356;348;326;459;476;452;315;466;481;486;456;490;487;491;307;476;506;505;490;487;498;471;302;487;505;505;497;489;497;487;459;495;503;499;494;472;471;470;478;482;483;482;471;471;471;472;478;476;477;477;480;481;468;470;472;473;476;480;482
371;436;396;349;372;357;338;344;465;476;462;343;466;497;473;455;489;489;483;287;484;499;501;489;485;493;488;288;496;514;511;497;489;484;489;452;504;504;502;492;473;477;471;479;483;486;485;483;468;468;475;473;479;472;482;474;473;470;469;473;472;472;470;482
382;448;388;349;395;348;334;332;468;468;464;322;460;485;486;460;482;491;467;306;492;506;501;491;492;494;493;288;492;505;505;497;489;493;485;472;503;503;505;494;469;476;475;484;484;486;482;482;472;468;468;473;475;475;476;480;471;472;468;476;473;476;476;484
368;448;402;293;386;350;331;335;472;477;468;308;474;482;483;457;491;489;486;291;492;502;506;487;489;497;472;293;506;509;506;496;491;485;492;464;501;506;507;491;469;473;476;476;478;487;481;481;468;473;471;471;476;476;482;474;475;471;472;472;473;471;478;475
359;435;384;371;354;351;344;340;468;468;467;317;453;481;473;453;485;488;469;308;497;500;502;488;488;495;481;276;490;515;504;493;490;494;493;457;500;508;505;497;469;473;476;480;483;487;489;479;473;471;470;473;478;477;480;476;470;472;469;473;471;478;475;480
366;433;388;331;384;353;354;341;460;479;471;338;482;478;476;457;485;490;471;286;478;502;503;490;486;497;492;290;494;514;508;488;489;491;491;463;501;506;507;492;467;470;477;480;481;483;486;478;470;466;467;469;472;476;476;478;465;470;466;474;474;474;475;479
374;450;390;330;387;356;348;338;472;470;456;338;449;483;474;462;489;488;489;301;474;500;501;487;490;497;485;290;485;508;508;493;490;483;496;462;501;508;506;492;477;475;474;480;486;483;486;478;468;467;469;474;476;474;477;480;467;468;473;476;470;472;476;482
363;448;377;321;372;357;344;328;463;469;467;344;457;481;478;452;482;487;492;310;488;508;504;490;490;493;488;296;494;508;507;492;492;496;487;448;495;501;508;490;470;475;470;477;479;487;487;480;468;470;470;480;473;476;479;486;473;470;472;468;473;478;477;482
377;442;379;344;363;341;345;337;463;472;454;328;455;480;474;454;481;488;492;285;491;502;501;493;488;495;489;298;489;506;506;494;488;493;503;466;498;504;504;490;469;473;474;473;483;484;483;479;473;467;474;471;473;476;480;479;476;466;467;467;471;472;475;480
372;441;395;332;368;344;346;332;463;471;484;323;449;481;480;463;482;490;475;305;492;499;505;485;488;499;486;284;498;510;507;501;493;494;495;451;496;504;509;490;475;472;480;482;480;479;482;482;468;469;470;470;476;474;480;475;475;473;470;478;467;474;475;484
360;443;392;344;363;357;348;327;459;472;484;317;447;475;482;468;488;489;478;283;481;504;503;489;488;493;484;319;491;504;503;496;489;492;492;462;499;505;505;489;473;473;478;480;479;490;484;482;472;471;466;476;477;479;481;478;469;470;469;474;473;475;480;478
368;453;389;324;377;355;346;341;460;474;463;332;439;482;475;455;485;489;484;304;498;504;499;487;488;493;486;294;507;508;505;497;487;493;492;452;504;505;506;495;472;477;475;476;482;486;491;481;473;468;471;470;473;476;479;479;469;467;472;471;468;477;482;484
349;438;387;355;388;353;346;334;463;478;467;306;448;477;471;458;484;489;471;302;483;503;504;488;488;494;490;293;497;506;507;497;491;493;487;466;503;502;510;491;472;473;478;479;478;484;482;481;466;463;469;473;475;480;476;478;468;470;469;465;472;473;472;482
376;449;382;337;363;356;352;334;469;474;458;318;444;490;485;461;485;486;480;320;485;500;505;493;489;492;496;296;482;504;499;498;487;490;484;450;500;506;510;493;469;476;473;477;483;489;480;478;471;471;471;472;475;474;480;477;470;469;470;473;474;472;478;478
369;438;395;304;391;363;346;339;456;480;467;326;448;488;481;455;487;488;475;280;474;497;504;495;489;494;487;296;496;505;509;496;487;491;484;461;492;504;506;493;471;470;476;481;477;487;482;476;463;462;471;472;478;473;475;477;469;469;470;470;473;475;477;479
377;440;385;348;375;345;343;354;467;478;452;348;461;481;483;455;490;486;476;307;497;501;503;492;490;496;471;298;497;505;508;492;489;495;489;464;495;504;504;492;471;473;473;479;479;481;484;480;469;462;474;471;473;474;478;476;472;469;467;471;472;475;476;473
362;440;392;329;388;352;343;351;463;477;450;327;456;482;476;464;486;489;492;316;476;498;502;497;487;490;490;296;496;504;505;498;489;494;497;453;497;501;503;493;469;475;476;474;481;488;485;481;470;466;469;470;478;475;480;479;468;470;467;470;467;478;477;482
364;453;382;357;381;355;353;348;473;473;460;308;467;487;482;456;489;487;489;308;478;501;503;490;490;497;486;288;499;504;505;494;491;493;494;462;500;505;502;494;472;474;469;477;482;486;481;484;471;466;471;469;473;477;477;480;473;465;467;473;470;472;480;481
374;436;363;315;374;362;347;340;469;476;462;321;462;481;478;460;487;484;473;307;505;503;504;491;487;493;491;301;503;508;505;495;490;494;486;456;495;505;503;489;473;472;472;475;478;478;483;481;464;468;471;472;473;476;474;477;470;472;469;469;469;473;474;475
372;430;382;333;372;358;350;333;474;472;458;321;448;480;477;451;486;491;486;289;481;502;503;494;490;497;489;323;483;507;504;494;489;490;488;458;509;500;509;488;472;475;474;477;476;483;482;480;473;469;471;472;474;472;476;473;472;470;468;468;473;475;479;485
362;445;404;343;381;361;349;320;469;480;449;342;448;482;481;458;486;494;484;309;476;503;505;496;487;492;489;321;494;504;504;491;487;490;487;463;499;502;504;488;473;479;474;482;476;484;481;480;469;473;472;475;479;474;473;478;469;473;469;469;472;473;477;479
370;445;397;343;375;347;348;336;455;477;458;319;474;486;488;464;485;490;483;303;492;503;506;490;491;493;469;299;498;508;506;494;491;491;489;467;498;501;505;491;474;473;471;476;482;487;488;481;472;465;475;470;473;472;475;481;472;466;465;471;473;472;473;479
366;433;385;340;369;354;344;341;470;476;451;327;466;482;474;456;485;492;473;311;484;505;506;489;489;493;488;320;498;504;501;495;489;489;489;451;499;503;504;492;468;478;477;478;479;484;481;481;471;462;468;470;472;476;475;480;471;475;470;476;473;472;475;483
358;440;417;336;386;347;337;337;459;473;454;317;463;477;478;466;484;490;484;318;491;502;505;492;489;487;488;319;474;506;504;499;491;486;488;469;502;508;506;490;472;474;476;483;482;485;483;479;468;466;471;474;472;475;479;478;469;468;472;471;473;474;472;480
372;446;388;355;391;347;341;336;463;474;472;329;440;482;483;456;488;488;485;303;490;503;507;491;488;489;478;320;477;513;503;497;489;490;491;448;495;502;506;490;472;478;473;482;481;483;483;478;468;470;470;473;475;473;480;477;471;469;468;470;475;472;478;483
361;432;391;331;371;349;341;336;468;480;465;336;453;480;486;463;486;490;467;284;490;495;505;491;486;497;490;314;497;501;507;496;486;496;487;462;499;505;504;494;470;475;474;472;483;486;484;482;470;470;468;473;477;475;477;479;475;463;466;474;474;478;477;485
372;439;393;341;378;349;346;338;463;471;459;324;444;481;479;459;490;487;483;307;491;503;507;495;486;491;499;316;487;508;503;497;494;493;492;454;499;504;501;491;471;479;475;477;479;487;481;482;469;468;469;475;475;478;477;478;466;468;470;473;474;472;479;481
362;441;385;357;380;346;333;336;465;477;457;303;465;487;480;462;488;490;475;280;481;504;502;492;491;496;480;293;495;508;505;500;488;487;492;465;501;505;507;488;471;471;472;478;478;480;482;484;464;466;469;471;474;476;480;483;470;463;468;474;474;475;478;484
370;449;396;341;378;345;346;334;471;469;472;347;469;481;473;453;488;484;480;306;483;504;509;490;490;493;484;301;500;509;507;496;487;490;493;471;500;505;508;490;472;473;478;477;482;484;484;483;469;469;470;471;477;477;477;481;467;471;469;474;469;473;475;477
373;450;392;354;380;353;346;322;470;476;482;324;481;482;472;458;487;489;474;310;491;505;506;490;490;493;494;288;482;505;504;498;486;491;486;451;497;505;504;488;468;476;465;479;482;487;485;479;468;473;470;471;474;477;472;476;467;473;467;472;471;470;482;486
369;441;391;336;363;358;333;335;465;467;468;342;449;482;480;459;487;492;482;308;462;503;507;495;488;492;495;301;498;505;505;493;491;491;493;457;501;504;502;491;469;473;480;476;478;484;484;480;470;470;467;471;474;479;479;478;470;472;466;474;468;475;480;483
376;438;386;347;381;348;339;340;470;478;456;314;446;485;478;457;489;489;484;312;467;505;507;490;486;487;492;313;501;508;503;497;484;490;492;463;497;505;505;489;471;473;471;479;481;484;481;478;472;466;472;473;478;477;480;475;465;463;468;465;473;474;479;477
375;439;390;330;383;358;331;333;468;480;465;343;444;487;474;465;487;488;481;309;488;501;503;493;487;494;492;319;489;505;505;500;491;487;492;459;500;504;505;494;476;472;466;478;485;481;481;477;469;468;475;472;474;475;476;480;468;470;471;471;475;475;479;479
366;430;393;361;362;350;341;339;463;478;475;317;468;483;480;457;483;486;482;284;473;503;504;490;486;492;474;301;479;505;506;494;492;486;495;461;502;510;505;492;470;475;474;477;483;482;481;479;465;468;475;470;474;476;471;478;469;467;468;469;473;481;476;477
381;438;392;351;373;350;353;332;467;473;446;315;464;485;477;468;487;492;474;304;482;503;503;491;486;493;471;297;495;507;504;495;490;488;493;471;501;502;508;489;471;475;475;476;481;484;485;482;462;466;471;472;478;470;480;476;473;473;466;475;469;474;477;480
364;445;398;349;363;365;349;330;471;473;445;330;463;490;478;455;484;485;467;312;488;502;501;489;477;491;490;322;496;504;509;498;487;485;488;476;495;506;508;493;474;474;474;475;479;487;480;482;470;467;469;470;479;474;479;477;470;472;467;472;469;471;473;480
371;437;395;341;374;355;338;329;468;473;465;317;477;479;476;458;492;488;488;308;467;506;506;490;489;492;493;327;497;509;506;496;489;490;487;459;496;501;505;488;469;474;473;479;477;483;480;482;470;465;467;469;476;478;476;481;477;474;471;472;467;473;480;481
364;432;389;328;377;351;330;338;465;470;462;333;458;483;476;464;486;486;488;303;494;505;505;491;488;489;483;293;480;510;507;497;492;490;491;462;499;503;502;495;467;473;474;478;477;486;487;478;469;467;468;471;477;481;479;478;470;472;469;474;468;475;480;484
365;443;384;371;378;358;347;330;468;467;472;320;487;489;476;456;485;490;473;313;472;508;506;494;492;493;483;304;492;505;504;500;488;493;487;445;498;500;504;490;470;472;472;479;479;488;484;480;471;469;475;474;476;473;476;482;471;471;471;475;469;473;476;486
375;433;387;325;358;349;344;325;476;471;457;320;453;484;483;454;486;490;489;308;500;498;506;489;488;493;490;293;499;511;505;498;489;493;496;458;500;505;506;495;469;478;472;474;481;485;487;480;469;470;471;473;479;479;480;480;466;468;468;468;469;477;475;490
368;450;388;333;368;346;338;339;466;474;463;305;491;481;480;462;485;489;485;284;499;501;503;488;487;492;493;298;499;507;504;497;493;493;491;461;500;501;504;491;471;473;479;479;481;483;484;482;467;476;468;472;476;478;478;480;471;472;466;470;471;475;481;481
367;442;392;335;380;351;344;351;467;478;455;325;476;477;470;456;488;490;478;304;488;507;502;486;487;493;489;299;499;512;501;491;488;492;491;460;503;504;505;491;472;473;475;477;479;489;485;479;473;466;470;467;472;473;478;481;471;470;467;471;470;476;479;483
362;446;401;367;384;354;344;325;461;476;477;321;477;479;483;452;488;494;480;311;496;502;502;490;489;489;480;297;496;510;501;498;492;487;489;451;497;505;504;491;470;474;480;476;482;484;482;480;467;468;473;473;475;478;479;478;467;468;474;469;471;476;471;481
366;447;394;342;371;352;343;350;466;470;475;322;444;493;480;464;490;493;484;303;473;501;504;489;489;487;473;302;478;511;503;498;491;493;487;446;501;502;506;491;471;472;473;481;481;485;482;481;465;465;470;471;473;471;478;477;473;470;467;471;470;474;481;482
362;444;393;344;387;344;350;335;467;476;479;308;457;485;485;460;487;487;474;309;489;503;504;492;489;496;487;294;500;506;503;495;486;493;484;463;496;506;505;490;475;475;477;476;480;482;484;481;470;476;467;473;474;472;477;481;468;470;467;470;468;478;474;481
372;434;408;355;358;358;342;332;463;471;462;313;476;484;479;454;486;489;469;309;497;502;506;493;490;493;491;300;491;501;504;498;491;492;488;452;503;503;507;491;469;475;475;471;483;485;484;476;470;466;471;477;477;473;474;475;467;469;468;473;473;474;474;485
389;450;386;325;373;347;351;335;470;477;457;309;456;482;484;459;488;488;473;304;472;503;504;490;486;497;492;293;489;505;506;493;486;491;490;457;501;506;505;491;471;477;478;479;483;483;480;479;469;470;466;471;476;478;474;478;470;468;469;472;474;474;478;476
355;436;382;356;347;342;344;340;469;477;456;320;441;480;480;458;486;485;482;314;475;501;503;490;490;489;487;296;481;509;505;490;488;489;494;451;500;502;504;487;469;474;474;483;482;484;482;480;468;468;472;473;478;478;480;475;467;465;468;471;475;475;480;484
366;456;379;334;360;361;337;328;468;472;460;313;445;479;479;453;485;483;482;305;487;502;505;492;485;488;476;292;493;507;504;492;489;493;486;451;503;506;505;492;473;468;475;480;486;486;481;477;469;469;466;474;477;473;479;479;469;466;469;468;465;475;475;485
373;442;386;312;378;363;346;333;466;471;461;306;449;481;470;456;487;490;472;303;477;502;503;492;488;491;475;331;501;504;504;498;486;491;483;467;497;507;506;492;471;478;481;477;474;484;484;483;470;467;472;471;473;478;476;478;471;469;469;474;472;473;476;489
356;445;396;327;385;356;344;340;466;471;446;350;451;493;473;457;485;490;475;316;487;503;504;489;485;493;490;299;507;507;502;495;487;493;484;473;499;506;510;496;473;476;483;475;477;488;484;478;469;469;469;472;473;475;477;475;466;464;471;468;475;473;475;474
377;443;399;344;382;350;347;330;459;467;475;320;442;485;472;451;490;486;477;319;487;500;503;488;489;493;491;320;490;507;500;497;488;492;492;455;497;503;510;486;469;472;474;481;481;486;483;483;469;465;474;470;473;477;475;480;470;465;464;470;467;478;480;476
375;434;387;341;389;355;343;346;458;477;468;353;457;486;477;453;487;491;479;288;467;503;501;492;485;492;498;279;509;509;506;497;489;490;495;460;496;501;501;492;475;475;475;479;480;488;484;481;472;468;468;475;479;477;478;480;469;466;472;471;471;472;475;481
371;434;407;346;365;354;339;337;471;470;461;311;449;483;473;457;485;487;484;312;487;503;504;493;491;492;485;295;491;510;511;494;490;493;497;468;505;504;506;490;470;473;473;475;482;486;482;479;468;469;466;472;474;479;478;482;468;468;469;472;475;476;473;478
375;445;375;337;379;344;350;328;475;477;480;317;460;485;483;466;487;487;480;317;490;503;501;490;492;495;489;318;507;506;506;499;489;491;495;459;495;504;506;488;471;473;473;474;480;485;484;481;467;469;470;470;477;473;479;476;466;469;470;469;470;473;476;484
362;442;386;330;371;348;333;336;474;477;458;352;476;483;473;459;487;487;483;321;467;505;507;494;489;497;494;319;492;510;508;500;492;490;489;448;500;503;503;494;471;471;477;478;481;485;483;476;473;467;474;473;474;475;475;474;473;475;463;473;473;479;476;483
351;440;390;332;388;356;350;315;474;475;453;334;464;483;488;459;489;490;472;300;494;500;504;492;488;496;495;300;506;503;507;498;488;493;492;452;498;503;505;494;470;477;475;479;485;487;482;474;466;469;469;475;475;467;473;481;469;474;465;475;471;472;473;480
380;438;390;336;383;345;344;342;469;482;472;323;446;483;477;459;485;490;470;309;497;507;507;487;486;493;492;308;494;510;505;494;490;492;491;463;498;509;513;494;468;472;470;475;477;485;480;479;473;472;469;475;476;475;478;474;469;466;469;475;473;471;473;480
373;439;379;354;381;343;345;334;463;474;462;320;462;488;480;464;487;487;467;305;490;505;506;491;486;494;486;294;491;511;506;494;490;489;495;463;501;503;505;489;472;470;470;477;483;483;481;480;470;466;473;468;475;477;481;476;471;469;469;471;476;478;479;480
360;448;372;323;370;359;344;325;470;473;475;321;447;482;479;453;481;486;472;302;488;500;503;493;483;495;498;304;496;508;502;494;491;494;478;458;503;504;505;491;466;482;479;477;480;487;483;482;473;462;472;468;472;474;471;475;471;469;467;470;468;475;477;488
355;443;388;345;368;353;348;341;466;471;453;337;471;490;477;453;484;491;479;299;482;503;502;491;488;492;497;292;491;508;502;495;489;493;491;464;500;507;508;492;472;472;474;483;482;488;483;480;465;469;470;469;475;475;477;478;474;468;466;469;474;473;475;481
383;456;392;331;377;353;347;345;471;466;459;354;439;483;479;460;489;489;476;303;487;500;501;492;488;491;487;297;494;505;503;495;488;491;490;459;498;503;509;494;473;474;479;480;481;485;483;481;469;469;474;470;474;476;476;478;474;471;470;465;469;473;479;479
366;442;382;336;362;354;348;341;465;475;458;324;449;480;478;456;487;490;486;315;463;500;503;494;487;496;503;296;506;504;505;497;490;488;486;458;503;502;507;490;468;472;475;482;480;480;480;479;469;475;471;469;473;479;475;484;469;470;471;472;474;473;478;483
357;431;387;327;391;358;342;355;463;472;469;319;458;484;480;459;488;489;470;309;481;500;500;488;483;494;491;318;494;510;502;494;488;493;495;464;499;506;504;492;471;473;475;476;484;489;483;480;473;469;471;468;479;474;482;475;470;469;469;472;469;474;477;481
368;438;402;344;373;355;346;327;468;466;458;304;462;482;484;462;484;490;468;308;473;500;505;487;487;496;485;293;495;507;504;496;488;493;495;455;500;507;504;494;477;474;473;480;485;487;483;481;467;468;469;466;476;476;477;477;465;472;467;469;469;474;476;480
374;440;388;332;374;345;348;338;467;480;463;360;463;480;473;456;483;488;476;301;477;504;502;488;485;494;493;296;504;511;504;499;488;490;489;460;502;501;505;488;470;477;478;474;482;489;484;480;467;467;475;469;475;474;477;475;470;472;466;469;471;479;478;481
387;441;386;347;365;349;351;335;472;479;470;317;436;480;480;462;484;486;478;304;476;501;502;489;483;492;493;294;502;509;505;494;488;491;487;474;498;502;509;489;470;474;478;477;479;485;484;477;468;469;470;474;474;474;482;478;480;471;468;470;473;473;478;475
373;441;372;344;366;357;355;346;478;479;475;312;449;491;473;460;483;488;484;311;475;504;506;490;483;500;483;298;503;510;504;495;491;490;493;444;499;504;508;494;469;470;475;483;484;488;490;479;475;471;478;468;474;474;479;480;472;468;469;469;472;475;476;482
362;455;379;335;360;353;332;344;465;480;467;313;473;484;482;455;487;486;488;309;490;505;503;489;488;494;479;317;499;509;497;500;484;494;487;452;502;504;504;489;472;474;477;483;483;482;486;482;470;471;465;469;475;480;473;479;473;468;465;470;469;476;479;479
368;450;395;342;368;352;343;335;472;468;457;333;459;482;481;460;485;487;468;281;500;503;503;492;489;492;485;307;480;510;506;492;486;493;484;473;498;504;507;490;470;472;481;476;479;487;484;482;471;470;467;470;472;474;480;478;471;474;469;470;475;476;475;482
365;441;396;338;392;353;351;343;465;477;450;320;455;493;475;454;489;484;472;317;470;507;503;489;489;487;488;296;505;509;503;496;490;496;490;457;499;507;506;488;473;473;476;481;482;484;483;478;469;466;474;472;473;472;474;476;471;470;468;474;471;471;476;480
377;432;386;308;369;351;346;339;467;478;468;324;449;481;481;464;488;487;467;299;473;504;504;491;489;496;474;294;491;505;501;495;490;494;489;467;497;503;506;494;468;474;471;478;480;485;484;483;474;467;472;473;476;473;479;478;469;472;467;472;472;475;477;482
377;451;381;330;353;348;341;333;470;470;467;322;456;482;478;455;485;486;484;315;489;504;502;492;488;493;478;297;489;507;503;494;487;492;490;457;501;502;506;489;472;474;473;477;478;482;482;483;468;469;469;470;474;478;473;481;471;475;466;475;465;476;479;480
371;440;387;322;388;361;347;338;460;480;474;338;450;489;470;466;486;489;490;307;492;503;502;495;488;496;474;322;490;506;504;494;488;491;487;467;493;507;502;481;472;476;474;472;481;483;486;477;469;468;469;475;474;475;476;478;469;463;471;464;474;475;472;485
373;440;381;328;373;350;354;330;465;469;471;349;459;480;480;461;487;486;485;306;472;505;502;491;490;491;488;286;501;513;506;496;492;491;485;449;495;504;508;490;476;473;477;479;481;485;485;481;466;467;471;473;477;471;476;478;468;468;471;468;473;480;478;482
389;435;382;360;371;358;351;338;472;477;453;354;475;489;474;461;486;490;475;307;488;502;500;488;488;488;495;322;500;510;505;498;489;492;492;472;495;505;504;493;476;473;467;477;484;482;482;479;470;472;468;473;479;477;478;477;471;466;465;467;471;476;478;484
365;436;383;341;380;357;339;335;465;471;459;314;440;480;483;451;484;492;487;302;484;498;508;493;487;491;486;303;491;507;505;495;489;495;490;469;497;504;505;492;475;474;473;479;481;481;488;481;468;471;468;471;478;475;477;479;471;468;468;468;473;472;480;482
374;446;383;340;363;345;353;342;468;473;474;343;447;479;486;454;488;490;479;316;476;503;501;491;484;493;481;297;493;513;512;493;483;488;488;449;499;501;506;492;472;470;479;471;479;486;481;481;470;466;476;468;477;480;476;480;471;469;472;471;469;473;481;483
375;448;376;331;382;347;341;343;469;473;475;345;461;482;481;462;485;489;479;308;495;502;503;494;487;493;486;306;502;504;499;492;489;492;493;457;498;500;504;492;476;470;472;476;484;484;483;481;473;469;465;477;473;475;479;483;470;474;465;471;469;474;473;481
350;448;371;324;378;348;343;342;463;466;467;317;455;481;475;456;488;488;489;307;484;501;502;488;487;495;492;319;509;510;501;496;488;495;490;453;497;505;505;489;470;473;473;479;479;486;486;479;465;470;472;473;478;474;475;478;471;466;467;468;473;474;478;479
357;441;379;327;366;355;343;340;463;471;454;339;481;490;483;463;486;491;479;314;478;503;504;493;487;491;491;297;500;504;506;497;491;490;485;454;499;508;505;488;471;476;476;481;480;486;485;480;465;469;467;472;474;473;481;479;467;466;469;467;471;470;475;484
373;436;380;329;355;351;336;339;466;464;463;345;466;476;483;454;488;490;475;312;481;499;502;492;488;493;478;322;478;510;501;493;487;490;484;443;497;503;505;491;471;473;473;476;485;482;482;476;469;471;469;469;473;475;476;478;467;470;468;469;474;474;476;479
366;440;388;325;367;359;347;330;462;474;452;324;454;479;475;451;490;483;488;317;497;503;504;491;490;494;495;282;498;504;501;497;490;492;483;457;494;505;507;494;476;470;479;480;484;485;483;478;470;470;470;474;474;473;476;480;472;470;466;469;478;471;472;482
367;454;384;355;385;344;353;333;470;479;462;341;440;488;471;457;489;490;492;295;485;502;502;492;487;498;488;317;496;507;505;499;488;491;488;458;502;503;504;490;473;473;476;477;479;485;483;480;465;469;465;469;472;477;477;480;469;468;464;468;466;471;476;486
368;437;380;332;363;358;347;340;473;473;468;309;479;484;473;459;487;489;469;308;493;501;506;495;491;496;496;290;491;505;507;494;489;489;490;462;500;503;501;495;471;474;476;475;481;489;481;482;472;467;472;469;473;474;477;476;467;470;467;473;472;474;475;480
371;449;392;310;356;332;343;348;465;470;446;327;454;482;478;453;490;488;496;315;492;502;502;493;490;493;496;294;484;507;503;496;481;490;491;472;492;502;501;491;471;468;475;480;482;484;483;481;468;470;471;471;470;481;477;476;469;472;468;469;469;475;476;481
371;452;380;370;354;352;338;341;456;476;442;346;451;484;480;454;483;490;479;281;483;507;504;487;488;496;478;300;502;503;500;497;488;492;485;460;500;502;508;495;474;475;477;475;484;484;487;482;470;467;467;471;478;475;480;482;470;466;473;471;471;475;475;487
381;446;381;320;374;348;350;346;465;474;465;321;475;490;482;458;485;490;470;306;485;502;502;489;488;494;491;293;495;511;507;497;488;492;482;459;500;501;506;490;474;473;471;478;481;484;482;482;464;473;470;474;474;476;479;477;472;468;466;475;471;470;477;481
364;436;390;352;366;341;344;350;471;475;464;314;441;492;480;460;485;487;487;302;484;502;502;487;490;490;481;307;474;508;508;498;489;490;487;459;502;507;504;487;478;477;471;476;480;484;482;481;470;468;467;474;474;476;480;476;470;467;468;474;474;477;476;479
360;438;388;330;387;341;349;351;468;480;470;307;462;480;483;461;482;488;480;318;489;507;500;492;489;494;487;319;498;503;504;494;489;499;498;461;497;504;499;493;475;476;481;479;482;484;484;477;470;466;472;472;476;478;473;479;471;467;467;469;473;473;478;489
366;440;384;337;374;357;348;325;465;476;457;323;461;481;481;460;484;490;459;305;478;502;501;490;492;498;492;311;490;505;506;498;490;495;488;459;497;502;509;491;478;471;478;479;482;482;482;481;465;469;471;470;476;475;481;477;473;472;468;465;472;474;478;480
372;449;409;327;396;354;350;334;469;475;460;325;463;489;469;463;486;488;469;315;486;497;509;489;484;498;498;311;495;509;506;492;488;497;487;453;504;504;506;489;469;474;476;481;476;481;479;483;470;468;468;474;478;474;476;478;469;470;471;470;469;474;473;480
394;450;398;354;367;350;344;337;466;468;471;311;446;487;477;460;485;488;473;286;491;508;503;491;489;493;484;286;495;508;510;495;491;491;489;458;496;503;510;492;472;471;478;477;486;484;488;476;471;467;469;470;474;477;474;482;472;469;470;471;469;477;479;484
364;442;388;326;374;343;349;342;471;474;460;326;454;488;480;455;489;492;486;308;492;503;505;492;487;500;490;313;496;503;506;495;487;496;491;462;501;503;506;491;471;477;475;476;480;485;482;482;467;470;477;473;476;471;475;477;471;471;465;473;471;476;476;476
356;448;382;359;368;354;347;340;467;469;449;309;454;479;470;460;485;491;472;284;490;501;503;485;490;500;498;291;503;508;504;500;489;487;489;457;501;508;504;490;470;471;477;473;479;480;484;480;476;464;470;475;476;479;479;478;472;473;469;471;469;474;479;483
373;437;391;337;382;346;335;333;468;477;460;324;458;488;475;460;491;491;474;328;485;498;505;494;487;490;489;322;494;506;510;493;489;488;491;457;500;505;503;489;468;479;475;480;484;483;483;480;468;468;472;467;475;478;480;482;469;468;467;470;468;473;478;475
371;440;392;331;364;348;338;340;465;474;450;329;448;493;483;458;486;489;471;310;463;495;503;493;490;491;477;323;475;503;507;502;489;493;497;460;496;500;508;489;474;471;472;474;484;489;483;479;465;471;472;471;479;477;478;473;470;475;467;470;470;472;476;481
372;451;404;340;370;357;345;334;469;465;461;341;465;483;479;458;484;489;471;309;483;503;505;494;488;493;475;318;476;504;505;498;494;489;493;456;499;502;503;490;469;472;480;477;482;478;488;483;463;464;465;472;479;475;478;480;467;469;471;471;470;474;476;478