411;471;450;476;483;455;443;460;499;503;504;496;500;504;501;507;502;506;511;268;461;514;515;512;507;515;522;269;442;516;520;519;512;511;519;503;512;515;515;513;518;505;509;282;391;509;511;516;509;506;506;487;476;506;511;509;625;553;537;523;543;552;550;650
413;452;443;469;487;435;437;448;499;505;504;505;504;498;509;504;506;505;507;297;462;510;511;517;506;519;516;267;369;517;517;516;509;512;512;506;521;514;513;511;514;505;502;276;386;500;505;506;510;504;497;423;475;507;513;509;624;550;531;519;531;554;563;643
439;458;450;464;485;443;438;439;497;499;506;514;511;502;504;504;500;507;518;268;474;509;514;513;509;513;516;272;382;521;512;512;506;510;501;502;514;509;510;510;511;512;500;278;363;506;510;506;512;508;507;407;497;506;511;505;618;567;533;531;545;540;538;625
429;466;447;457;469;449;446;430;499;499;505;499;506;506;508;505;504;508;516;311;466;515;508;513;512;515;522;271;384;521;513;512;507;511;519;498;517;509;508;516;515;508;502;284;361;506;506;508;509;509;511;420;483;509;504;514;553;541;527;535;547;537;571;623
418;463;451;458;483;450;457;448;492;504;507;489;502;506;506;504;503;511;522;292;475;514;510;515;506;510;508;271;376;518;516;510;512;508;512;502;510;509;511;505;508;508;493;300;386;507;507;509;515;510;501;442;484;512;506;516;620;565;545;525;541;552;566;638
412;465;451;475;448;454;449;456;496;501;505;502;501;503;508;502;507;506;519;272;469;512;511;512;504;509;514;272;365;520;517;515;509;507;509;504;516;516;507;507;507;506;503;306;392;509;501;512;513;507;506;422;490;505;512;499;535;556;527;530;533;545;562;696
433;459;445;453;453;457;469;435;489;504;512;503;501;509;508;501;505;510;516;274;461;509;512;507;507;507;521;267;490;515;506;510;506;509;504;508;510;507;515;508;506;501;509;304;393;506;507;511;505;508;507;381;485;508;503;512;621;558;533;520;540;555;582;644
402;448;452;470;467;452;442;432;490;505;504;531;499;505;497;503;505;509;508;257;481;509;509;510;507;515;513;277;374;529;516;515;511;503;514;510;525;510;518;519;508;514;507;288;384;512;508;499;513;510;510;429;480;501;499;514;610;545;532;536;539;537;556;645
416;463;447;475;477;448;445;445;500;496;509;493;506;504;508;507;503;512;520;268;465;516;509;513;509;512;514;260;493;521;514;513;506;509;510;501;517;512;512;508;509;507;495;306;387;511;502;505;504;504;511;419;490;509;511;510;626;553;534;515;535;553;568;641
417;451;473;477;473;450;465;429;503;497;510;521;512;505;497;507;507;509;518;274;459;511;513;512;510;512;518;309;417;523;521;519;509;519;517;511;513;516;513;509;512;501;502;293;375;510;501;514;512;505;502;377;494;500;509;511;602;542;526;526;536;557;563;726
417;451;449;438;494;444;443;443;498;500;510;511;510;502;501;501;507;505;514;276;454;509;510;513;510;510;520;268;376;515;514;515;512;506;505;513;515;509;513;506;508;501;502;303;361;508;504;507;512;502;505;367;491;510;503;511;541;549;536;536;549;544;560;627
416;453;461;515;462;454;457;452;494;495;516;497;503;500;505;506;505;499;508;302;455;511;515;511;514;512;516;277;493;518;513;518;513;508;514;511;513;513;516;513;508;501;502;277;389;511;502;511;516;506;506;425;486;501;509;516;626;556;530;520;542;548;554;705
428;473;488;494;492;454;443;443;496;494;511;535;507;506;504;504;505;510;517;265;469;516;508;509;505;512;517;287;412;517;512;518;512;510;512;490;510;518;510;509;512;510;496;295;384;508;512;504;516;510;500;377;493;511;512;511;548;551;525;533;535;550;554;655
421;452;470;486;454;454;449;450;501;505;512;514;514;501;500;508;504;509;516;269;461;519;514;505;510;520;525;264;427;521;520;521;506;506;510;501;506;504;508;513;509;501;509;296;395;507;506;513;512;505;504;362;492;505;513;504;620;539;549;528;537;551;571;616
424;463;474;474;484;446;452;436;494;506;502;489;510;501;504;507;505;504;508;272;514;510;514;518;508;511;521;263;494;516;510;516;507;511;509;502;513;506;520;511;512;509;504;300;354;499;506;505;506;506;502;369;492;511;507;509;690;559;533;522;534;555;578;690
433;461;458;452;478;453;461;435;497;497;510;503;495;502;495;504;500;511;507;275;428;519;511;508;508;520;518;264;382;514;518;519;506;505;514;498;509;514;512;508;506;503;498;305;352;508;510;518;507;507;502;370;498;504;509;505;608;556;522;508;539;555;539;636
414;465;457;477;494;456;438;443;497;502;505;510;503;504;504;502;506;510;518;317;470;517;512;510;504;510;526;266;374;523;514;514;510;515;509;496;511;512;513;509;505;509;500;302;387;504;510;510;507;506;512;421;481;509;508;506;623;551;539;524;540;561;568;629
427;457;475;467;473;454;440;454;503;500;503;495;515;509;505;505;503;514;511;273;467;514;515;518;507;516;514;270;427;514;516;512;504;513;507;503;505;506;508;513;511;505;507;300;384;510;506;510;506;510;509;434;485;506;503;514;613;551;535;532;536;550;578;562
428;448;458;497;482;454;436;443;496;501;502;494;492;512;505;501;502;516;513;270;469;512;509;513;502;513;517;273;430;520;517;522;509;509;506;527;515;511;513;510;512;509;503;300;387;509;506;504;509;508;509;416;475;508;508;504;531;562;536;529;536;554;562;650
432;457;458;476;480;452;432;444;494;499;501;499;506;505;508;504;505;510;515;275;469;514;511;511;509;515;523;269;422;516;511;516;508;503;512;500;525;512;517;512;514;510;496;306;398;514;508;506;521;506;513;380;487;511;509;509;618;557;521;521;548;548;576;642
434;462;460;454;489;458;442;432;498;497;508;501;507;502;504;514;506;503;506;311;456;514;510;512;513;516;516;275;356;518;521;519;508;515;507;506;512;512;515;514;514;503;511;305;388;508;507;510;513;504;505;417;485;501;507;511;619;558;531;528;523;555;562;726
431;454;450;500;465;450;451;438;498;508;507;508;509;506;499;504;507;509;516;317;409;511;502;515;508;515;527;269;350;522;507;518;504;511;508;511;511;512;511;512;508;506;498;306;356;507;514;510;514;508;508;373;485;509;510;516;639;548;534;537;527;549;576;636
420;460;454;451;482;448;444;461;497;505;511;491;499;502;501;505;507;510;512;277;453;513;510;504;506;516;519;277;414;518;508;517;502;510;513;508;516;514;506;510;510;505;500;302;393;508;508;510;512;501;507;423;481;504;508;508;620;546;533;537;544;545;565;641
438;465;455;454;471;441;441;458;499;504;504;474;503;502;499;509;507;510;515;280;469;512;512;509;505;504;522;272;433;518;513;516;512;508;509;503;515;509;515;505;509;509;505;306;361;511;506;510;510;510;513;425;484;516;509;520;582;547;525;529;543;545;582;653
426;451;464;459;477;457;446;446;496;504;510;485;519;513;505;506;506;511;514;282;486;512;511;510;507;513;521;276;428;520;508;515;511;503;502;519;512;513;509;508;515;504;505;303;392;507;508;507;513;508;515;485;476;506;510;512;584;574;536;539;535;551;566;657
425;450;456;490;482;442;446;460;498;501;497;495;516;505;503;505;509;513;512;266;471;509;514;516;504;507;514;265;388;518;508;516;510;515;515;516;513;512;512;511;509;507;503;306;395;510;504;512;517;509;502;382;474;512;503;507;586;562;531;535;533;545;587;620
419;456;462;454;482;450;451;442;500;505;505;501;516;507;506;504;504;508;507;291;468;510;508;516;507;510;519;275;383;518;505;513;508;515;503;506;512;514;512;512;520;508;498;306;383;510;511;512;506;507;503;370;483;509;510;513;600;572;532;521;524;552;564;663
440;466;442;489;477;472;445;447;494;495;506;505;508;507;503;506;497;506;511;286;460;509;513;508;506;512;526;279;427;509;513;515;509;510;513;497;510;511;509;509;511;507;509;298;350;515;505;514;508;505;512;425;488;508;509;514;562;559;531;523;534;545;562;670
421;457;461;510;462;461;439;439;485;505;502;507;516;508;503;505;505;512;514;310;414;510;511;511;514;512;516;315;436;513;510;515;510;510;513;507;530;511;509;503;507;512;498;299;394;512;507;517;508;495;511;435;478;509;507;516;607;555;531;535;543;549;560;563
412;455;456;455;446;449;467;432;493;508;511;499;513;500;499;503;500;511;522;272;410;514;511;512;509;511;523;267;389;512;522;509;511;510;510;510;512;517;514;507;511;508;501;301;389;509;506;513;512;508;516;434;482;502;506;513;590;556;537;531;542;534;581;647
415;448;445;461;461;444;450;457;497;498;508;500;494;502;502;506;508;507;517;266;462;512;510;509;507;511;518;268;385;519;518;510;511;506;511;520;507;514;512;507;509;499;503;298;362;504;509;510;507;508;505;367;494;506;508;509;541;550;520;521;536;552;580;619
425;457;452;448;489;454;452;466;491;500;506;486;519;498;506;503;508;504;512;320;471;509;509;504;508;509;521;269;432;522;515;512;506;509;506;501;524;510;513;513;504;506;506;304;391;504;507;503;507;507;504;420;481;507;510;506;610;548;526;537;543;538;567;650
424;455;455;491;485;451;438;433;495;496;503;510;507;506;507;500;503;510;514;277;463;514;508;511;511;514;517;269;427;518;513;514;505;514;509;500;518;509;511;510;503;510;504;296;394;512;506;504;517;504;505;368;485;503;504;515;608;562;549;534;543;549;579;568
433;463;464;461;464;446;438;432;498;496;509;503;499;499;495;503;505;515;515;313;479;512;510;512;506;514;516;268;412;515;508;513;510;504;506;514;508;515;507;511;509;507;503;277;397;510;506;505;513;512;509;421;485;506;504;516;562;551;528;520;537;556;559;688
415;460;472;474;472;439;458;452;498;507;508;504;508;504;504;503;505;505;518;274;472;517;511;512;505;511;520;274;428;515;516;515;504;510;511;518;512;512;515;511;510;510;500;299;394;513;511;509;511;510;506;420;488;514;514;506;630;542;541;532;556;545;531;583
432;465;459;482;476;449;441;441;497;499;511;511;504;507;502;510;514;509;518;312;471;511;516;517;505;513;511;271;426;521;512;510;513;514;505;502;508;510;512;511;513;511;504;296;398;509;504;505;514;500;505;421;480;509;512;502;555;548;522;518;549;545;574;726
420;454;475;466;487;448;439;452;496;501;504;507;501;508;506;503;504;500;516;269;508;521;515;514;504;516;520;268;425;519;512;525;509;510;517;511;516;513;510;509;510;505;504;287;359;511;509;513;517;500;507;381;490;506;512;518;623;559;545;519;547;541;551;714
419;443;458;492;483;456;445;423;495;494;504;496;511;511;499;505;502;506;513;272;459;512;510;514;508;513;510;278;431;517;514;514;506;517;516;507;507;513;516;510;509;503;512;304;392;513;497;515;512;503;509;371;485;506;502;509;626;555;512;537;530;550;558;635
425;452;459;455;467;457;445;440;497;500;500;500;522;509;510;506;501;511;514;267;458;520;510;512;502;516;517;273;418;516;516;517;503;503;515;501;512;511;515;515;510;504;508;271;378;503;505;514;507;513;507;421;493;506;512;508;621;543;531;515;540;514;559;625
425;465;449;476;488;447;454;435;494;501;506;497;510;499;497;498;500;511;509;311;467;510;510;512;506;509;517;276;380;514;520;517;507;513;516;516;519;512;517;509;511;512;493;303;358;499;506;512;518;506;499;374;490;511;509;509;675;550;547;526;544;554;568;644
441;464;460;455;460;449;439;438;495;505;507;513;514;500;508;505;504;506;518;311;469;511;508;512;508;518;522;274;385;526;517;511;510;511;513;515;516;511;506;509;504;512;499;302;379;511;506;517;506;502;511;366;475;508;506;512;589;565;537;526;540;544;565;700
420;444;447;490;455;461;443;462;495;499;510;497;511;506;503;503;505;506;522;309;463;510;504;509;506;513;514;279;429;517;513;511;510;512;509;500;514;513;509;509;503;507;502;300;391;508;514;509;512;512;503;370;490;506;507;511;606;567;539;533;540;552;581;548
434;463;449;462;470;462;451;433;492;497;505;502;501;503;501;508;504;507;515;267;452;511;509;506;511;506;519;271;437;517;511;517;511;506;504;511;508;506;511;514;513;506;500;299;386;510;509;507;517;508;497;411;481;500;514;506;618;559;533;529;544;539;580;689
424;460;450;483;495;442;446;464;497;499;501;511;510;503;505;504;503;508;514;275;471;513;504;517;506;512;517;265;426;517;514;507;509;511;516;497;514;510;512;511;508;504;501;311;394;506;510;512;510;506;508;366;495;506;506;510;644;567;533;525;546;552;561;636
468;459;468;483;466;443;435;459;499;497;501;514;504;501;504;509;504;507;516;318;463;515;514;512;505;508;516;270;425;521;508;515;515;512;513;507;522;508;512;507;504;506;501;301;397;504;506;505;507;505;497;372;494;505;507;519;607;514;535;536;533;552;581;652
433;455;463;486;456;453;437;445;503;497;503;503;500;505;497;502;499;512;518;269;484;514;515;512;501;514;520;267;419;520;514;518;512;513;509;509;515;513;513;518;505;513;498;278;382;502;507;508;513;512;497;371;501;517;504;506;654;547;542;523;530;542;573;646
422;451;477;487;495;452;446;430;497;504;504;509;505;515;504;502;505;509;514;306;395;513;511;513;508;510;518;277;439;523;518;518;509;515;508;512;514;509;513;513;506;504;503;307;358;506;517;514;511;506;505;360;484;506;507;509;592;549;527;512;545;556;568;640
442;448;455;457;472;441;448;444;495;498;510;510;498;505;501;503;506;507;514;274;471;515;517;509;508;509;517;273;426;525;509;520;513;519;517;504;516;518;518;518;514;508;496;305;390;513;515;503;516;503;512;423;496;504;507;515;588;558;521;519;538;545;561;599
419;457;449;491;475;462;436;424;493;500;508;500;513;508;502;504;502;510;516;272;470;512;515;517;504;513;517;270;429;525;515;516;506;509;513;519;508;513;513;505;514;510;502;276;356;507;498;506;509;513;506;379;483;508;511;514;618;552;536;525;541;553;563;657
436;461;460;447;473;448;456;445;496;499;505;500;506;506;504;506;512;513;517;313;471;516;514;511;505;510;522;266;434;521;510;521;512;507;510;506;508;506;513;511;511;505;503;302;365;503;507;515;510;514;504;370;485;506;502;511;542;560;521;532;536;546;552;628
448;463;455;472;476;444;443;424;494;501;504;494;521;510;497;501;504;510;512;268;395;510;516;507;510;515;519;272;421;514;513;512;511;513;510;517;513;505;510;509;507;505;499;298;386;512;507;510;508;507;501;428;473;501;505;506;559;548;539;521;541;548;566;584
419;460;443;476;473;452;453;430;497;503;502;507;516;510;501;503;506;513;522;301;458;510;514;513;507;512;520;274;365;522;516;519;511;512;510;516;515;516;513;504;516;506;496;273;384;504;507;506;513;520;509;368;481;506;513;511;610;553;542;530;542;544;588;641
422;459;471;463;494;458;435;461;496;497;510;517;504;504;499;510;509;508;513;267;473;513;512;517;501;515;520;272;496;525;520;519;511;510;510;505;518;505;510;511;516;504;500;301;361;513;506;509;504;511;503;428;486;505;508;504;598;537;532;535;537;551;580;689
424;469;457;473;495;443;439;464;492;498;504;516;505;512;504;507;499;505;524;305;476;511;515;515;507;510;518;267;488;520;513;521;510;509;508;492;521;504;506;513;507;502;496;298;361;505;507;511;515;510;505;377;487;497;501;514;622;547;542;523;525;543;583;667
433;447;458;495;474;446;435;460;496;502;508;496;511;506;500;500;502;512;514;275;466;511;509;509;513;517;515;270;376;515;520;520;509;515;513;506;509;510;512;503;511;503;497;302;398;506;507;513;508;506;505;426;478;501;512;505;551;551;535;517;533;537;588;631
424;448;476;476;469;456;454;439;503;493;504;503;520;504;503;506;507;509;516;279;475;516;513;511;507;512;518;266;421;518;524;513;510;514;514;515;510;511;514;511;510;506;499;267;383;514;508;514;513;510;510;417;483;509;509;509;602;559;533;523;541;557;563;670
411;459;451;460;461;448;445;456;499;500;501;499;513;504;497;504;505;510;516;309;456;518;515;508;503;506;518;265;372;517;513;518;511;510;512;510;514;507;507;514;511;500;507;298;380;510;506;501;512;505;506;423;488;502;508;512;549;550;537;535;537;553;563;565
422;463;461;449;490;463;441;452;493;498;512;499;511;507;506;507;509;515;518;268;476;516;513;516;505;513;522;265;382;517;514;513;505;509;516;507;519;511;513;511;506;504;497;303;388;504;515;505;517;511;507;428;488;506;506;509;618;560;539;529;531;542;555;600
422;470;482;431;498;457;446;451;490;500;510;506;513;504;498;506;507;506;513;273;473;518;515;518;503;514;519;269;383;521;512;518;509;508;517;500;513;513;510;508;512;498;505;271;392;512;510;514;510;513;506;373;502;514;511;504;573;553;526;525;543;544;564;705
437;465;458;456;479;447;449;452;501;504;505;487;506;501;503;505;501;502;517;266;459;516;515;510;509;516;527;318;423;524;517;518;510;512;513;510;515;504;513;509;509;507;500;306;392;510;506;503;512;509;512;419;470;508;508;516;628;547;542;525;546;549;567;642
416;471;455;465;478;456;438;462;501;503;513;501;506;500;500;503;505;510;512;308;464;515;506;511;508;516;523;273;377;523;510;513;508;505;508;506;508;513;511;516;508;508;494;297;359;501;507;503;514;506;505;374;474;505;508;515;612;549;537;528;534;538;564;645
411;469;462;442;456;442;432;441;497;499;501;499;505;501;505;509;503;509;520;266;453;510;514;507;512;522;511;311;354;519;512;512;511;507;515;508;514;507;512;515;504;512;502;305;385;508;510;513;513;505;514;370;491;506;512;509;548;554;534;524;535;541;560;539
415;449;444;493;454;455;444;464;495;497;508;500;532;506;500;511;506;505;518;311;453;512;515;509;508;516;519;275;374;519;511;517;510;513;512;503;516;507;514;515;508;512;506;309;388;506;510;500;509;510;500;366;487;504;509;506;601;565;534;525;538;536;570;597
402;452;462;445;479;448;480;437;505;500;515;501;502;508;503;509;509;504;516;276;475;515;517;511;503;512;521;265;450;519;515;519;507;510;513;514;505;504;515;505;512;506;510;292;359;512;506;510;511;507;506;417;496;509;502;505;609;561;532;530;538;545;589;721
423;453;452;470;496;445;441;437;494;497;506;509;506;505;503;500;508;502;515;276;464;516;512;506;510;512;520;265;355;518;514;518;506;511;514;505;507;512;517;514;509;508;503;275;386;507;512;509;511;510;506;425;481;504;508;511;605;556;526;515;532;542;579;648
440;447;452;443;484;460;438;456;485;500;503;520;515;505;504;502;505;506;509;272;457;511;520;517;512;510;515;311;366;517;509;511;505;511;505;498;518;513;508;510;509;508;501;306;359;512;505;511;517;505;512;365;479;503;510;514;610;546;533;526;553;545;563;723
420;472;461;458;477;450;467;444;497;501;502;486;513;506;504;503;505;504;523;275;463;512;511;512;504;513;520;269;424;517;518;515;512;505;513;513;509;507;510;512;510;509;501;299;393;502;510;505;510;500;506;375;476;506;512;502;617;555;530;522;528;553;561;628
422;456;463;457;496;437;437;439;490;499;497;497;508;503;505;504;505;510;522;269;459;515;513;512;506;512;520;264;383;522;523;517;507;511;507;505;514;510;513;512;512;511;504;302;394;503;504;508;513;503;506;428;491;513;510;515;651;558;543;528;540;543;573;647
420;444;463;463;494;450;436;461;489;498;509;512;503;506;508;507;505;509;518;271;489;510;508;509;504;515;519;271;428;518;511;517;519;512;508;500;518;507;508;510;507;508;500;283;362;502;515;512;519;506;502;373;474;511;510;514;605;560;545;529;542;545;584;571
412;445;457;469;480;450;441;443;492;500;500;490;513;507;506;504;509;502;512;313;476;513;513;516;508;514;517;277;487;515;512;514;521;512;504;504;515;507;509;510;505;505;504;296;396;510;508;511;510;508;506;421;489;508;509;510;602;546;527;536;536;550;577;667
424;462;480;459;495;448;440;439;499;503;511;529;519;505;502;504;502;507;516;263;474;510;514;514;510;511;522;263;363;521;506;516;508;513;515;494;523;503;515;512;513;510;504;276;388;507;508;511;504;508;507;371;488;506;504;508;608;553;541;530;538;547;575;635
410;445;444;466;472;444;449;445;493;499;506;487;509;501;505;503;506;506;517;279;479;508;517;513;511;517;524;264;498;516;511;515;511;508;511;508;508;514;515;513;510;505;508;307;397;510;501;502;511;514;502;376;480;505;506;511;552;557;536;536;518;543;583;569
410;467;453;478;477;455;452;455;493;496;504;500;505;502;495;504;506;513;520;269;501;507;513;513;504;513;519;268;362;522;519;519;512;510;511;504;514;513;512;508;505;509;501;294;357;508;509;506;511;504;507;431;476;511;507;503;546;554;530;528;543;557;573;581
423;468;451;485;480;425;448;430;492;499;500;507;503;503;501;506;505;512;514;276;464;509;509;516;501;512;517;266;455;511;519;511;511;507;509;495;511;510;506;518;506;509;508;298;392;506;506;505;507;505;496;427;485;508;508;507;624;544;529;528;535;547;561;721
433;468;451;447;499;450;436;445;493;503;502;509;499;502;496;502;506;506;512;262;470;505;508;516;504;512;513;268;417;524;509;515;509;509;508;504;504;513;507;509;508;500;501;306;400;510;511;511;509;508;513;434;498;506;508;508;611;551;535;525;534;557;563;626
409;477;465;456;488;443;454;461;492;498;509;528;511;510;504;504;506;509;521;267;459;508;509;513;502;510;510;267;419;518;516;509;505;508;509;503;504;512;510;512;510;494;508;303;392;505;510;510;518;501;510;375;481;506;514;512;600;550;533;536;546;552;558;576
408;466;468;480;492;447;447;449;494;499;510;513;508;505;497;499;505;510;515;272;469;514;513;513;504;514;521;271;368;526;519;514;508;510;515;508;511;509;511;512;507;508;504;304;353;504;511;510;512;504;502;369;486;506;508;517;582;554;530;522;553;545;567;638
421;451;459;461;484;451;456;456;497;512;510;511;516;503;503;505;508;508;516;269;467;519;511;511;510;511;525;264;424;512;512;518;512;505;509;502;515;510;510;507;516;510;495;296;386;504;511;513;511;506;512;430;479;512;509;508;615;561;525;539;538;545;568;656
422;448;467;488;483;447;452;429;493;501;509;527;511;505;498;501;503;511;517;312;475;512;511;511;505;519;519;272;374;528;514;513;508;516;513;505;516;508;513;517;502;509;506;300;394;509;508;513;514;501;508;377;495;510;510;509;535;569;538;527;526;549;563;595
423;470;473;486;454;439;443;449;497;498;502;471;506;511;504;505;505;512;518;262;471;514;516;514;507;518;516;280;417;518;516;514;510;511;516;500;509;512;514;508;507;506;501;274;365;510;506;506;502;518;507;418;493;501;503;510;698;558;542;536;544;545;563;635
418;457;456;457;484;453;433;430;495;495;505;489;513;502;498;507;504;508;516;276;462;515;508;512;502;513;517;276;381;519;514;519;510;513;513;512;517;514;514;509;504;510;499;294;388;510;510;510;510;506;505;365;482;501;508;512;618;550;535;533;539;548;574;561
436;452;460;457;469;452;438;428;496;504;516;487;519;499;498;497;506;506;518;278;472;514;512;520;513;516;525;275;416;520;519;517;507;507;505;516;512;514;514;518;509;512;501;303;399;508;508;511;513;506;509;366;484;506;514;511;603;553;537;526;539;549;559;637
426;462;455;484;480;458;436;438;490;497;502;495;514;505;504;509;507;510;523;274;470;516;514;512;506;510;520;274;384;519;517;519;508;513;517;510;511;512;508;511;502;509;501;299;366;507;507;511;510;505;502;419;480;511;512;515;601;548;536;533;532;549;563;548
425;455;450;499;470;462;444;456;496;501;509;496;512;509;505;513;510;506;523;273;476;515;514;512;513;516;523;271;427;520;513;513;512;513;509;498;514;511;509;506;508;508;511;302;397;504;509;511;512;513;500;429;494;507;508;517;599;554;535;526;552;554;577;650
414;464;465;469;479;446;433;442;498;503;504;501;511;502;500;503;504;510;517;279;473;513;507;516;508;515;518;267;387;523;518;513;505;510;516;502;514;509;512;506;508;511;496;295;354;508;508;502;512;512;505;364;484;507;507;501;629;560;531;518;543;546;562;635
426;458;455;453;448;439;458;458;503;502;503;502;516;511;503;502;512;508;509;272;484;513;512;512;506;507;520;273;410;522;515;512;511;508;517;515;511;510;508;509;509;504;503;304;389;510;507;507;510;507;496;384;483;510;505;514;614;546;539;530;534;552;567;671
434;462;460;470;476;475;451;445;501;499;504;500;512;503;501;509;508;512;518;272;461;510;513;510;512;517;518;272;387;519;512;508;507;508;514;512;510;510;515;511;503;502;491;277;357;507;506;507;514;508;506;375;487;509;513;510;597;550;532;531;547;543;560;629
423;465;449;462;451;443;435;438;499;504;507;513;517;502;508;497;511;507;513;271;476;511;508;517;508;519;521;274;423;523;523;515;510;516;511;510;514;512;513;506;511;511;500;300;399;512;507;510;508;508;501;364;476;504;507;501;581;553;537;522;544;541;566;639
416;458;443;478;456;439;464;434;501;500;506;508;515;505;501;500;501;512;513;275;474;522;510;515;510;510;522;277;369;519;518;518;505;504;515;513;523;508;517;511;511;503;498;295;359;507;508;508;517;508;510;372;479;504;506;515;613;543;532;527;541;537;570;637
434;447;454;467;474;448;447;451;497;504;506;511;528;510;496;508;508;514;521;308;472;513;515;516;512;514;514;273;419;519;517;521;508;509;514;506;516;518;516;514;513;509;513;301;395;508;511;515;514;512;502;367;489;505;510;502;601;552;536;520;535;549;563;619
431;453;479;452;471;463;453;437;494;501;505;505;510;505;498;510;502;508;517;315;459;513;505;514;504;509;516;277;495;513;514;515;509;514;511;493;513;507;507;507;515;513;501;297;388;506;506;512;510;509;507;414;482;508;508;513;667;553;534;535;541;546;582;637
419;454;472;479;473;454;441;452;494;503;506;501;518;502;503;505;507;506;515;306;460;512;509;517;509;509;520;274;374;523;513;516;510;515;510;499;516;512;516;512;512;509;510;272;360;508;509;509;508;506;507;416;486;502;504;515;611;566;545;534;550;552;566;562
419;444;459;474;478;456;447;450;502;500;502;514;503;506;501;500;506;511;510;266;471;512;514;516;510;508;518;274;371;517;515;516;504;508;514;506;515;508;513;506;509;505;507;271;386;505;503;511;509;515;510;426;480;501;508;514;614;555;540;535;545;549;566;631
443;463;456;434;464;471;445;456;498;497;509;500;505;509;504;498;507;512;511;315;474;512;510;512;504;518;526;274;431;514;519;515;507;507;510;509;513;515;509;510;502;507;500;305;388;508;508;511;508;511;506;379;487;508;506;511;619;558;540;529;539;554;569;637
407;460;468;473;455;465;450;440;495;498;502;499;513;508;499;510;502;511;518;269;475;510;513;508;511;509;516;308;374;520;518;513;507;511;500;520;506;515;510;511;512;506;503;306;386;511;510;509;511;507;506;364;473;511;511;516;549;557;528;526;547;537;582;712
418;459;457;467;492;451;439;458;494;504;504;497;512;503;501;507;503;511;518;265;471;518;512;513;509;514;523;265;443;516;521;514;510;516;515;517;505;512;515;508;506;507;497;296;382;506;504;507;511;514;504;371;492;503;511;515;613;558;537;524;548;545;573;732
427;458;477;435;467;448;457;450;499;497;509;516;520;501;507;509;504;513;513;269;473;518;517;515;508;512;517;274;437;517;514;514;509;510;509;504;515;513;512;509;506;507;506;301;348;503;504;509;507;510;505;376;483;507;506;512;614;550;539;535;547;542;544;644
422;453;464;477;459;456;440;443;497;502;510;495;516;505;502;501;502;505;516;260;470;510;510;520;510;508;524;271;382;517;524;512;514;503;511;522;517;512;513;506;508;507;504;294;388;505;507;507;511;512;499;373;480;503;511;509;554;568;541;527;541;548;550;638
440;455;451;482;490;477;438;421;495;501;513;506;503;511;500;507;505;507;516;260;466;514;516;509;509;511;523;279;447;519;512;515;508;513;509;510;508;507;507;510;504;513;501;270;358;500;511;508;508;509;508;361;487;501;508;510;615;542;532;531;549;550;579;628
417;466;451;482;478;455;462;459;498;503;509;489;511;505;504;508;509;508;518;265;485;514;508;512;502;511;518;266;446;521;517;515;510;505;510;509;517;507;511;515;510;501;508;300;360;506;508;512;504;502;507;373;500;509;511;513;593;551;537;530;542;550;565;630
427;442;459;487;490;446;447;447;502;501;510;500;510;507;499;507;508;511;512;283;458;511;516;511;507;515;522;273;392;518;509;515;504;507;509;511;512;508;512;515;512;505;498;283;398;511;509;518;510;498;509;369;488;506;501;513;611;552;534;539;524;539;585;530
422;470;442;471;478;454;432;451;495;495;509;482;517;507;498;508;502;503;515;260;472;508;511;509;510;523;519;283;381;521;507;514;508;515;512;511;512;506;512;507;512;513;509;297;389;511;509;514;514;513;505;420;478;506;506;514;618;552;539;528;542;547;576;629
420;454;466;465;484;446;472;448;496;503;503;520;510;503;502;499;502;508;512;268;469;513;514;509;507;513;524;276;428;521;522;520;506;510;507;519;514;513;514;516;509;510;505;298;392;510;507;512;516;506;506;364;489;505;511;515;602;548;534;533;543;542;564;637
430;459;478;450;464;461;441;435;499;498;506;499;503;502;504;504;506;513;517;269;486;513;517;505;511;517;520;271;431;525;515;518;505;508;507;508;515;511;512;510;505;505;512;299;392;519;507;499;509;510;511;370;474;511;507;510;618;546;537;529;544;556;564;593
418;470;464;463;494;457;444;448;493;500;502;495;527;504;500;513;510;511;511;302;467;511;512;509;508;512;513;271;441;521;514;516;511;515;520;513;512;510;510;510;513;512;504;269;394;505;514;504;513;507;506;372;483;505;518;514;673;557;535;537;530;518;570;630
423;463;457;444;470;438;440;435;495;498;514;506;501;506;502;505;502;510;511;267;463;521;512;511;508;513;516;276;381;516;526;516;503;513;513;515;517;514;512;513;508;501;499;300;384;509;508;509;512;504;508;369;492;508;507;507;612;550;532;518;542;548;558;683
420;463;453;461;489;451;446;439;495;501;510;531;507;515;497;503;504;508;512;265;518;509;513;509;506;516;516;274;386;521;515;520;506;504;514;516;515;509;509;511;509;507;506;307;391;505;507;505;514;507;508;416;482;507;506;512;614;551;530;534;548;535;565;630
440;452;447;451;471;453;443;439;493;503;505;506;515;502;501;504;505;513;511;302;459;514;507;513;509;514;526;267;383;518;515;517;514;511;513;510;512;512;516;507;509;505;505;300;398;513;507;508;507;505;508;365;482;503;507;510;647;561;548;522;545;543;569;621
427;456;459;467;482;449;443;440;495;499;508;509;510;509;506;507;504;515;513;271;466;516;513;510;500;512;514;268;442;522;507;515;515;503;512;507;519;509;511;516;505;504;501;302;363;511;513;512;512;503;511;366;492;507;504;505;596;549;535;523;540;545;559;652
403;453;465;467;465;456;444;437;501;493;508;494;516;505;504;507;504;511;518;306;472;517;519;512;504;505;521;274;434;514;512;513;515;511;511;511;515;516;515;513;505;507;503;296;397;511;507;514;507;509;499;417;494;510;508;522;538;551;532;529;538;540;559;649
424;459;448;432;493;461;432;443;496;498;506;490;509;505;506;499;502;505;510;287;477;518;510;515;509;515;513;272;426;518;510;523;511;506;510;509;524;509;509;514;506;505;499;296;367;506;507;511;513;506;509;372;488;511;505;507;622;546;533;533;526;525;560;578
420;457;469;469;503;451;446;444;499;500;501;514;505;504;510;508;504;508;510;303;480;507;513;519;503;513;521;272;380;524;521;519;509;505;516;510;513;512;509;508;512;507;505;299;409;511;511;508;511;517;509;367;488;507;505;507;609;556;540;515;544;549;564;658
424;468;479;504;457;432;458;444;504;498;507;503;499;508;503;505;508;503;513;271;474;515;513;512;508;509;521;315;385;514;516;512;507;508;512;499;515;503;511;512;512;508;499;298;359;508;505;509;510;507;501;376;481;510;504;512;602;555;532;528;541;546;560;563
433;451;465;462;452;448;454;444;497;505;508;506;514;509;507;508;501;505;508;274;478;512;507;515;505;518;523;275;434;528;510;512;502;506;513;498;519;504;507;508;512;511;504;300;388;511;509;508;521;510;501;372;486;513;505;512;576;546;537;525;559;531;589;711
420;452;465;482;481;443;440;436;494;502;504;499;504;504;506;511;507;511;509;314;473;514;511;513;507;513;526;274;397;527;514;515;510;518;516;508;521;508;514;509;515;509;500;302;396;511;509;512;510;515;507;379;483;508;507;512;605;557;536;519;527;543;567;617
428;464;463;507;470;447;447;454;497;502;502;514;503;501;494;507;506;506;522;271;487;515;507;509;510;514;520;270;442;517;514;519;507;512;512;505;517;507;514;509;508;507;502;275;397;510;508;512;513;509;507;374;491;509;514;509;586;550;534;528;546;545;568;637
445;447;460;469;491;448;438;449;495;496;507;527;504;504;497;503;504;507;511;262;515;512;516;514;506;512;518;272;442;515;515;516;515;506;513;494;519;511;513;514;506;505;503;302;367;500;503;506;516;515;506;374;491;507;506;511;689;540;539;529;547;545;562;653
430;464;466;503;481;441;440;430;495;496;509;492;509;508;499;502;512;501;520;262;473;511;514;509;512;514;519;278;375;519;516;520;509;509;511;511;517;507;510;507;508;507;502;299;361;504;514;513;516;503;509;422;481;504;513;511;603;557;538;535;549;546;589;563
429;460;466;481;464;450;457;430;495;495;509;507;516;504;504;507;506;506;511;263;465;515;514;512;506;512;520;277;400;521;509;512;511;509;509;521;516;510;519;509;510;509;503;293;388;494;502;513;513;509;514;374;487;502;512;510;614;570;530;542;543;546;567;665
404;450;480;448;449;444;440;432;497;502;500;495;504;509;501;508;507;505;511;274;457;517;515;507;504;512;514;272;396;522;515;525;506;511;510;503;515;510;516;508;502;504;501;299;390;506;512;508;515;504;511;404;494;506;514;512;673;551;529;523;537;550;561;631
421;446;478;483;471;447;466;445;495;504;508;521;506;504;499;506;509;508;523;271;466;518;510;511;509;506;518;275;395;518;513;512;508;504;514;504;517;513;511;507;508;509;505;275;403;508;510;515;507;509;502;360;490;504;511;507;618;556;529;519;538;547;577;644
434;475;455;474;459;459;461;420;496;501;508;493;507;512;501;507;505;507;514;257;471;512;504;514;511;515;518;275;383;510;518;516;507;508;517;505;514;509;514;505;512;506;496;304;394;501;504;511;512;511;504;366;484;506;508;512;680;555;525;522;530;541;564;734
417;463;475;468;467;451;438;437;496;499;505;497;522;501;501;502;507;511;516;261;458;515;512;515;506;512;517;267;448;518;519;515;511;504;514;495;510;516;513;509;505;508;493;280;391;503;515;508;513;505;502;366;498;515;507;510;602;550;534;526;535;542;545;638
438;450;448;456;480;459;461;456;500;503;502;510;513;509;494;505;498;508;519;259;465;508;511;515;502;516;521;269;434;519;517;514;512;512;523;506;516;511;507;510;513;505;505;308;360;511;506;513;510;517;507;379;492;508;508;515;621;560;536;513;525;544;569;531
427;468;450;458;506;443;440;447;497;505;507;519;498;503;503;508;508;509;510;262;465;522;513;515;504;510;516;275;429;517;515;515;510;512;509;502;521;514;506;514;510;506;500;274;399;502;503;512;512;515;508;369;492;516;514;509;578;549;544;535;539;544;568;563
424;460;446;483;467;439;457;448;498;507;512;511;512;499;503;504;499;507;514;321;464;516;514;512;510;506;524;274;408;515;511;521;513;511;506;510;516;516;515;513;508;506;508;295;363;509;509;511;520;504;501;423;498;510;508;508;584;550;531;528;542;534;572;625
420;446;456;474;468;457;434;457;500;496;509;499;512;509;507;503;505;508;515;267;483;509;510;515;509;516;517;255;496;517;506;521;508;514;512;500;516;515;512;508;514;507;503;303;357;506;509;509;512;499;501;369;479;508;506;509;613;554;530;528;559;525;569;629
427;449;453;470;493;460;445;436;497;501;502;496;514;505;509;499;502;507;514;272;474;519;513;516;504;513;520;266;376;513;519;514;507;513;508;510;521;517;515;506;502;509;500;304;379;509;504;512;509;503;508;363;471;504;511;510;627;545;533;532;530;549;564;663
407;447;450;487;493;445;462;439;500;500;516;502;511;501;497;505;507;511;510;276;472;511;515;512;509;514;519;264;419;517;514;513;512;513;517;509;518;512;513;519;508;508;495;300;387;505;508;512;518;502;510;492;477;511;513;508;541;550;529;517;542;540;559;715
442;458;456;448;468;459;442;459;499;505;498;489;523;511;501;503;502;510;512;313;471;512;515;506;507;510;522;261;498;518;511;510;499;518;519;510;506;514;499;505;507;515;500;307;387;511;509;504;512;512;504;374;484;506;511;501;618;544;535;533;550;542;563;640
425;457;449;463;488;463;443;460;496;497;506;497;513;504;500;504;504;503;505;267;472;507;510;515;506;515;511;265;435;518;510;512;507;505;513;492;519;505;508;515;508;510;504;278;384;513;504;510;514;511;503;386;479;507;507;512;602;548;541;532;550;516;564;692
430;451;443;486;487;481;453;434;492;498;502;492;511;509;500;500;507;508;514;268;483;517;508;509;506;512;509;264;361;521;521;517;507;514;514;497;518;514;519;504;508;513;501;300;382;512;512;513;508;507;510;365;480;515;504;512;552;547;537;519;544;553;572;623
409;463;465;465;468;434;450;443;497;501;506;514;509;502;500;502;500;512;514;299;516;516;509;514;512;511;525;269;437;520;524;522;504;508;511;504;516;509;512;509;513;511;504;302;358;505;507;506;499;511;504;372;478;506;505;511;610;542;533;533;537;552;563;638
407;468;469;479;500;471;451;436;496;497;511;510;511;509;503;510;506;509;520;309;515;508;506;517;505;513;520;259;371;520;515;508;509;514;509;513;518;511;515;502;514;505;502;277;395;508;510;510;509;508;510;370;486;507;507;517;604;559;534;526;541;536;577;618
407;470;462;469;471;450;451;448;500;495;504;504;512;504;503;503;507;506;511;275;473;514;514;511;507;518;516;265;426;515;520;519;505;515;513;517;507;510;506;512;509;508;503;303;395;512;512;505;510;507;501;375;496;505;508;505;613;553;536;538;548;526;571;646
410;452;452;473;467;456;437;438;501;501;503;515;500;506;507;504;504;504;516;267;477;515;510;516;504;513;520;262;440;528;516;515;506;509;516;504;510;512;512;512;510;504;504;270;398;509;502;517;506;507;501;373;473;511;505;518;618;565;541;532;549;543;568;569
415;469;453;490;490;462;440;480;497;501;502;516;513;506;501;502;502;508;515;268;456;514;513;512;506;514;519;267;390;519;516;514;508;513;514;496;514;519;508;516;504;504;498;301;360;509;505;508;516;511;499;379;489;508;511;508;576;553;534;531;544;539;575;659
436;466;459;453;497;448;449;449;498;494;505;529;508;503;507;499;508;513;508;302;462;515;515;510;509;511;520;265;395;517;512;528;512;515;510;502;508;514;508;509;511;505;503;276;353;505;504;502;510;507;508;426;481;507;511;507;585;531;530;526;530;536;567;640
459;463;464;469;502;455;447;456;489;502;510;506;508;507;504;503;512;507;513;305;469;512;513;508;507;513;521;261;380;518;517;517;508;507;512;512;515;500;507;515;508;500;509;275;347;508;509;515;512;504;507;371;481;506;518;507;613;547;527;529;547;539;568;647
424;459;451;477;483;449;437;436;493;498;501;492;518;508;502;504;505;511;516;260;481;512;509;511;509;509;521;264;377;524;513;512;505;510;509;498;517;512;517;523;512;512;506;305;393;506;509;509;513;504;510;478;487;506;507;508;613;546;520;540;540;554;591;649
420;471;450;471;480;454;452;432;488;502;503;502;498;506;504;505;504;510;519;274;466;515;511;507;506;510;520;252;378;519;508;519;509;509;512;504;517;508;517;508;502;503;495;298;349;510;507;512;509;506;507;364;489;506;513;511;612;541;532;527;530;534;571;671
433;457;452;473;478;442;436;454;495;503;505;496;518;510;497;507;501;507;515;276;456;519;516;514;501;512;517;265;359;522;511;514;514;507;512;507;520;514;516;514;508;508;500;295;390;502;513;511;519;505;503;379;476;507;510;512;679;557;525;535;559;551;557;559
421;463;449;458;486;448;434;439;498;504;504;515;521;510;505;502;502;506;513;305;458;512;508;510;506;519;521;261;370;520;521;512;505;515;509;501;514;513;508;514;512;503;501;305;399;508;509;515;517;501;504;423;481;505;506;516;621;547;534;524;550;523;561;648
419;447;448;485;479;464;445;463;495;499;506;515;520;513;506;504;500;504;515;264;481;513;510;518;505;517;521;266;424;519;516;511;505;508;516;517;509;514;513;515;502;510;511;297;390;510;505;512;514;510;508;413;497;516;510;511;672;551;540;525;543;518;575;692
429;458;436;489;495;444;456;464;496;490;499;524;505;504;502;506;504;508;519;263;513;512;511;511;506;510;512;267;425;512;506;513;512;508;513;510;514;513;518;507;514;510;497;299;392;513;510;512;514;507;504;358;477;507;509;501;677;540;533;537;543;555;567;723
438;453;453;452;473;461;450;435;497;508;506;488;505;507;505;502;505;511;511;316;471;511;508;515;506;519;521;261;369;520;516;516;508;512;520;509;509;508;507;513;510;514;500;275;358;512;506;507;515;507;510;487;490;508;508;502;611;535;537;527;532;546;580;646
422;453;464;453;486;453;438;440;492;507;508;519;513;505;504;503;506;509;518;319;467;517;514;516;511;506;518;267;359;522;517;514;509;514;511;514;516;506;516;513;509;505;503;278;355;507;508;513;509;507;499;431;485;509;505;513;607;562;538;540;551;546;526;617
422;456;454;485;483;464;440;442;495;496;494;487;499;502;506;507;506;506;514;273;458;511;513;512;508;511;505;264;505;520;516;516;513;516;508;504;514;516;511;514;510;511;502;271;355;509;513;510;511;507;511;425;480;496;512;516;618;541;533;533;545;548;567;702
412;473;453;491;474;449;456;445;498;498;502;490;516;504;500;509;504;509;517;272;475;512;516;507;509;513;516;261;444;521;514;514;504;512;510;501;509;510;510;515;503;510;503;272;388;504;515;504;517;510;506;426;475;510;509;509;612;548;540;529;546;549;535;623
427;472;478;490;472;457;444;426;495;502;511;514;508;498;510;506;507;512;515;269;460;510;515;517;510;511;514;273;431;517;511;515;509;510;513;501;524;511;517;508;512;507;503;309;366;506;512;510;506;515;505;375;484;511;507;511;611;547;540;534;539;526;563;638
427;451;466;454;501;453;447;433;499;506;510;515;508;506;504;505;506;504;512;271;516;518;511;518;509;511;521;263;430;512;521;519;510;511;514;520;511;508;511;510;511;506;503;297;343;509;501;508;508;508;506;415;476;502;510;512;549;551;532;531;530;548;535;578
428;468;440;449;474;452;451;456;491;504;508;539;501;506;510;507;502;513;515;271;470;511;515;516;505;507;517;262;380;519;515;519;501;508;513;510;517;517;511;510;515;510;493;301;383;503;511;515;511;502;506;427;491;505;513;513;598;539;542;535;538;544;566;551
413;465;467;482;486;450;436;434;498;500;506;520;514;505;502;506;505;508;519;303;458;514;515;510;509;517;519;263;486;520;518;513;514;519;511;507;522;506;518;511;502;506;504;301;380;507;506;509;513;510;505;428;482;508;511;509;676;548;530;527;542;542;580;698
415;467;444;468;468;459;440;450;494;504;502;505;514;507;505;507;508;508;518;279;466;517;509;516;507;518;518;261;486;521;518;510;509;511;516;512;514;510;517;511;509;510;509;305;386;508;508;513;512;501;513;382;472;501;507;512;546;555;535;524;544;553;562;732
422;463;459;459;480;452;449;432;490;499;505;481;503;506;499;503;505;511;517;304;472;515;510;510;510;513;525;267;428;521;518;518;510;506;511;503;514;513;516;512;499;507;506;274;393;503;505;502;510;507;511;411;478;506;511;505;590;539;539;520;543;548;528;669
429;479;466;476;461;452;460;445;492;495;508;500;516;511;509;503;505;506;515;273;469;510;513;512;504;516;517;262;343;521;514;511;512;515;509;519;517;510;516;507;505;506;505;300;344;508;502;512;516;505;509;375;479;511;508;512;608;548;527;527;543;552;580;698
416;464;458;469;449;460;439;424;492;499;509;500;508;507;502;508;505;510;510;271;461;513;512;511;510;515;514;261;383;521;511;513;513;509;515;514;519;504;513;507;508;507;501;305;392;508;505;516;509;504;507;372;488;509;513;511;551;554;542;522;537;542;570;644
428;458;453;488;460;446;464;464;495;500;508;500;521;507;504;503;507;512;515;271;457;511;514;516;508;511;519;253;370;513;516;514;511;511;513;507;520;506;513;512;499;510;503;279;358;508;504;508;511;509;506;372;499;498;501;517;543;557;537;520;543;557;556;648
404;459;463;470;471;450;444;437;497;495;504;499;511;506;503;504;507;505;521;274;399;513;511;516;513;508;517;267;375;521;508;519;513;512;511;514;514;520;514;510;506;507;508;306;388;510;507;507;514;506;509;371;480;514;513;515;582;543;530;534;547;520;556;634
416;446;469;481;488;458;460;436;502;501;506;508;513;498;506;504;503;507;516;272;453;510;516;515;513;515;519;261;423;522;509;515;505;505;510;508;518;511;509;514;506;505;498;302;358;513;500;505;514;507;502;432;484;505;511;514;608;558;531;532;539;542;563;642
414;450;448;478;477;451;445;433;496;499;509;509;514;506;506;505;502;506;514;275;473;514;512;512;510;513;517;279;411;523;518;510;507;513;511;517;513;507;516;503;504;508;502;268;365;506;506;509;512;505;504;362;485;507;507;508;620;548;536;536;536;552;566;636
432;460;465;455;487;441;442;448;499;501;501;522;508;509;504;511;502;505;513;277;390;512;515;513;507;514;524;261;391;523;509;515;507;506;513;491;520;514;516;507;505;504;504;298;366;506;503;510;508;508;507;367;483;509;508;511;614;551;553;513;530;545;567;635
405;457;460;465;480;453;457;423;501;505;501;516;497;509;501;506;509;509;518;272;516;510;510;521;502;515;513;254;383;519;516;515;508;510;513;496;506;509;516;509;509;505;498;305;387;507;508;512;512;508;509;422;494;504;506;510;604;546;539;528;538;541;563;618
430;456;464;485;470;454;431;441;499;496;502;505;519;510;505;503;506;512;513;311;462;511;509;516;506;513;520;258;415;522;513;508;507;513;512;513;516;512;519;513;508;505;502;297;385;511;502;511;515;503;501;375;477;510;514;508;596;568;532;528;542;544;553;653
426;452;476;461;470;436;446;443;500;501;503;496;508;505;503;504;505;510;515;310;480;517;509;512;503;511;515;265;352;520;523;515;512;515;517;504;520;517;513;504;505;517;496;301;377;507;510;510;516;505;506;374;475;508;508;507;525;544;516;532;540;551;541;638
436;460;468;491;494;439;461;450;499;501;507;494;506;501;509;502;510;510;511;265;466;510;506;508;508;514;519;261;361;513;515;516;507;512;513;513;510;509;514;505;514;506;508;272;388;511;515;505;513;505;506;380;473;507;510;513;608;556;531;525;553;555;546;721
411;463;456;481;481;450;458;460;496;507;501;516;497;506;499;503;503;511;516;274;455;513;517;509;509;507;520;266;436;515;519;516;507;507;508;514;515;505;516;514;512;506;497;304;356;516;507;512;514;503;505;419;480;507;508;514;614;553;537;531;536;550;580;558
417;452;443;479;464;453;457;451;501;502;500;514;512;507;505;500;511;507;517;258;464;512;512;510;508;513;519;261;378;515;515;512;508;504;518;513;518;516;514;511;510;503;513;306;366;504;508;505;516;508;502;427;477;502;508;507;545;558;540;531;543;539;574;575
424;449;453;469;488;464;440;439;501;498;518;517;501;511;499;506;507;506;518;270;468;515;513;512;508;513;517;271;376;516;512;514;512;506;516;508;521;513;511;514;510;506;495;302;391;508;506;506;510;505;509;372;487;511;511;508;597;555;533;519;542;545;574;641
421;462;473;474;490;447;457;455;499;501;510;498;525;501;507;507;505;507;514;275;515;514;514;508;508;508;515;253;482;519;518;512;510;506;505;510;513;516;509;508;512;506;501;303;365;506;506;514;510;510;510;424;501;506;503;508;527;547;542;526;540;542;561;572
421;449;455;484;483;478;449;449;497;499;508;514;514;503;505;509;506;507;515;268;466;508;516;508;510;515;521;265;427;519;517;514;504;512;509;512;513;507;508;508;509;499;506;300;368;511;516;512;516;507;512;366;480;506;508;506;599;537;532;532;542;551;583;632
424;459;455;479;464;462;456;473;490;502;511;481;505;508;502;510;510;512;520;264;457;514;512;513;512;508;515;266;405;524;509;516;516;515;519;517;509;512;508;511;508;508;495;277;388;504;506;506;511;504;504;486;488;504;507;511;609;561;516;529;539;543;567;689
409;454;464;473;485;463;446;449;494;507;503;524;511;503;505;509;507;509;516;269;474;517;515;515;508;512;522;270;360;523;515;513;505;513;512;502;509;513;510;516;504;509;501;278;391;501;510;516;511;511;506;367;488;502;514;515;542;557;532;535;559;541;554;619
419;451;455;456;449;456;440;440;493;505;498;492;501;506;501;507;506;511;511;269;470;511;509;511;505;517;514;260;444;517;524;518;507;506;510;518;509;503;508;511;508;515;500;302;383;512;510;507;513;503;504;372;486;507;506;512;546;555;536;525;533;538;568;645
435;450;451;452;467;455;453;436;494;498;504;513;510;509;506;508;503;506;520;274;471;515;516;515;510;516;515;270;388;520;504;518;503;511;510;520;506;513;512;508;507;507;497;292;352;505;510;510;510;511;511;369;486;508;513;509;567;551;532;522;539;537;562;624
426;468;466;465;499;451;449;446;492;508;503;498;510;506;502;498;504;514;517;270;471;512;514;509;510;513;521;264;381;521;513;522;507;513;511;496;511;513;508;514;509;514;503;300;346;511;508;506;504;512;503;392;488;506;507;505;563;554;539;531;549;542;568;688
432;451;475;485;466;470;447;437;505;495;508;516;521;502;506;502;506;510;516;266;456;516;506;519;509;515;523;266;365;517;514;517;512;513;507;506;514;517;510;514;507;508;494;269;365;514;506;512;509;508;507;367;500;508;506;503;607;520;539;525;540;523;560;734
426;457;445;480;459;445;443;434;495;493;502;514;501;507;503;504;504;505;510;303;459;513;513;518;503;508;519;251;413;524;514;517;511;512;513;493;508;517;510;510;513;511;505;283;399;510;511;510;506;508;501;373;482;506;507;514;592;559;533;534;547;545;575;628
422;462;446;465;472;457;444;453;494;506;507;492;509;497;501;511;503;510;513;272;484;511;512;512;511;516;516;257;391;510;516;516;505;519;513;509;510;514;506;507;506;508;500;300;383;509;509;509;514;515;507;428;482;509;509;514;555;559;530;532;536;537;560;636
428;439;469;474;465;451;434;452;497;499;506;503;501;505;503;517;505;506;519;271;464;514;509;512;505;513;523;260;438;521;519;516;502;508;509;516;515;511;511;507;510;508;498;304;356;506;509;512;516;506;509;478;496;509;513;509;550;550;536;534;541;551;554;534
425;461;464;491;478;441;445;445;496;504;509;498;500;511;503;499;503;508;514;276;466;513;512;512;503;513;519;264;377;518;519;519;511;506;517;503;514;511;515;510;509;505;502;297;377;513;505;511;512;507;507;377;486;509;506;510;597;549;541;530;548;548;588;570
428;454;461;457;474;451;442;441;500;503;506;480;508;508;499;498;502;504;513;302;390;510;510;517;510;514;518;264;445;521;515;516;502;509;510;505;522;513;511;512;510;512;504;279;361;510;508;515;514;508;510;377;485;508;508;514;607;548;518;533;548;539;560;663
461;449;452;455;490;460;449;446;492;498;500;497;516;510;505;505;501;509;516;270;517;512;516;513;502;511;521;261;426;517;515;515;508;508;506;496;514;509;514;509;508;506;498;273;343;503;501;515;512;509;506;371;479;504;506;508;606;547;542;531;532;538;580;642
420;450;468;478;457;450;448;435;495;501;504;516;509;508;501;503;507;507;519;273;474;516;510;505;506;508;523;267;433;514;519;512;512;508;513;503;510;518;514;508;514;511;504;275;389;510;508;513;508;510;509;367;490;502;509;505;606;545;538;524;540;547;564;643
422;468;453;481;462;445;431;448;499;504;503;502;513;503;502;506;508;511;512;265;479;521;513;516;513;512;519;270;361;518;513;515;512;516;514;498;514;513;512;511;510;507;501;298;390;513;511;511;511;501;508;366;487;511;509;513;622;549;533;525;536;526;560;642
427;474;469;478;473;458;447;457;494;508;507;514;507;501;508;504;508;505;515;274;451;511;512;519;502;513;518;261;363;510;510;516;514;511;504;504;517;506;513;516;509;504;504;306;351;508;508;513;509;515;508;372;477;514;509;507;564;539;536;532;552;545;562;616
431;461;470;469;484;455;442;434;493;497;507;520;513;501;496;502;508;514;513;269;466;510;508;508;511;514;518;263;356;528;519;515;515;509;510;505;507;504;518;511;511;506;502;307;387;510;510;515;517;515;507;364;481;505;509;514;602;530;537;525;542;553;574;620
420;462;475;441;471;452;451;446;500;502;504;497;503;503;505;508;510;509;515;272;456;507;514;509;507;513;520;291;382;521;514;516;506;505;511;510;518;514;510;515;503;510;503;298;379;506;505;508;511;511;505;373;485;511;514;511;543;559;536;540;538;557;562;638
433;459;465;478;482;456;433;451;498;497;503;487;503;511;499;510;506;507;512;272;462;510;508;516;511;508;507;263;363;520;511;514;508;513;514;521;510;509;511;516;508;506;503;299;392;503;511;514;508;505;505;370;488;503;513;510;614;553;529;529;547;548;559;696
434;462;465;460;475;450;446;445;502;505;510;517;506;505;499;506;503;508;514;273;455;516;515;513;506;515;521;252;351;508;512;519;517;506;510;511;509;515;505;511;502;510;493;270;395;517;506;515;511;506;506;421;491;506;504;514;574;562;536;534;547;545;586;630
419;463;459;452;488;455;419;461;496;506;500;526;514;506;504;504;506;515;508;275;449;515;516;515;506;518;523;270;422;513;514;515;515;513;514;514;506;517;515;508;515;506;498;309;391;506;508;507;516;510;506;424;473;501;504;516;592;559;538;532;536;551;527;638
424;450;440;468;487;447;448;449;502;501;504;499;513;508;499;505;506;506;520;274;473;512;514;512;508;511;520;266;354;518;520;519;508;510;516;503;528;514;518;509;504;510;499;306;351;507;507;507;515;502;506;375;489;509;509;511;604;552;530;526;546;542;585;705
425;468;450;490;485;452;448;452;500;505;505;494;515;507;502;497;507;510;507;261;511;512;511;508;507;505;521;263;429;513;519;513;508;509;512;510;509;506;507;506;511;508;498;272;352;505;506;504;507;505;504;430;491;500;512;510;615;554;528;530;546;544;563;552
432;448;452;492;483;455;438;477;497;506;503;481;513;505;499;508;506;505;517;267;462;509;509;513;507;517;518;253;410;515;516;513;511;508;513;511;514;515;506;510;516;505;504;279;383;511;518;511;511;511;508;373;486;509;503;517;600;550;536;532;522;535;581;630
421;460;445;492;461;464;443;442;503;500;504;505;505;507;502;514;505;506;511;270;467;514;507;513;508;513;518;267;376;522;516;515;508;511;512;505;513;511;510;507;508;506;494;270;383;502;509;514;515;508;507;434;479;504;508;506;598;565;529;529;532;548;535;626
422;467;468;437;477;451;447;459;494;495;509;505;508;511;506;509;505;506;512;272;465;512;515;511;506;518;517;264;390;521;516;513;511;509;504;503;504;514;512;508;513;502;502;303;392;507;507;509;509;506;508;428;491;506;510;515;620;560;530;539;541;549;569;556
403;461;453;477;467;440;432;458;495;502;505;517;524;505;499;505;508;507;517;317;452;512;511;509;510;508;519;265;427;522;517;517;514;512;511;507;520;513;517;513;515;513;503;275;390;508;506;506;511;496;511;420;478;515;510;514;547;554;530;531;542;550;537;623
431;458;455;467;482;455;462;447;495;502;510;496;509;507;498;506;509;505;514;275;519;509;513;510;506;515;518;271;349;524;515;514;504;504;505;511;519;516;513;509;514;514;498;294;373;505;505;512;510;511;514;431;481;510;512;509;563;553;543;533;538;561;566;612
439;455;442;457;476;460;442;433;492;504;508;518;518;515;508;506;507;507;517;311;460;516;516;515;505;516;509;268;423;519;513;522;509;502;513;515;516;516;516;514;506;509;502;302;392;505;506;511;515;504;503;375;480;509;515;509;642;554;531;521;539;524;569;576
421;450;432;478;502;437;456;427;497;503;504;532;499;503;507;502;502;507;518;268;469;518;508;511;507;515;518;265;444;521;524;515;506;509;510;514;523;511;511;515;511;506;504;298;362;505;512;510;516;514;508;495;480;504;507;505;605;553;536;531;536;551;567;642
419;450;464;475;470;441;441;447;493;499;508;498;509;505;506;504;511;505;516;269;458;510;504;513;511;516;528;263;436;517;512;515;512;510;513;501;510;508;513;514;503;507;502;273;394;510;509;510;510;506;509;366;480;507;514;506;608;543;536;523;549;556;579;650
430;467;457;455;488;446;477;436;491;499;507;500;517;502;504;505;500;511;521;320;470;521;512;516;505;513;519;265;360;516;513;512;506;510;513;501;511;505;509;512;511;509;502;302;356;504;507;512;518;509;513;425;492;508;513;515;608;577;544;528;544;544;569;551
428;469;457;473;489;447;439;448;494;499;499;512;510;504;505;507;507;504;514;274;470;510;510;516;508;513;524;267;360;527;524;519;509;509;508;495;517;512;510;514;508;512;500;297;363;503;511;514;507;506;507;430;481;508;502;517;549;552;536;529;533;537;519;576
415;471;472;479;491;447;460;450;498;503;507;477;516;505;503;509;502;513;511;278;454;514;508;511;507;510;515;263;359;519;515;520;511;504;519;507;514;514;513;511;505;510;504;276;389;509;513;508;505;511;500;369;484;506;505;512;634;550;537;523;535;552;571;638
440;456;444;487;480;444;447;430;499;498;504;513;511;498;499;509;508;504;511;315;473;513;514;508;508;508;521;267;357;522;509;516;506;512;515;514;518;514;513;513;502;511;498;299;376;506;506;512;506;505;509;368;485;514;515;505;540;563;535;516;537;539;563;588
442;461;447;462;490;441;454;458;499;498;501;497;512;505;506;507;504;514;517;275;465;511;508;514;505;505;518;269;386;515;511;517;510;509;513;496;501;508;512;515;508;504;510;279;386;510;505;512;511;504;508;369;494;508;506;511;595;557;536;529;535;546;569;686
447;464;448;463;480;449;457;452;498;500;501;513;509;505;503;508;507;516;512;277;474;515;512;514;510;507;515;263;380;526;513;515;510;506;516;510;511;511;509;509;504;507;503;270;383;502;512;512;508;508;505;377;483;503;507;507;602;550;533;514;533;547;562;699
429;451;448;471;476;445;426;446;501;506;505;502;499;503;504;511;508;509;519;268;472;512;507;510;500;509;517;273;359;521;506;520;508;511;519;523;513;510;511;507;507;501;508;294;361;507;507;515;504;508;506;426;484;503;506;509;539;542;533;531;539;548;560;630
448;480;456;458;465;455;438;434;494;503;507;504;510;505;506;505;506;512;515;297;509;513;516;512;507;513;520;266;352;525;514;517;509;512;513;494;502;513;512;514;509;501;505;278;385;509;502;512;514;506;511;418;474;506;504;517;616;540;530;525;532;549;561;618
425;451;451;462;469;441;443;443;494;498;505;500;502;504;503;502;506;513;517;321;457;510;513;512;507;511;519;266;430;513;509;519;517;515;516;504;515;518;512;514;510;512;500;297;393;506;504;512;508;506;509;365;479;508;511;503;555;542;531;518;528;554;558;651
422;459;452;445;471;442;437;440;500;498;505;512;510;507;504;513;510;508;518;281;457;513;508;512;508;511;513;270;383;523;516;515;513;512;519;504;509;510;511;509;511;507;504;298;352;507;510;506;505;512;506;373;494;501;508;512;611;555;532;535;549;536;526;662
452;463;470;455;485;447;449;437;501;508;506;497;522;504;511;500;504;510;521;324;475;519;514;516;508;505;517;271;410;523;517;521;510;517;502;515;506;510;511;512;514;501;503;299;392;512;502;515;506;512;503;374;479;510;499;509;542;555;527;537;533;554;554;615
432;464;457;428;496;450;451;432;494;505;505;524;520;508;498;504;506;508;515;276;462;515;511;514;510;512;522;270;421;519;516;517;506;515;514;510;516;515;516;508;504;506;498;278;358;506;509;510;513;512;503;366;477;509;509;510;553;561;539;524;542;559;570;637
446;475;452;468;491;440;445;453;498;496;507;511;510;505;497;504;505;508;518;316;474;515;508;514;505;513;511;265;374;529;519;512;516;505;515;504;522;514;517;515;506;499;504;301;390;511;509;509;511;505;506;372;480;502;515;510;609;558;527;537;537;518;583;569
410;455;461;481;473;451;445;429;497;498;505;502;512;507;505;503;500;508;514;274;453;515;512;512;507;512;522;268;349;517;516;516;507;513;512;511;510;513;512;514;508;511;502;296;382;508;508;514;510;508;508;375;484;507;508;511;602;546;540;526;538;539;582;646
419;461;458;455;469;455;431;434;492;504;507;502;509;501;503;506;513;505;514;275;507;515;511;516;506;520;517;270;369;513;516;519;512;512;522;505;518;513;512;511;516;508;506;298;361;516;511;510;519;508;498;369;489;507;509;513;612;546;537;536;561;548;578;648
447;478;454;419;501;450;446;436;497;502;498;475;519;500;507;503;506;508;517;278;467;514;507;519;503;515;518;261;445;516;513;514;509;509;516;506;507;517;511;512;514;508;503;273;389;505;511;510;518;512;505;423;475;507;511;505;591;548;537;530;540;541;576;615
422;470;457;434;499;477;439;448;500;503;511;519;506;500;503;499;506;514;515;318;409;516;514;511;513;510;521;274;526;523;515;515;505;508;516;492;510;511;510;518;508;509;498;299;399;508;510;507;509;513;502;368;473;502;512;510;606;536;531;540;536;547;561;638
431;452;457;453;461;450;435;443;500;501;506;497;507;506;508;505;505;507;513;271;464;512;513;513;511;514;526;272;430;515;511;515;506;508;513;499;513;511;517;512;506;506;505;270;363;508;516;507;516;512;510;486;481;506;504;509;587;556;534;516;536;550;562;689
406;469;453;483;462;450;444;458;497;499;505;515;511;503;503;502;508;511;519;297;469;511;514;512;504;520;519;272;421;518;516;522;513;513;518;515;513;514;510;513;505;513;497;270;383;516;508;508;507;511;505;368;483;511;508;510;582;546;522;527;542;549;565;574
425;451;453;493;473;458;438;440;496;500;501;497;516;509;500;506;499;507;514;310;474;513;510;514;512;509;521;301;393;523;514;521;507;517;512;503;516;509;511;519;511;510;503;298;361;501;510;508;511;508;506;420;476;502;506;511;608;555;541;525;541;536;568;645
424;459;450;467;477;449;437;451;494;499;513;495;506;497;504;503;504;506;503;321;467;511;517;516;511;518;517;277;382;515;520;524;505;508;514;506;512;512;508;511;507;516;509;297;353;499;508;512;508;508;506;377;484;511;506;512;579;556;542;524;540;542;555;566
433;462;463;472;479;463;445;445;497;502;504;517;518;506;502;505;506;509;511;278;472;518;504;513;507;515;522;265;348;516;506;520;507;512;509;504;509;507;516;505;516;506;497;299;361;510;502;514;518;506;507;413;493;508;510;507;598;555;535;530;535;540;537;684
420;462;452;464;462;450;445;449;498;504;503;513;503;506;506;511;513;509;510;313;471;513;512;508;512;515;515;297;510;517;513;516;507;511;513;508;513;512;516;517;505;508;503;276;395;505;503;510;505;507;504;368;489;507;508;518;545;557;521;521;530;539;556;559
418;467;462;460;479;451;433;447;495;507;512;505;507;508;508;504;505;509;511;281;468;518;511;514;509;512;513;264;358;518;517;522;513;509;511;508;513;515;512;511;509;505;511;298;384;510;508;518;516;513;507;423;481;508;503;518;542;541;533;524;550;548;570;643
448;477;464;481;463;447;440;463;497;500;501;513;515;502;505;508;511;511;509;275;479;520;511;515;507;516;520;276;371;515;511;519;502;511;508;500;522;512;516;512;508;511;504;271;345;508;509;514;510;514;507;372;477;512;505;513;616;556;527;520;540;540;567;636
410;462;456;456;478;446;440;454;496;497;506;525;509;499;497;500;505;510;514;272;510;516;508;510;509;518;515;271;418;521;513;521;505;513;506;503;518;506;513;517;512;505;509;301;364;504;510;512;512;505;509;424;476;508;508;513;612;551;538;534;540;542;558;621
402;463;458;469;488;454;438;439;500;501;501;502;511;507;495;504;506;510;524;278;477;510;512;514;509;509;519;276;381;526;512;518;515;515;513;510;512;512;513;511;513;511;502;298;379;510;504;509;517;507;506;414;481;509;512;512;544;545;538;519;537;552;561;545
417;459;449;486;455;448;448;437;495;502;505;479;518;507;504;512;506;506;519;298;512;513;511;512;509;511;518;279;379;516;513;522;510;505;514;509;510;514;509;515;509;501;501;298;366;506;509;507;513;502;499;373;481;505;512;514;569;550;543;538;537;548;563;724
433;451;445;449;484;452;421;442;494;497;513;499;520;503;500;504;513;505;516;277;480;516;511;510;512;514;517;271;352;520;518;520;505;513;513;509;514;514;514;513;515;511;496;306;357;510;509;510;506;508;511;426;482;505;507;517;542;549;530;534;544;539;521;537
408;450;465;468;464;452;428;451;493;499;506;518;514;510;503;500;507;511;511;274;455;511;514;512;509;509;516;313;423;519;517;517;504;509;515;510;516;515;510;509;506;514;499;297;347;510;508;509;512;506;504;374;482;507;507;516;583;548;535;537;538;542;539;632
422;460;466;444;473;441;446;436;499;500;500;489;507;503;500;510;509;508;516;271;484;518;514;511;506;514;523;270;387;520;512;521;500;505;513;514;517;513;517;510;512;505;503;278;392;506;514;511;503;508;505;382;485;504;510;518;615;558;531;521;537;547;565;619
426;454;444;489;477;446;438;454;498;501;506;509;508;508;512;504;504;507;518;268;516;508;508;511;509;516;515;274;378;522;516;516;509;508;507;504;515;503;518;509;507;506;507;301;395;511;508;511;512;502;502;380;485;503;510;512;544;557;528;524;533;539;577;701
433;470;458;458;477;459;444;464;497;498;505;493;514;509;503;504;502;506;515;323;467;512;518;516;512;516;513;264;368;522;526;513;508;506;512;519;513;514;516;514;513;503;498;267;391;507;509;512;516;508;509;369;498;502;510;513;604;543;537;522;529;548;578;570
416;457;455;454;482;461;441;458;501;500;503;509;505;508;512;507;509;510;513;271;448;514;512;506;513;517;532;274;429;516;512;514;508;504;514;503;510;512;513;511;506;513;491;298;361;509;503;510;508;511;505;416;499;508;514;514;620;556;540;535;538;540;531;648
434;451;447;482;488;458;446;430;494;502;507;504;496;507;508;502;508;510;516;272;486;512;513;518;509;518;510;271;427;519;517;510;513;510;515;507;515;513;515;515;506;505;508;306;397;509;510;508;516;508;510;374;478;503;506;511;542;559;534;526;537;541;561;615
435;456;449;486;468;441;448;456;497;497;507;493;512;505;505;504;512;507;519;294;466;513;509;514;507;517;520;270;490;520;514;521;509;508;511;513;527;509;514;511;513;504;506;300;385;499;508;510;511;511;511;423;484;505;513;507;596;553;538;521;536;546;559;625
425;469;456;466;488;462;448;443;493;499;506;484;500;506;505;501;503;514;513;313;466;516;514;509;510;516;522;272;412;520;510;510;510;510;510;513;521;512;513;510;514;510;496;311;388;509;507;509;513;509;507;370;476;505;508;513;606;549;538;526;535;540;565;657
425;465;451;446;482;448;442;447;495;499;503;503;504;501;500;501;503;507;515;268;467;511;509;514;506;519;515;272;428;519;511;514;510;513;511;505;513;510;509;513;509;511;495;296;373;510;510;506;514;512;503;493;478;509;508;509;608;520;536;525;539;546;568;641
428;446;441;480;474;446;435;436;500;497;506;494;497;511;509;505;503;509;509;272;457;506;503;511;507;510;509;276;369;519;516;517;508;508;513;500;513;512;513;509;508;513;502;278;364;499;502;510;519;504;511;374;477;505;507;517;518;559;538;523;535;539;533;646
438;452;453;492;485;450;439;428;486;498;508;510;504;507;506;510;505;504;518;261;461;518;509;513;505;511;520;277;353;518;517;523;513;510;511;504;510;513;512;516;507;506;506;283;393;505;503;513;515;507;506;371;488;511;510;504;619;538;534;533;535;542;579;653
400;461;463;472;491;456;431;452;493;495;508;524;499;508;504;504;502;513;519;310;517;511;513;511;511;517;519;270;369;521;514;519;512;513;516;514;508;508;507;512;509;511;495;297;401;504;507;511;508;506;513;425;490;511;510;521;616;549;544;513;543;537;558;659
411;468;452;462;475;435;456;429;493;501;504;517;498;502;505;505;507;506;518;269;468;516;512;511;505;511;524;269;356;525;520;511;511;513;515;514;517;514;513;516;509;508;503;268;368;510;502;510;513;511;504;437;472;509;499;509;564;567;538;537;549;555;566;628
426;463;473;463;505;465;447;447;500;504;509;492;508;503;504;505;503;504;506;311;464;510;508;514;509;511;512;274;371;519;517;515;511;511;511;518;516;507;512;508;505;509;503;304;365;510;507;507;509;505;510;409;496;511;510;512;554;551;541;538;543;551;568;617
437;457;463;434;452;453;436;437;496;507;508;499;519;505;498;511;507;508;518;267;480;507;509;512;504;516;520;320;375;515;522;515;502;507;509;501;516;514;510;512;510;505;500;273;360;513;512;508;508;508;506;363;479;505;499;510;604;547;541;527;531;540;570;621
432;463;450;486;479;458;444;447;497;504;506;496;518;499;507;511;502;506;511;285;470;511;516;518;505;509;525;311;381;513;517;512;510;512;517;507;512;506;507;506;507;500;496;303;381;511;507;508;515;514;510;485;485;507;509;509;608;549;535;531;540;550;557;626
426;473;459;476;470;446;440;424;491;498;512;492;514;510;502;507;504;508;517;269;474;515;507;512;511;508;521;273;420;515;513;510;508;514;515;498;516;512;511;510;512;510;503;302;380;506;511;505;507;505;509;417;483;508;508;512;619;527;534;530;544;544;570;574
433;466;455;445;473;472;445;460;497;500;509;489;504;501;510;504;508;506;517;275;464;511;518;519;508;510;515;282;421;518;515;513;507;510;510;513;512;516;510;512;510;511;506;271;361;512;511;510;514;509;508;370;488;506;507;514;540;558;542;525;540;543;564;620
430;462;477;477;480;449;438;433;498;507;500;517;513;508;501;501;510;501;520;262;513;513;518;511;511;519;521;272;381;522;506;515;511;507;511;506;514;512;510;510;508;507;500;302;391;504;508;507;512;510;502;420;490;511;510;504;553;550;539;526;550;548;567;616
419;454;443;497;501;446;445;449;497;503;507;520;505;507;497;509;504;512;512;267;477;512;517;510;508;510;525;266;354;513;522;516;511;499;512;510;508;515;515;514;506;506;519;304;386;507;509;505;501;513;510;416;476;507;508;511;625;541;541;531;532;543;567;627