423;464;441;435;463;452;434;434;498;508;503;425;510;510;505;506;505;508;517;282;354;519;514;513;509;517;520;386;517;522;516;515;514;514;518;502;525;515;515;517;507;510;509;440;499;511;509;512;510;506;497;252;267;497;511;512;544;515;524;286;366;513;532;546
420;461;444;408;467;459;438;440;500;503;509;419;514;505;503;506;511;509;520;255;443;513;510;515;510;513;520;420;511;517;516;520;508;512;518;479;501;513;508;512;513;504;512;452;504;505;510;506;511;506;480;243;292;501;505;512;576;515;527;289;353;518;521;562
423;452;427;429;446;427;435;439;492;504;506;438;504;504;503;506;504;508;515;259;446;519;512;514;506;517;517;369;507;523;513;517;506;515;516;481;508;512;509;513;504;503;513;445;505;510;507;513;507;503;488;245;293;494;504;509;525;517;517;253;348;526;519;541
410;457;449;427;461;446;441;438;501;503;502;427;499;506;505;508;508;505;514;261;433;516;516;515;512;513;519;373;493;520;515;513;510;511;512;486;504;515;515;514;502;508;514;463;503;506;507;512;512;504;478;238;295;493;508;505;539;518;525;295;324;533;539;561
419;454;444;450;450;441;446;433;494;496;499;411;493;505;504;505;505;508;512;259;369;514;514;511;509;515;521;349;503;517;516;518;509;509;519;481;499;513;509;510;510;509;507;443;496;504;509;512;512;510;488;255;264;490;509;510;535;542;519;350;370;515;519;581
412;458;438;414;450;452;446;440;492;501;508;414;494;507;503;506;502;513;514;256;371;513;515;512;512;511;522;337;508;514;511;516;510;511;515;479;502;513;515;513;507;508;507;457;485;503;509;512;508;506;485;241;265;501;502;511;537;537;517;315;379;517;533;560
420;473;453;439;454;443;435;449;494;504;503;415;501;508;502;507;504;506;514;262;433;516;510;516;509;514;526;348;501;521;516;519;509;507;512;476;515;512;510;511;509;514;509;454;490;512;509;513;506;505;485;243;268;496;504;510;584;513;512;301;345;531;544;550
420;461;449;431;449;441;436;448;500;500;501;417;508;510;504;506;501;508;508;259;355;514;517;506;505;514;515;355;520;522;519;514;511;512;515;477;506;513;514;512;506;503;508;445;490;512;504;503;510;507;499;251;267;491;506;505;528;520;524;292;429;532;525;541
410;458;445;427;458;444;433;435;496;497;501;356;504;504;503;506;503;508;512;260;427;512;509;514;509;512;520;366;511;523;517;521;511;513;517;486;524;516;516;516;512;506;508;450;502;504;506;508;507;504;490;237;295;495;507;503;531;539;523;286;320;518;523;539
418;460;444;449;439;453;447;438;492;504;500;408;516;501;504;507;508;509;514;256;438;517;509;513;505;515;523;350;517;520;517;515;509;517;518;464;509;512;513;513;508;511;510;457;504;510;507;505;512;504;483;256;263;502;509;508;533;519;516;265;393;519;517;560
406;460;462;436;449;452;436;445;495;498;499;414;501;505;503;508;506;511;513;280;407;513;514;514;512;511;518;409;506;515;520;513;505;509;518;476;505;514;515;517;505;506;502;450;489;509;508;508;510;509;486;242;264;499;506;507;531;519;528;256;356;520;522;539
425;462;432;407;451;447;441;432;493;504;505;421;504;506;498;504;506;505;513;260;359;512;511;518;509;510;524;338;520;518;515;518;512;514;513;460;514;508;515;517;514;507;507;455;491;512;502;512;511;507;486;240;261;495;502;510;556;518;514;309;363;509;529;526
419;453;439;457;459;444;423;430;500;502;506;414;513;504;504;506;507;508;515;256;437;517;506;510;510;517;519;424;515;523;517;518;511;511;519;481;517;513;515;513;513;507;509;468;485;506;510;509;515;506;480;253;296;496;507;511;534;522;514;266;397;513;552;535
409;461;459;430;446;444;431;434;495;504;506;406;484;508;512;506;507;508;512;243;447;520;511;512;509;509;513;409;495;512;521;517;517;512;511;481;511;516;508;511;508;506;507;463;496;506;511;511;515;502;485;245;269;497;509;506;522;521;510;254;389;527;532;546
413;451;448;414;460;447;431;443;496;501;508;429;502;504;508;505;510;509;519;297;378;519;514;509;512;520;518;402;495;518;513;519;510;508;515;490;512;516;517;512;509;510;505;457;494;512;506;513;507;506;489;243;266;492;504;507;526;521;527;263;368;527;526;535
406;447;442;432;456;442;429;432;499;497;507;405;509;510;511;507;506;508;522;264;437;516;514;513;512;513;521;370;501;521;513;512;507;511;518;486;516;520;512;510;508;506;507;449;490;511;509;512;517;504;491;247;262;495;503;507;540;534;516;264;366;513;536;539
412;453;455;417;445;452;444;439;491;500;502;418;498;505;504;503;507;506;513;258;439;511;516;513;505;514;524;363;505;523;523;515;508;511;515;472;505;509;520;507;512;508;505;458;471;510;511;506;507;504;481;258;294;494;504;509;534;519;512;306;330;518;519;544
427;470;448;427;455;439;436;418;498;499;499;411;506;505;502;502;508;513;520;263;445;516;516;513;506;509;513;368;515;516;519;521;511;509;516;483;506;518;515;508;507;508;507;441;491;512;508;508;509;503;488;240;288;501;508;508;546;541;516;272;398;528;526;548
411;462;447;433;451;446;445;439;495;499;504;433;506;508;508;506;510;511;515;262;374;518;514;517;507;512;515;361;518;515;513;517;511;513;511;481;500;516;513;517;510;509;512;456;490;508;505;510;508;508;495;242;257;496;509;511;533;541;515;335;367;516;524;550
414;452;445;447;441;446;454;428;489;500;505;413;521;507;500;502;506;509;517;285;367;509;513;518;509;516;514;372;526;523;519;513;512;506;524;476;512;513;520;514;511;506;507;449;507;506;511;511;506;507;490;246;267;494;504;507;524;518;527;361;405;520;530;538
400;463;444;445;469;458;434;432;495;502;495;424;512;505;507;509;504;508;512;281;378;512;516;519;508;514;519;370;505;520;517;517;509;511;513;477;504;518;511;512;502;504;505;462;488;511;505;512;507;508;490;245;263;499;508;509;525;524;508;289;419;518;518;529
418;452;445;440;470;446;437;437;496;504;501;404;505;507;504;501;507;509;511;261;430;514;517;512;511;513;518;333;510;522;515;521;516;510;519;477;509;514;515;513;507;508;507;455;491;508;513;512;510;506;490;255;264;498;510;512;525;541;517;292;365;534;520;540
410;460;452;431;459;444;438;430;498;503;500;430;493;505;504;501;509;512;513;281;444;508;513;512;511;506;521;380;510;519;518;513;506;515;513;483;523;514;513;513;511;511;510;451;502;507;509;511;512;510;489;244;270;497;504;510;556;521;513;293;366;515;524;559
420;448;451;437;455;455;443;429;495;501;500;436;507;511;497;504;505;506;513;256;360;514;516;515;509;511;517;362;513;519;519;516;512;513;513;480;498;515;511;515;509;510;501;450;483;505;504;510;511;507;486;246;262;490;511;508;532;520;519;262;323;515;524;545
411;462;460;443;441;443;441;428;499;502;503;446;504;506;500;503;507;513;514;260;369;517;515;511;514;514;524;373;506;515;516;512;507;514;516;480;524;515;517;517;513;504;508;459;484;509;507;512;512;504;483;253;275;496;511;511;533;510;514;282;392;518;517;557
417;453;460;443;445;450;439;432;498;501;499;429;502;509;509;507;508;510;517;260;382;512;514;511;511;508;519;384;517;518;512;520;513;506;515;493;517;516;512;512;514;504;511;468;497;509;508;502;508;504;487;254;263;501;504;509;546;514;512;263;376;529;530;540
416;453;446;448;465;436;444;435;497;503;509;418;512;505;503;506;506;511;515;281;367;515;513;514;506;513;521;385;504;518;514;513;510;510;512;488;506;514;515;516;508;507;512;455;482;510;508;513;506;512;491;240;264;499;510;512;533;512;519;255;393;532;530;543
423;453;438;438;445;447;443;438;497;498;499;414;520;502;507;497;509;511;519;264;443;515;511;512;505;513;519;379;495;527;518;514;510;511;517;460;518;515;512;507;507;506;517;433;504;512;506;511;508;506;485;241;267;500;514;503;536;517;512;283;392;530;525;564
405;465;446;438;449;444;440;452;499;500;501;421;506;507;498;504;508;512;520;300;439;511;514;513;508;517;520;355;503;518;522;517;510;508;518;488;524;514;511;511;510;509;509;465;486;505;508;508;506;509;484;240;294;496;507;513;533;521;529;265;366;522;549;562
407;471;447;428;453;456;441;433;497;504;510;414;511;506;508;510;504;510;513;260;438;515;514;509;507;509;522;370;521;521;514;523;509;509;514;467;511;516;513;517;504;511;505;462;496;508;504;506;507;510;490;255;296;502;506;510;531;513;513;264;371;512;524;539
410;464;443;455;460;450;438;444;497;504;501;417;514;503;508;505;504;509;518;262;381;509;515;514;508;516;517;339;521;523;509;516;508;514;516;485;502;512;516;512;511;511;508;454;491;504;511;509;512;507;485;242;266;496;511;508;536;534;520;265;365;528;523;557
412;451;448;451;444;448;434;436;499;496;497;408;500;509;501;504;505;515;515;258;364;513;514;514;503;513;521;407;499;519;519;520;508;518;517;484;523;514;507;512;509;508;506;456;496;511;507;509;504;505;483;243;267;498;511;508;534;521;512;285;426;534;516;530
408;443;451;436;453;438;436;435;494;500;503;388;507;502;502;507;509;510;518;267;381;512;516;510;509;511;522;345;505;520;510;521;509;510;519;455;504;513;512;513;507;509;506;461;493;510;506;514;510;507;485;234;265;499;508;513;540;523;521;280;397;531;526;553
426;456;449;422;459;434;441;449;500;501;500;413;504;506;504;511;509;510;520;257;436;521;519;515;508;515;516;375;514;517;511;518;516;511;518;476;507;514;512;513;512;506;507;451;486;510;511;509;510;504;487;254;295;494;511;508;525;526;511;273;369;532;523;537
420;452;448;427;460;451;429;442;497;497;504;413;500;513;504;505;506;507;519;258;434;514;510;514;508;516;515;337;512;516;517;521;515;515;515;477;521;516;510;514;510;504;511;462;504;506;511;508;504;511;489;240;292;502;508;512;545;522;522;262;402;517;530;559
418;458;453;434;456;452;429;426;495;501;497;384;513;506;507;505;507;510;518;256;432;517;515;511;511;514;518;351;515;520;512;522;509;515;518;481;508;513;521;511;508;514;507;451;476;505;510;506;507;509;488;242;278;494;508;508;549;523;523;282;363;516;536;530
406;458;465;449;442;440;432;432;494;500;503;444;515;508;499;510;503;507;515;260;441;519;512;514;512;515;517;365;507;520;516;519;508;513;512;482;510;513;509;512;509;507;512;451;483;511;508;508;514;509;486;252;270;496;502;508;533;522;508;274;355;521;523;537
417;458;453;435;443;444;439;442;493;503;505;418;508;501;502;508;505;511;516;265;373;510;511;512;506;516;520;342;516;518;513;517;507;515;514;479;513;516;517;506;508;509;505;453;491;510;507;503;514;508;483;245;280;500;508;510;542;541;512;293;357;519;516;571
407;471;452;429;450;444;452;432;497;497;507;430;505;504;503;504;508;510;518;256;432;517;509;509;505;512;523;345;510;521;516;521;511;512;516;458;521;518;512;509;504;507;508;459;492;510;510;507;510;509;477;240;263;501;504;507;578;522;512;319;359;530;528;561
419;452;443;445;447;445;436;443;497;501;507;433;506;510;503;506;502;502;514;263;385;515;507;513;506;513;522;389;500;522;513;516;507;509;519;500;510;511;515;511;508;514;511;450;503;509;512;512;504;508;490;249;288;502;507;508;536;521;510;287;364;516;546;545
409;446;458;436;458;437;443;432;497;505;500;425;498;503;503;509;507;510;516;263;363;516;510;514;509;512;526;335;513;523;514;518;508;516;509;485;508;515;517;515;506;506;510;467;508;511;508;507;509;504;482;242;294;499;503;505;549;544;521;356;367;520;523;567
410;453;463;436;440;449;434;451;495;498;504;419;501;507;512;508;508;509;511;266;372;516;513;515;507;519;515;345;523;519;513;519;508;514;514;486;513;508;513;509;510;509;511;462;510;502;511;509;509;511;490;238;264;506;508;509;547;519;522;296;377;525;526;544
422;449;453;432;445;450;446;433;489;498;507;387;509;503;500;509;503;507;517;258;439;514;515;515;512;512;517;408;511;516;513;519;509;510;514;477;508;511;519;514;509;505;504;457;481;509;507;508;504;507;488;241;294;495;508;510;536;525;513;259;346;515;519;530
421;454;452;437;458;424;436;456;502;500;505;437;521;501;503;508;506;511;518;256;444;516;512;512;511;512;520;375;524;515;519;518;507;514;516;472;509;514;515;513;505;503;507;464;493;512;506;508;508;506;477;253;267;495;508;512;545;516;519;255;404;536;527;558
412;454;445;432;458;441;431;433;495;508;509;379;512;509;505;506;508;504;509;261;432;512;515;514;510;517;515;374;509;513;515;515;511;508;513;496;514;517;513;508;505;505;504;448;490;510;507;509;508;504;493;244;264;496;506;512;531;523;510;293;398;527;545;541
414;455;459;437;458;438;441;434;499;503;503;407;494;506;509;508;508;512;509;282;452;516;508;512;510;514;524;407;496;529;518;516;513;515;513;479;514;516;516;508;512;509;507;447;492;511;511;508;507;504;493;239;271;493;508;515;548;517;513;254;373;523;526;535
413;449;449;784;457;442;438;438;492;503;502;426;511;505;503;503;510;507;511;257;442;514;517;511;512;513;519;366;522;524;513;520;512;507;518;491;518;516;511;516;514;509;505;449;491;511;508;511;513;504;484;245;265;499;505;512;537;521;514;282;364;521;523;539
419;464;460;424;450;448;441;441;495;497;505;377;516;504;497;505;507;509;512;260;368;514;512;503;508;511;519;404;516;519;515;514;511;515;518;480;502;516;518;507;509;510;505;454;497;510;504;511;508;506;485;243;263;495;506;509;546;520;514;285;352;519;538;560
417;456;442;420;466;438;434;434;494;500;507;384;487;505;502;507;508;511;514;258;438;515;512;513;509;515;527;418;525;521;518;515;508;513;515;487;506;516;515;515;508;508;506;458;490;509;505;509;510;508;478;252;257;500;506;510;548;512;513;293;367;515;527;545
416;450;447;450;462;455;437;438;499;507;503;424;502;514;507;503;507;513;511;254;375;517;513;514;510;511;519;375;516;524;513;517;510;506;517;490;518;511;515;512;509;507;504;437;496;509;509;515;512;506;488;240;268;494;507;508;528;530;516;256;367;513;539;554
419;451;435;453;444;427;440;433;493;498;504;398;503;506;505;508;509;507;515;278;452;515;512;512;506;516;518;343;503;518;517;518;512;511;518;481;511;518;514;509;512;508;516;455;489;511;506;508;512;508;490;245;296;492;504;506;535;512;512;254;392;510;522;554
422;462;449;419;444;442;451;437;495;503;505;417;511;508;501;506;504;503;516;261;446;513;516;515;507;519;517;377;489;512;516;518;515;509;510;501;502;515;512;508;503;503;510;464;502;512;502;510;511;500;474;241;266;491;510;504;550;519;519;293;392;530;525;530
423;456;460;447;452;442;431;428;498;506;499;415;505;506;507;500;504;509;509;250;372;506;515;511;503;510;522;377;516;522;518;521;510;512;519;482;510;512;515;515;505;509;511;451;495;510;509;506;510;501;487;243;271;497;506;510;540;517;521;284;398;526;532;549
407;450;447;436;441;453;427;436;496;496;507;431;517;508;504;508;506;506;522;301;435;514;513;512;504;515;521;362;511;518;518;518;508;506;523;479;510;520;513;510;507;509;512;439;505;512;503;511;509;508;480;254;262;490;512;510;531;541;526;280;355;531;523;550
420;443;459;419;450;446;443;431;497;496;511;410;506;508;506;507;508;507;514;267;451;512;513;515;506;510;511;399;515;515;521;520;507;507;514;478;512;516;514;511;502;503;507;453;487;511;508;511;515;509;487;244;297;497;509;511;547;537;510;262;399;517;524;535
417;451;449;430;443;449;441;446;499;501;501;425;517;506;505;504;511;511;517;255;377;513;513;518;510;509;516;367;520;519;514;514;510;513;518;482;516;515;512;508;507;508;507;459;492;511;506;508;507;513;483;248;262;497;509;510;538;518;517;264;356;532;524;537
404;459;457;424;452;442;442;435;499;501;498;384;518;503;507;510;504;511;520;258;434;512;516;517;507;512;521;392;500;519;515;518;509;512;515;488;523;517;519;512;512;513;508;453;486;503;504;513;512;504;486;245;264;495;508;508;579;523;512;254;344;530;552;538
409;464;461;416;462;445;444;434;498;503;507;419;506;511;506;502;507;507;518;250;449;518;517;512;509;506;520;366;496;523;517;517;510;517;513;495;509;514;518;515;515;515;508;453;507;512;511;514;511;501;490;247;268;498;506;502;529;539;523;292;368;512;524;566
421;460;448;427;457;436;445;432;497;497;501;419;515;505;503;500;505;510;517;256;444;511;515;513;508;510;523;368;501;519;518;518;511;515;517;482;519;517;517;510;511;508;510;458;497;504;509;509;509;512;484;241;298;494;513;508;526;522;513;282;391;519;518;532
415;451;450;400;444;441;435;438;496;506;500;424;506;508;504;509;507;515;511;258;371;517;510;514;507;512;523;379;503;518;519;520;509;513;516;494;503;510;511;512;507;504;513;449;504;514;509;506;508;506;482;244;268;493;506;508;528;520;510;296;396;518;530;550
407;455;443;428;461;448;441;433;498;497;509;398;522;505;507;503;500;512;520;258;444;514;512;517;506;516;517;369;521;524;516;519;510;511;518;484;522;513;515;516;509;510;515;454;496;508;514;508;507;509;482;244;297;500;509;508;551;519;511;264;362;513;526;527
397;454;461;434;455;437;444;432;494;506;505;426;509;508;507;509;504;513;510;256;371;514;511;512;511;511;516;372;516;518;516;517;513;508;514;443;520;512;516;512;509;503;504;449;499;511;507;512;503;505;480;258;296;504;504;511;518;526;513;283;338;518;522;606
416;456;446;427;458;438;434;436;498;504;504;394;494;506;500;507;506;509;514;262;359;511;511;517;508;506;518;396;510;518;513;516;511;511;515;487;516;510;512;515;506;509;508;468;493;509;508;511;509;512;483;243;266;501;507;512;550;537;513;256;358;523;529;546
424;452;459;436;437;448;441;428;501;499;501;399;492;509;501;509;506;510;507;265;445;513;512;512;509;512;517;348;532;520;518;522;507;509;523;477;521;521;512;512;508;503;511;440;500;509;508;510;501;508;488;234;266;497;512;505;541;517;525;343;371;518;519;539
409;459;457;420;464;449;435;444;495;505;504;431;502;508;501;505;504;508;511;256;442;513;510;513;510;512;518;412;497;526;518;519;512;511;510;487;515;512;514;512;509;504;508;453;489;508;507;513;503;505;484;254;262;501;507;515;547;517;526;254;370;520;522;567
404;452;453;430;453;448;435;443;499;504;503;379;495;508;505;502;505;513;513;254;435;510;512;512;505;511;525;403;531;520;516;517;510;510;517;470;516;517;515;511;507;507;510;453;484;508;504;510;513;508;483;244;292;499;510;507;539;520;512;287;351;522;531;558
396;463;442;431;446;446;451;425;494;505;503;403;493;505;506;506;504;506;514;281;374;511;515;511;508;514;519;367;504;523;514;516;514;510;520;481;514;514;512;511;510;503;507;459;499;509;507;508;513;508;487;251;291;497;511;505;555;534;528;259;349;521;526;557
416;466;453;423;457;442;448;432;494;501;506;428;518;508;504;507;507;511;513;261;449;517;517;512;508;513;523;396;520;521;513;521;506;511;519;485;506;514;513;515;512;503;514;459;490;511;507;508;509;504;487;242;294;496;506;506;535;518;514;269;366;514;518;541
410;462;446;431;462;437;439;447;498;504;505;442;510;509;506;506;502;507;509;261;440;510;511;514;504;518;522;370;508;520;512;515;514;509;520;483;505;512;515;511;509;509;513;448;498;510;508;507;507;504;487;254;262;497;510;511;579;515;523;267;323;531;518;538
410;453;446;437;453;437;433;452;496;502;506;425;516;506;504;504;508;506;522;260;386;519;512;515;512;515;518;383;492;515;508;519;512;510;514;489;510;513;513;513;510;510;507;454;488;504;506;512;511;503;483;252;269;493;507;506;533;522;512;253;340;517;522;561
416;461;450;416;453;442;435;431;495;504;499;426;501;505;503;508;505;509;511;259;442;515;513;511;508;517;518;405;501;517;517;521;509;512;517;472;505;512;513;512;503;512;503;454;487;513;511;507;512;503;486;243;287;494;509;509;585;531;517;265;371;515;528;560
418;456;451;450;466;436;436;436;497;507;504;440;509;510;500;507;505;507;515;262;445;518;511;510;509;520;522;357;522;526;519;522;512;510;517;452;515;513;519;517;510;504;514;458;488;510;512;510;509;505;489;243;268;498;511;510;547;519;516;298;400;521;521;548
419;453;454;429;466;447;433;435;495;504;513;415;511;506;508;506;504;510;510;259;439;517;514;515;510;517;522;378;497;517;513;515;512;512;515;475;500;515;518;515;508;510;511;456;488;507;509;511;514;508;485;246;272;496;504;511;537;515;510;248;344;535;517;603
427;462;448;419;454;440;414;418;494;500;499;420;511;511;503;508;508;510;514;252;428;510;511;516;507;515;521;375;498;519;516;517;508;511;517;480;512;519;513;511;509;506;507;452;496;509;509;508;509;503;493;253;269;505;504;507;530;537;523;267;341;517;517;532
423;447;440;427;461;436;445;431;498;499;502;414;508;507;506;508;508;508;509;260;445;515;514;516;504;516;525;399;520;518;513;518;507;513;516;473;519;514;516;509;513;512;514;443;499;512;509;513;512;509;482;243;294;497;508;507;531;522;517;252;348;517;518;532
407;458;429;430;436;443;431;438;495;497;497;374;518;511;508;509;506;510;513;264;372;511;515;515;508;511;520;348;503;522;516;522;512;510;515;484;520;514;515;510;509;505;510;440;487;507;508;510;508;506;489;253;298;502;504;507;544;513;526;262;362;524;519;525
418;463;453;406;456;450;434;434;496;502;507;372;502;508;508;503;510;508;511;253;366;514;510;510;506;513;520;394;499;518;517;515;508;515;516;472;510;518;512;508;506;511;507;446;500;513;507;509;506;508;481;253;282;501;509;510;570;533;519;318;358;514;521;609
409;468;461;439;465;444;439;441;495;500;501;434;502;501;506;505;505;510;512;266;362;511;510;515;509;513;523;377;480;517;515;519;510;510;515;482;508;521;513;512;501;501;511;459;502;508;508;508;507;507;489;245;268;497;508;510;525;519;522;294;352;508;527;578
408;450;443;443;446;441;436;437;499;504;502;405;509;502;500;505;507;511;508;281;452;514;516;516;511;516;520;403;510;517;513;518;510;511;517;473;503;515;516;513;515;512;510;461;490;510;507;509;516;506;488;239;290;495;505;510;533;519;522;266;345;517;522;533
410;462;451;431;452;439;436;435;504;498;500;423;506;512;508;507;507;508;511;284;367;516;513;514;511;519;515;396;509;517;512;518;510;513;512;490;515;517;515;513;509;503;512;472;511;512;505;510;505;504;486;238;291;495;506;510;572;525;518;251;318;517;523;535
416;462;450;427;441;451;439;420;492;496;507;415;502;505;505;509;508;507;520;280;384;514;509;512;507;511;516;372;518;522;518;517;509;512;513;474;514;517;511;505;509;502;507;447;485;508;504;516;510;499;499;254;262;495;508;507;556;516;525;280;366;521;520;560
405;461;439;412;455;458;419;440;493;501;499;430;516;507;502;505;511;513;510;263;383;521;511;512;513;515;518;358;508;519;518;518;511;509;518;471;504;509;515;504;510;507;503;457;484;506;507;510;511;511;482;238;268;496;504;509;536;528;520;255;341;524;526;562
415;453;437;430;445;447;435;435;499;504;505;426;517;507;506;502;505;508;516;268;368;515;513;515;507;515;515;379;502;521;516;520;513;513;516;476;520;512;517;512;503;511;508;453;487;511;508;508;513;505;485;246;272;490;506;508;533;518;514;268;369;520;529;538
418;451;456;429;458;446;429;428;496;497;504;427;500;508;503;503;508;516;508;253;375;512;513;509;507;515;518;399;526;527;521;517;510;513;515;485;514;517;511;516;506;503;503;446;502;508;507;507;512;503;486;244;266;494;511;507;551;518;527;252;341;515;531;554
423;455;444;439;444;447;435;443;494;502;507;418;508;506;503;504;506;508;514;263;438;518;514;511;508;514;514;376;497;522;519;516;508;510;517;482;505;515;513;512;508;503;507;436;495;505;505;507;505;504;480;242;279;498;504;506;535;523;514;286;389;529;523;548
422;463;449;440;440;449;433;441;494;503;505;430;518;505;503;505;504;511;509;262;366;510;511;510;508;517;522;359;500;516;521;516;510;509;513;477;501;512;513;515;509;506;511;459;492;504;508;510;509;509;490;242;298;496;508;505;547;514;511;256;363;522;553;533
426;455;448;430;454;439;437;436;494;498;503;413;507;506;503;504;510;507;516;259;374;517;513;513;505;513;521;371;515;519;516;521;512;511;523;486;513;516;512;507;509;508;505;444;483;512;506;510;510;504;483;243;291;488;506;507;544;517;520;265;363;528;527;555
405;455;454;431;450;441;436;430;496;493;502;414;510;505;506;506;504;513;513;306;445;513;512;513;505;511;519;389;503;522;517;522;512;509;525;459;504;515;513;511;509;514;502;454;484;509;508;514;508;507;478;247;265;503;505;507;539;526;513;286;389;521;527;555
417;460;454;448;464;430;444;435;495;506;510;419;494;503;502;509;506;512;512;258;367;513;516;512;507;510;523;377;526;523;511;519;507;509;516;488;506;514;513;511;508;505;509;462;487;506;509;510;516;507;489;237;268;488;510;504;529;516;514;274;356;508;515;543
416;469;451;456;458;454;434;436;495;502;501;403;522;507;504;506;502;509;515;260;444;512;511;515;517;509;519;400;516;516;519;522;505;511;516;476;522;518;520;513;505;502;509;457;499;511;509;512;502;512;481;251;272;497;508;510;529;516;511;263;338;532;519;567
420;452;443;436;459;452;429;443;500;505;505;397;503;502;501;512;505;511;520;299;426;514;517;515;508;515;526;341;490;525;515;513;512;517;517;497;503;515;519;510;513;506;513;447;487;509;507;512;514;504;481;251;264;504;508;509;547;521;513;261;413;514;521;552
412;446;441;406;450;451;436;434;495;502;506;397;501;507;509;508;501;512;512;260;433;518;511;510;509;519;516;354;503;515;519;519;511;513;516;462;525;511;518;512;505;509;506;465;487;508;510;506;511;504;479;244;249;504;507;509;541;518;524;288;398;518;528;537
419;463;454;445;430;447;438;441;497;502;505;414;506;506;505;508;506;507;520;262;449;516;509;513;507;514;519;380;528;517;514;518;514;510;517;487;510;515;515;517;505;506;514;453;496;507;510;508;512;509;487;246;295;501;507;508;531;513;513;264;379;524;521;532
406;452;439;395;454;442;438;441;498;496;505;407;511;504;507;511;505;505;514;261;448;513;514;512;510;514;514;408;511;517;513;518;513;517;516;473;504;521;512;513;506;505;510;456;485;507;510;512;509;507;491;252;293;501;506;513;550;541;523;253;387;525;522;543
410;461;446;424;439;447;431;433;496;503;508;393;520;504;506;506;504;506;512;261;364;513;515;514;509;515;519;375;507;519;516;518;510;512;511;490;524;520;509;513;508;514;510;459;487;503;507;508;506;503;488;244;295;496;510;514;535;513;521;295;392;516;542;558
403;457;432;451;456;443;442;448;501;499;511;413;507;511;505;504;507;511;511;260;361;518;516;517;511;518;516;348;500;518;509;517;509;510;510;480;500;508;512;512;514;504;510;432;495;511;504;509;509;511;492;244;268;493;508;504;543;535;519;296;394;528;532;546
409;458;453;429;458;448;441;444;492;504;501;429;513;508;505;503;505;510;514;253;428;516;516;511;508;513;524;379;511;522;517;518;511;509;518;489;517;512;513;511;508;511;509;450;478;505;509;511;509;500;488;241;267;490;505;513;539;538;523;253;359;516;517;568
427;458;443;432;417;452;446;424;497;504;506;432;524;502;504;506;507;510;510;258;450;516;516;514;512;509;519;365;497;520;507;513;512;517;516;476;523;513;513;515;513;503;508;457;496;510;507;509;508;508;490;246;265;504;506;511;546;514;506;269;364;511;531;562
424;460;451;425;452;428;443;437;500;499;502;440;503;508;503;503;507;504;515;304;369;519;514;512;509;515;520;363;517;521;521;515;516;509;514;456;516;515;515;513;509;507;504;459;496;509;504;508;512;511;485;231;268;493;503;515;540;513;513;250;345;519;529;562
421;450;440;426;447;456;436;453;492;497;502;398;511;508;506;507;505;510;516;254;405;511;514;518;508;517;516;371;505;517;511;521;509;507;517;485;519;520;516;512;503;506;513;460;497;507;514;507;510;509;483;241;295;497;502;504;546;518;516;304;341;533;524;536
420;455;443;449;441;439;429;434;492;504;504;405;495;510;503;510;508;511;516;284;437;514;510;512;508;513;521;340;507;519;523;518;515;510;511;481;522;512;513;512;509;499;503;445;487;510;507;512;512;505;479;240;271;504;504;508;534;514;530;282;358;531;522;557
409;463;466;437;453;444;431;423;497;506;503;441;506;504;501;505;505;512;515;259;444;513;507;511;510;516;527;407;503;520;515;516;506;512;519;487;523;514;511;513;513;508;512;472;501;511;507;510;512;511;484;251;267;497;508;511;547;521;509;294;392;522;519;550
415;457;449;432;448;442;430;435;491;501;501;438;511;513;501;506;510;513;523;300;366;520;515;512;508;513;523;368;524;514;515;513;511;512;517;491;504;511;513;518;505;511;510;470;488;505;506;510;509;506;480;254;293;500;508;506;548;520;516;280;338;523;526;539
420;448;444;431;454;451;443;450;493;497;504;423;510;505;506;504;510;510;516;261;356;517;513;514;505;518;519;376;519;520;515;518;513;514;518;479;503;513;515;511;512;505;507;454;496;509;503;514;510;507;488;244;291;499;508;506;543;512;526;295;397;520;526;536
404;454;457;434;452;448;431;433;494;500;500;425;504;508;507;504;507;511;517;259;431;518;516;511;507;512;518;360;514;521;515;519;511;508;515;466;512;506;517;513;510;506;512;459;496;510;510;512;507;508;483;240;273;495;512;510;532;516;524;350;399;513;522;538
419;453;453;408;444;453;434;445;495;502;504;431;516;508;504;511;503;508;512;260;379;511;512;512;510;516;522;369;508;520;518;522;506;513;521;471;513;515;513;514;513;507;508;441;492;513;508;507;507;502;481;245;293;496;513;508;538;517;522;255;378;518;522;554
412;456;447;414;448;447;434;457;499;502;504;422;506;508;511;502;507;510;520;234;441;515;512;515;509;516;521;368;501;521;513;516;516;513;511;488;522;513;511;507;509;508;506;455;496;505;507;507;507;508;490;240;291;500;509;512;550;520;513;293;389;516;538;537
418;456;451;410;460;436;440;439;500;500;507;425;491;506;504;509;507;513;515;255;397;513;514;509;508;518;518;406;524;517;514;520;513;515;512;503;506;517;511;513;507;510;511;438;490;504;509;511;510;510;489;245;265;494;510;506;546;516;525;363;359;511;516;564
413;456;456;441;450;447;442;430;495;500;505;426;498;505;503;506;505;509;513;258;441;513;512;514;507;512;520;381;525;521;516;519;510;516;516;478;513;519;514;510;510;509;504;449;491;506;506;510;511;508;486;253;267;493;505;503;541;525;523;277;401;517;528;541
416;466;449;425;463;443;435;435;501;503;506;431;510;510;505;504;509;509;514;259;438;507;517;515;503;515;519;377;525;519;518;521;509;511;519;496;504;516;513;515;510;508;514;460;491;503;507;512;509;508;486;253;294;497;508;510;536;514;516;289;426;525;521;544
424;453;451;428;456;451;437;438;495;502;503;364;509;507;507;505;505;510;510;262;378;521;513;513;511;517;521;360;512;520;517;519;508;511;514;484;498;512;513;508;508;504;510;466;493;508;511;513;507;508;489;242;277;499;508;510;538;517;515;266;367;517;522;545
412;457;450;455;445;443;453;437;494;501;507;414;518;511;502;509;508;510;519;277;355;516;510;515;507;516;514;366;505;521;514;518;511;511;515;488;506;517;513;511;507;505;512;446;484;502;507;508;509;503;485;253;264;501;507;515;540;540;504;264;391;518;521;549
410;458;450;423;444;438;443;449;497;503;498;412;516;510;504;505;507;512;515;260;362;510;519;517;511;510;523;400;505;520;511;520;510;512;513;463;513;509;509;515;510;506;507;472;510;506;506;510;509;504;479;245;290;496;508;507;531;519;514;288;349;530;525;546
413;459;460;439;466;457;444;415;498;500;499;426;499;506;504;509;505;513;516;310;368;517;517;514;508;514;521;348;507;521;515;518;507;515;511;479;523;514;518;514;508;505;511;447;508;503;505;511;509;502;480;242;294;494;505;504;537;526;511;273;336;524;528;556
425;459;456;435;459;446;438;445;498;501;508;428;506;513;501;505;506;508;519;260;444;515;513;511;507;515;520;344;523;517;514;520;512;507;509;485;522;516;517;512;507;506;510;446;492;513;509;511;508;506;485;244;298;494;507;512;524;546;523;253;353;519;528;558
420;466;449;434;461;452;440;434;499;499;497;420;511;506;504;502;505;506;510;261;369;512;514;509;509;517;518;333;525;515;517;518;512;510;517;467;502;519;511;510;503;509;508;446;497;512;506;511;507;504;479;258;268;491;507;504;543;543;526;292;360;519;546;559
408;457;447;442;469;443;438;437;496;498;508;427;500;510;508;507;504;510;516;254;364;518;509;517;510;512;521;363;501;521;512;520;512;513;519;486;519;514;510;515;512;514;506;457;492;509;512;508;508;500;492;256;264;496;508;509;549;522;524;248;347;515;532;567
417;455;447;413;455;449;438;441;499;504;502;409;515;509;508;504;506;508;515;259;373;511;512;511;508;516;522;373;500;523;514;519;510;513;510;486;517;517;516;512;510;506;506;445;490;505;509;511;507;503;481;258;263;498;503;509;577;517;514;267;394;519;529;533
405;456;459;432;457;436;443;438;494;501;500;411;514;504;503;506;505;509;515;257;402;514;520;515;509;517;521;359;502;518;515;519;510;512;511;479;499;512;513;506;512;507;509;460;483;509;512;508;513;505;486;244;265;497;505;509;528;522;507;282;364;528;531;534
411;458;455;409;449;454;441;443;494;497;502;419;499;512;506;506;508;510;517;257;436;511;515;513;506;514;523;355;505;525;515;513;510;520;513;455;501;511;513;515;508;507;512;454;494;505;508;511;511;507;481;255;302;495;509;507;579;528;519;295;347;515;518;573
418;465;453;430;462;445;440;432;495;501;508;433;497;504;506;512;507;511;515;258;371;515;519;513;507;507;522;379;520;522;515;519;504;513;515;480;521;514;512;512;507;506;509;464;487;511;511;511;512;504;482;241;268;500;505;508;531;542;511;269;351;529;513;549
422;453;455;433;452;447;428;438;491;505;509;407;521;506;502;507;502;512;515;261;364;515;518;515;511;514;518;412;526;519;522;520;510;510;519;483;509;515;509;513;510;504;511;447;504;507;510;508;503;509;474;239;288;493;508;505;537;541;509;281;363;513;520;551
418;446;449;418;452;429;442;440;494;500;510;416;513;503;506;508;503;510;509;258;384;515;512;517;509;510;517;374;509;517;516;519;511;515;515;480;518;515;513;517;509;503;505;440;484;511;507;510;512;504;481;240;267;492;507;511;534;518;521;297;324;514;520;568
408;452;450;440;457;444;430;443;499;503;501;413;517;502;506;507;505;514;513;258;378;512;515;516;515;509;522;352;518;519;519;515;515;513;517;491;511;517;513;507;509;510;504;469;484;507;507;513;509;507;488;246;265;493;507;515;539;520;530;261;358;532;529;541
423;454;444;427;468;443;433;441;497;496;508;434;512;508;500;506;504;509;515;268;366;518;515;513;511;513;520;400;499;521;517;514;513;514;519;482;524;516;515;511;503;510;508;457;489;514;503;510;509;508;490;251;301;491;508;506;537;539;525;255;345;526;517;542
407;471;447;417;463;452;442;438;496;503;503;416;506;511;509;509;501;502;512;260;447;510;515;518;519;515;527;338;520;516;518;519;506;516;521;476;514;517;516;511;515;507;509;458;491;508;505;510;511;504;481;243;272;495;506;509;546;514;518;266;383;517;529;541
421;453;458;436;461;443;434;444;500;495;505;422;511;506;505;499;505;511;513;302;374;515;507;514;512;508;522;356;502;520;515;518;509;513;511;475;523;513;511;513;510;507;509;452;493;501;511;503;513;503;485;250;290;496;509;508;532;516;522;294;422;515;526;546
414;463;474;455;451;437;437;452;502;502;507;407;507;508;508;506;509;511;511;260;445;513;511;515;513;514;523;401;490;524;517;517;515;513;517;477;507;516;514;511;508;511;507;451;502;508;504;507;507;507;484;257;265;501;504;505;525;530;511;256;345;511;544;536
409;452;444;430;453;443;435;444;494;503;505;429;521;507;503;505;504;508;506;266;441;515;515;512;506;512;520;415;507;522;512;517;507;512;510;488;515;515;513;508;502;511;506;459;491;512;504;508;507;512;492;246;268;501;508;507;536;517;513;262;345;521;528;544
420;460;453;430;455;451;435;429;503;501;513;413;514;511;507;505;506;513;514;259;367;518;512;513;507;514;525;366;496;519;519;519;510;513;518;476;511;514;517;515;507;508;515;463;484;508;512;512;506;508;487;243;270;495;506;512;546;519;523;303;349;529;522;539
412;456;454;431;467;452;430;431;497;498;501;408;498;506;507;509;504;513;517;249;381;518;515;520;514;513;518;390;507;517;515;519;513;513;511;455;506;517;513;511;512;506;511;458;490;509;507;506;510;504;483;254;267;502;508;509;524;535;524;272;343;526;530;563
413;453;453;438;456;445;437;435;497;500;504;402;504;507;504;505;508;511;512;255;394;516;515;515;511;511;520;368;504;522;516;516;515;511;511;493;512;519;512;516;510;507;507;468;487;511;508;515;513;504;486;244;267;499;506;506;545;533;530;306;315;527;514;565
421;452;440;418;451;444;443;440;496;501;511;378;505;506;504;505;506;512;518;266;393;515;518;514;507;510;518;374;511;520;512;519;507;507;512;485;503;511;512;510;509;511;505;450;487;502;508;508;510;507;487;242;290;501;509;511;570;515;524;251;356;516;524;562
425;456;486;425;458;437;440;441;494;509;502;370;507;507;503;510;501;511;511;257;379;514;513;515;503;510;517;404;501;517;517;515;515;515;513;482;499;513;512;511;509;508;510;450;491;512;510;511;513;507;487;248;268;498;509;508;529;519;519;290;349;534;536;540
424;454;446;431;459;440;438;438;489;499;507;393;513;506;509;503;506;509;516;260;434;514;513;513;511;517;516;384;499;518;515;515;507;512;514;504;507;516;516;514;513;502;508;452;483;512;511;511;508;505;487;245;268;501;511;516;577;519;506;256;396;518;524;537
411;450;469;416;449;448;446;438;501;503;508;429;491;500;506;509;505;510;518;263;361;512;516;512;511;519;520;367;502;521;512;518;513;508;513;467;512;516;515;514;505;505;504;469;494;510;509;511;514;512;484;242;266;497;506;506;527;534;521;300;371;531;514;544
421;460;444;427;441;444;429;436;497;502;502;425;490;504;500;501;504;510;516;304;443;517;514;515;510;513;519;398;508;523;514;516;512;511;512;493;514;517;513;515;505;502;501;455;496;513;508;511;509;505;487;254;300;500;513;506;542;521;522;264;416;516;551;548
419;453;444;417;467;454;446;420;496;501;516;404;513;511;502;505;505;514;513;264;373;519;511;511;511;518;513;342;519;522;520;515;512;518;517;487;512;513;517;512;512;508;506;457;485;514;507;512;508;502;484;256;271;496;503;512;525;522;527;254;361;513;525;677
415;463;453;417;451;451;436;439;497;499;502;402;515;513;499;510;507;504;508;248;375;519;512;512;509;515;513;348;507;520;516;519;508;510;515;480;511;514;514;517;508;505;509;459;492;505;505;512;507;506;490;250;294;500;508;512;546;513;521;293;369;519;529;556
414;457;448;418;451;449;446;418;497;502;503;434;510;504;504;506;510;506;507;252;436;516;512;516;507;515;521;415;501;519;517;519;508;513;523;442;495;513;507;513;513;508;508;437;498;512;508;508;513;505;485;250;292;502;506;508;533;515;516;288;338;520;520;561
404;442;425;441;466;447;442;440;498;502;505;407;507;506;501;502;506;509;512;256;436;517;515;510;509;512;519;400;502;521;512;517;508;516;518;492;518;511;520;513;507;509;508;453;494;510;508;506;509;505;481;244;292;494;507;508;519;524;516;294;389;519;520;553
408;447;451;430;449;434;452;446;497;501;500;429;517;505;502;515;506;509;516;282;433;515;513;515;508;514;518;408;522;519;514;518;508;511;517;481;515;517;514;511;505;509;511;434;495;509;511;510;510;503;486;236;290;506;509;515;529;536;512;261;379;526;524;565
406;470;435;418;453;445;423;443;491;508;504;410;512;509;505;506;508;512;510;259;369;521;514;513;506;517;525;370;494;518;516;517;510;509;518;495;501;518;516;512;506;507;507;434;485;506;510;515;513;503;484;253;291;492;508;512;545;541;514;255;371;516;522;556
420;462;444;442;451;452;447;431;501;500;502;414;491;504;501;503;505;508;510;309;359;514;511;512;510;515;518;396;507;525;516;521;512;514;511;487;515;516;513;514;509;504;509;450;503;513;512;509;510;508;488;252;290;493;513;507;532;514;514;280;365;526;513;559
418;460;443;434;456;447;444;437;494;501;498;454;513;508;501;510;507;508;513;256;436;518;512;516;510;516;517;367;497;518;516;519;511;512;516;492;514;513;515;513;514;507;510;460;500;504;512;511;504;508;489;248;268;500;511;510;543;519;513;266;367;520;515;551
424;454;449;405;452;439;436;448;492;506;507;406;502;503;508;509;505;508;517;256;387;515;514;522;509;517;517;352;499;523;515;518;511;513;511;512;521;515;515;513;508;511;505;451;499;503;505;510;512;504;484;242;277;496;506;509;533;539;512;252;364;510;547;562
399;451;444;434;420;442;432;432;493;504;505;394;497;510;506;504;508;516;514;253;374;518;515;513;507;511;520;361;491;521;517;517;510;514;517;459;510;514;513;514;507;508;509;446;493;508;506;512;512;506;484;243;268;498;509;511;531;520;525;287;386;531;526;546
406;458;441;421;469;453;439;441;494;498;501;425;510;504;501;512;503;508;511;260;430;516;514;513;509;517;513;368;520;524;515;511;510;512;515;462;518;517;518;515;512;512;504;458;491;510;507;511;504;504;480;238;264;504;509;509;524;536;521;303;345;521;526;545
414;447;451;424;450;435;441;431;501;497;506;415;498;508;501;507;509;511;515;261;440;510;516;511;508;519;517;385;500;515;514;519;510;512;520;479;510;514;516;515;511;509;507;460;495;512;508;509;514;512;488;241;265;496;506;507;532;520;515;294;337;520;525;568
411;449;443;429;458;441;432;429;498;498;508;414;508;508;509;508;506;513;514;269;369;513;509;512;510;514;521;399;518;520;518;515;512;510;513;464;516;516;517;515;501;510;503;470;508;507;506;509;504;512;490;232;268;497;504;514;546;512;515;283;394;535;516;540
395;455;450;438;453;442;436;428;494;502;507;428;511;505;504;507;505;509;512;263;422;517;508;514;511;518;523;360;495;521;518;519;507;509;519;486;503;520;513;511;510;501;507;455;496;507;510;511;512;509;481;248;291;502;511;512;533;517;518;258;351;521;544;530
419;463;448;448;452;445;431;443;498;500;508;437;511;511;506;509;503;508;512;259;439;515;510;511;508;514;508;350;524;524;521;521;517;505;515;480;513;516;516;508;510;507;512;465;492;511;510;511;504;511;484;246;267;501;508;507;533;515;521;299;352;532;517;537
429;455;456;427;447;443;440;439;499;503;510;413;518;505;504;503;505;512;518;278;366;516;507;513;507;514;527;394;505;523;517;520;512;510;514;486;508;517;515;508;510;511;510;456;496;514;510;508;510;506;489;240;291;496;508;512;535;527;524;284;373;516;527;547
422;460;452;453;462;446;436;447;500;504;504;416;510;505;502;507;506;506;512;259;361;519;514;515;510;514;518;372;506;526;512;518;506;516;518;488;514;512;512;507;506;508;512;454;502;511;515;507;503;509;488;243;290;497;506;507;540;512;512;252;330;531;518;558
415;456;440;426;460;437;441;409;493;502;505;416;505;506;501;505;505;515;512;250;369;514;513;516;508;514;519;368;521;522;515;519;507;509;516;483;494;516;515;512;508;508;505;459;483;511;503;512;505;509;490;242;258;489;510;505;534;520;515;264;359;512;521;563
422;461;463;426;442;438;448;442;498;502;508;410;510;504;499;506;508;510;519;256;435;513;510;512;510;518;527;377;510;519;513;518;509;513;512;470;515;514;514;513;510;507;500;446;506;508;506;509;511;511;481;244;264;498;507;507;545;529;516;281;402;517;527;546
418;453;450;453;451;449;440;432;498;501;507;416;513;509;504;510;511;509;512;302;361;519;520;513;508;515;522;400;512;516;514;514;512;514;516;478;507;518;516;506;512;513;507;449;502;512;508;510;505;507;476;245;293;495;504;504;529;541;510;251;353;514;522;552
407;441;446;432;443;445;437;440;496;494;507;451;507;507;503;506;506;506;511;261;434;515;511;510;510;511;520;374;499;519;519;518;513;512;513;493;509;514;513;509;509;508;502;453;514;510;514;510;507;513;484;238;281;494;506;501;527;522;523;301;369;518;515;538
396;458;451;437;465;444;433;428;496;497;497;391;526;509;508;504;512;514;515;257;372;514;516;514;512;512;520;418;516;522;514;516;510;514;517;484;509;513;515;517;511;506;507;460;488;505;508;509;507;504;478;248;293;494;508;507;538;530;508;253;389;519;524;544
409;460;441;421;463;449;439;437;499;504;509;419;516;511;503;506;513;510;506;258;373;512;515;516;507;514;521;361;514;517;519;520;512;512;513;488;512;517;519;512;506;503;508;463;496;510;498;508;512;509;489;246;268;494;506;508;545;524;527;250;347;519;526;551
426;452;449;411;460;448;437;429;493;502;511;396;519;504;505;508;505;510;513;265;439;516;514;510;509;513;518;386;505;519;513;521;507;513;517;487;514;515;512;517;505;509;512;462;491;511;511;502;508;508;478;239;264;495;506;510;532;512;510;272;395;518;526;544
410;456;444;417;452;438;444;427;496;502;509;424;500;503;501;508;507;509;519;259;362;512;514;516;509;514;519;373;500;521;517;521;507;510;520;454;517;518;515;513;507;504;507;438;504;510;506;500;510;506;484;253;265;499;509;510;530;520;519;260;331;522;521;548
417;454;447;407;445;453;459;443;500;501;512;399;504;507;507;505;504;513;512;282;377;514;515;511;508;517;518;403;506;518;516;518;514;513;515;482;517;517;512;513;509;504;507;449;490;506;508;512;511;502;485;245;268;498;509;505;534;538;515;263;384;507;524;527
429;466;435;429;459;452;449;426;494;501;499;430;480;508;504;508;501;511;508;266;371;515;513;515;508;515;519;377;502;521;515;518;507;516;510;483;510;519;519;508;505;508;502;450;492;508;507;507;509;503;487;256;288;500;502;508;551;526;511;279;365;530;529;604
426;452;444;423;458;442;436;449;502;504;508;421;505;507;498;507;506;508;518;257;445;516;514;517;511;512;516;371;502;519;516;513;508;510;520;479;523;513;513;516;514;510;506;461;487;510;511;510;512;507;483;254;265;502;509;506;528;520;512;265;371;519;529;540
400;460;445;435;458;441;436;438;504;503;509;415;524;506;509;504;507;511;518;250;435;516;516;513;500;513;522;338;504;520;513;517;510;513;514;487;512;519;512;508;511;505;512;474;486;508;506;510;507;509;488;244;295;500;506;509;533;518;525;292;347;519;533;546
412;454;456;435;451;438;438;437;499;502;503;407;518;503;508;505;506;507;509;265;365;512;512;512;511;515;519;411;501;517;517;521;508;513;513;491;506;516;513;514;506;509;509;430;492;509;506;507;511;503;490;247;268;504;512;507;546;519;531;274;367;514;529;544
422;460;452;437;460;447;441;430;492;503;509;420;507;506;505;503;510;507;509;259;368;520;512;514;506;516;520;394;512;521;515;521;509;509;513;483;503;518;512;517;511;504;505;453;504;511;507;508;509;508;490;255;265;491;510;511;527;521;512;271;405;516;525;545
406;449;452;417;439;443;440;440;490;502;505;405;513;511;497;505;509;512;512;261;441;513;514;512;508;515;519;394;500;520;513;519;513;510;515;493;523;514;511;513;509;514;509;465;491;512;501;511;514;500;481;256;295;495;507;507;531;523;512;284;362;526;524;531
411;452;444;411;455;448;425;451;497;497;507;427;516;512;504;506;505;510;508;250;377;516;513;509;511;513;519;364;501;520;510;517;509;513;512;469;515;516;520;512;502;509;510;444;493;510;507;515;504;506;489;245;279;490;504;511;578;514;522;253;333;517;533;544
406;452;452;438;459;452;434;436;493;500;504;410;510;507;503;508;508;506;514;260;360;514;516;515;512;512;509;334;528;521;519;519;513;513;514;482;508;513;515;514;508;502;510;451;488;511;505;512;511;504;489;253;290;502;510;509;541;521;522;297;356;515;531;535
423;461;442;428;455;445;438;438;506;499;504;365;512;507;503;500;505;509;512;255;379;513;516;512;508;515;522;358;508;518;515;516;509;508;518;463;519;513;514;513;513;505;504;430;497;508;513;512;509;506;482;239;294;499;502;502;533;533;525;294;342;528;544;529
410;444;453;426;465;457;434;442;493;502;513;430;506;508;505;504;506;512;513;304;379;519;512;513;506;518;521;397;515;519;513;516;514;511;519;479;518;511;513;512;508;511;511;420;501;510;505;506;509;506;491;252;293;498;505;509;529;536;518;289;394;525;520;541
410;443;445;442;438;430;438;444;497;503;502;417;509;508;503;506;510;515;514;260;446;511;516;518;503;512;522;376;517;522;516;520;513;511;517;487;519;511;517;512;506;510;504;470;491;510;510;511;511;501;481;239;264;498;505;510;555;516;512;340;367;514;519;565
407;447;449;398;453;455;430;432;498;499;506;422;512;505;502;508;506;510;513;257;372;509;512;512;510;509;523;360;498;513;522;518;515;514;511;484;515;515;510;505;510;505;509;446;494;511;505;511;512;504;483;241;282;496;506;514;537;519;515;272;381;530;524;540
419;458;452;424;449;439;436;431;497;501;508;429;508;507;505;508;509;511;516;258;369;514;511;512;509;513;524;385;526;519;513;517;508;517;517;472;511;513;512;517;508;515;511;456;485;510;506;512;512;501;490;251;265;494;503;509;529;520;514;287;364;518;514;526
419;455;455;421;438;444;435;424;495;499;496;403;515;511;511;503;505;512;518;253;433;517;511;514;509;517;519;369;525;521;519;517;512;510;519;485;506;514;512;513;508;504;505;450;492;509;507;508;509;501;489;256;292;498;504;511;531;514;516;265;363;509;541;554
402;445;456;444;441;447;451;437;496;504;499;430;500;505;505;506;505;511;520;288;376;515;515;515;504;513;519;360;528;525;520;517;508;512;516;482;518;511;514;516;509;508;510;451;501;508;507;511;509;498;484;247;298;493;512;508;542;532;511;284;365;517;513;534
402;463;454;449;420;447;439;434;497;501;505;415;496;508;509;506;504;508;514;264;369;518;515;517;508;516;525;373;509;519;515;519;510;510;514;492;504;519;513;512;511;506;506;463;491;507;506;511;509;497;482;242;272;500;510;509;545;516;524;294;353;516;529;566
413;451;456;421;450;448;439;438;492;503;508;415;506;505;505;507;504;508;516;255;370;517;516;515;511;514;514;345;510;522;515;516;508;514;519;488;511;517;513;515;514;511;507;447;512;509;507;508;515;504;486;240;292;498;506;510;535;532;519;258;349;512;545;556
418;461;450;441;457;444;434;436;497;502;505;414;489;503;504;504;507;513;508;256;447;513;512;517;508;512;521;369;511;525;514;517;514;513;513;461;513;510;518;514;508;511;501;450;486;507;511;512;509;502;488;244;263;499;511;512;544;507;528;295;366;518;522;537
402;449;454;438;450;444;435;420;496;500;501;385;508;502;507;506;506;512;514;267;450;512;516;513;507;517;519;374;528;518;514;520;510;512;514;475;508;513;515;509;511;509;510;450;502;508;507;512;511;503;489;243;278;498;510;511;540;524;520;359;369;521;521;563
412;462;454;433;458;453;444;440;498;502;506;408;488;510;504;512;507;506;516;301;448;512;509;512;508;518;522;404;499;520;516;517;512;506;516;481;516;515;518;508;510;508;510;449;497;505;508;511;509;503;485;255;295;499;505;508;551;532;511;283;420;521;548;538
418;469;434;430;449;446;439;431;495;496;497;419;496;507;506;505;506;510;522;262;369;513;511;511;512;515;520;366;515;521;513;518;508;512;516;479;517;515;513;509;506;511;503;469;498;510;506;509;512;508;490;240;289;492;507;512;530;533;521;266;364;510;521;561
405;462;441;402;455;455;418;439;498;503;509;442;513;513;505;506;508;512;505;260;447;516;513;514;507;516;518;375;519;522;512;520;512;514;515;484;513;515;515;513;513;507;502;449;486;505;503;511;506;504;484;242;265;506;504;505;530;514;524;289;366;514;523;539
420;462;448;427;455;449;423;432;492;504;502;428;521;511;505;508;506;506;514;267;443;514;511;516;512;513;518;375;505;521;512;519;512;510;514;516;494;513;515;512;509;505;507;456;501;505;510;510;512;510;491;244;267;500;503;513;532;511;515;256;347;532;524;551
409;457;477;432;461;440;438;419;492;500;501;402;514;506;505;506;508;511;513;264;378;511;516;510;509;515;518;413;507;518;512;519;509;509;514;481;516;513;517;514;513;508;511;457;500;504;515;509;506;505;482;244;267;494;510;508;527;522;512;265;385;510;525;542
408;456;444;420;455;440;432;432;496;499;505;450;508;503;501;504;506;510;517;252;368;510;513;514;509;519;514;409;508;520;514;520;508;514;516;480;500;516;508;513;504;510;507;456;484;513;509;511;514;510;481;258;293;495;507;511;534;523;515;322;368;525;521;563
419;452;441;396;438;448;436;426;499;506;511;406;517;510;500;508;507;510;512;259;374;509;514;515;509;515;519;362;517;521;520;521;510;513;513;454;515;510;517;515;509;508;506;453;501;512;508;507;507;506;490;241;292;500;505;506;538;519;522;261;331;519;525;542
418;463;454;430;450;448;440;432;496;501;496;423;494;509;506;500;506;513;512;263;400;516;512;515;511;512;518;410;528;520;515;514;515;511;515;493;527;515;514;511;508;505;506;460;491;512;511;512;511;508;494;236;264;497;506;511;546;510;523;250;400;524;555;546
413;463;448;439;449;443;438;432;493;505;504;416;493;505;500;507;507;510;514;260;433;514;512;513;509;512;521;346;516;522;518;515;510;509;516;484;515;515;511;514;513;508;508;451;489;512;508;512;509;508;483;245;266;500;505;510;545;539;520;281;340;511;526;548
419;460;446;444;447;441;430;428;496;498;509;419;506;499;504;508;505;511;512;253;364;514;516;516;504;513;520;389;505;520;517;520;511;511;519;489;510;517;513;513;513;509;506;457;490;505;507;506;508;503;481;245;265;500;512;509;536;513;517;260;392;524;518;533
409;457;442;438;441;449;446;424;501;501;517;420;513;507;501;505;505;510;511;241;377;517;517;516;511;514;524;366;511;522;515;519;510;510;516;484;508;516;512;515;511;509;505;472;496;510;503;515;508;510;484;248;299;493;506;509;544;521;522;291;420;532;542;557
409;468;442;434;451;433;445;428;500;499;504;416;505;508;507;513;507;509;516;282;373;514;509;512;506;512;518;374;526;519;513;521;513;506;516;471;517;521;512;513;513;506;509;449;490;506;509;507;506;509;488;243;268;489;503;512;538;522;510;264;365;530;521;545
411;459;443;437;442;438;440;416;497;505;511;410;497;510;506;506;506;510;519;253;438;516;515;517;513;514;520;348;502;518;520;518;516;507;517;514;512;514;516;512;510;509;505;455;475;511;506;511;513;509;480;256;267;492;510;509;536;524;511;268;387;523;531;540
417;457;446;429;442;452;449;447;492;500;503;440;486;507;501;505;505;511;512;253;436;516;512;511;508;511;513;358;500;521;519;514;511;510;509;485;512;515;514;515;510;508;504;466;490;506;510;509;507;501;487;246;266;499;508;511;530;512;521;272;369;515;527;572
427;464;459;430;450;448;431;441;497;501;504;421;504;506;504;510;505;509;517;256;441;511;515;512;507;518;518;416;504;523;517;517;511;515;515;493;523;512;513;509;508;509;508;457;486;506;510;508;510;505;479;254;288;496;504;508;542;515;508;264;392;520;542;532
407;448;452;405;446;445;437;433;495;506;502;418;512;510;506;506;506;511;510;255;446;515;515;516;507;515;522;378;525;520;518;518;515;511;513;447;515;517;516;511;508;508;503;454;503;503;506;510;514;514;482;244;299;493;508;507;546;523;512;253;345;524;515;560
422;454;448;422;465;448;444;433;497;505;511;437;489;509;509;510;503;514;508;261;436;518;517;512;510;514;523;393;503;521;513;516;512;512;518;459;510;516;513;512;506;509;506;449;493;512;507;510;510;503;490;231;291;491;511;509;523;530;519;253;341;518;531;553
420;462;453;447;451;452;436;440;495;499;501;409;518;507;505;507;507;510;516;257;440;514;516;511;508;511;515;376;509;518;520;520;510;514;516;487;520;514;511;512;508;513;505;461;499;508;506;507;512;503;489;242;267;503;508;509;547;533;506;260;362;518;526;537
419;455;454;876;454;443;437;415;500;500;509;414;510;507;503;504;508;511;511;252;370;512;512;513;508;516;515;375;506;519;522;516;508;509;512;491;504;515;511;514;516;507;509;439;502;509;510;509;507;505;483;243;292;498;511;505;525;517;520;286;370;525;547;551
405;454;450;433;450;450;438;430;497;501;508;377;512;505;502;508;508;509;512;256;373;518;516;509;509;513;517;380;524;523;517;520;508;516;513;482;512;519;516;508;510;508;510;436;490;504;509;512;512;498;490;243;292;502;506;511;545;520;523;350;363;520;549;549
419;459;443;442;457;442;454;447;494;500;500;424;506;509;504;504;507;504;514;262;377;516;515;512;511;516;521;374;499;523;517;519;512;507;519;464;516;519;511;518;512;510;509;459;508;507;509;512;509;509;486;242;264;495;508;506;531;531;509;253;397;509;545;553
423;452;455;418;462;444;436;440;489;500;504;378;511;508;504;505;507;507;514;258;446;512;513;515;509;514;524;367;502;517;522;516;507;515;515;484;513;518;516;514;508;506;507;453;489;512;508;521;512;510;482;242;266;497;505;510;534;519;515;273;368;518;516;566
421;465;441;445;457;440;439;414;497;500;502;449;508;509;499;510;504;509;515;261;369;512;518;512;506;515;518;379;522;517;514;519;508;514;516;488;505;517;519;514;513;506;503;454;487;502;507;508;513;500;484;256;270;495;507;502;531;520;511;345;373;531;526;559
414;451;449;429;467;446;437;443;496;496;511;400;510;510;506;505;505;510;509;261;444;515;514;515;513;516;520;360;514;514;520;515;508;513;514;489;508;517;515;514;509;506;510;457;486;506;510;511;509;504;488;255;265;501;510;509;534;534;523;261;409;515;525;532
420;463;452;455;455;443;443;443;500;507;505;416;503;506;505;506;505;511;513;260;435;510;512;517;508;513;520;366;515;524;517;515;511;508;518;499;511;514;513;515;504;510;507;454;502;504;509;510;508;507;483;243;273;502;510;511;526;540;511;293;398;526;527;549
411;456;447;441;455;437;435;433;499;499;509;409;497;505;508;505;504;510;516;304;374;517;512;512;507;516;521;409;505;516;517;519;510;511;516;477;521;518;510;515;506;505;504;457;493;513;503;509;509;506;486;259;269;501;507;514;535;523;521;295;366;516;521;547
405;451;452;415;448;443;432;437;496;498;506;439;495;507;502;504;507;509;512;255;383;516;515;512;508;513;519;401;509;519;518;519;517;511;512;488;515;514;519;514;510;508;510;455;507;505;509;511;505;510;481;255;268;495;510;506;537;535;510;260;349;519;519;561
411;447;453;448;452;433;438;442;499;505;506;410;508;503;504;508;509;507;518;258;356;515;509;511;511;515;516;376;522;518;515;516;506;516;516;463;515;510;514;512;508;509;507;459;487;510;504;514;512;512;488;253;268;495;509;510;545;502;518;302;359;533;554;559
415;463;453;451;454;444;444;435;493;503;500;427;513;509;505;501;504;508;510;254;440;516;512;513;513;509;509;369;511;525;518;518;512;511;519;467;509;513;515;509;509;503;507;454;487;506;503;507;513;504;484;246;270;498;504;509;537;519;508;267;369;517;525;689
402;459;438;416;446;451;445;451;502;498;506;414;501;509;505;507;509;510;512;248;440;512;514;514;512;517;517;340;505;518;520;517;507;508;517;473;521;515;515;516;505;510;512;470;485;506;509;515;510;500;491;247;270;493;503;505;547;515;512;286;435;530;519;538
423;462;442;429;461;445;442;432;494;500;503;434;513;508;508;508;507;511;521;257;373;513;519;513;510;514;519;375;503;522;515;512;509;506;520;472;510;512;511;514;505;505;507;452;490;505;502;509;506;505;489;241;255;496;506;505;531;526;512;262;408;515;526;544
405;459;446;429;458;445;435;438;492;506;510;447;516;510;502;503;507;509;509;265;377;516;510;523;509;513;517;377;520;519;513;517;510;510;513;458;499;515;516;511;509;511;510;451;490;508;510;509;508;507;486;243;296;495;506;505;539;510;514;260;377;528;531;536
405;453;447;416;449;453;438;441;492;501;500;427;507;505;502;502;508;510;512;259;373;515;511;512;508;515;514;394;514;523;514;518;507;509;517;473;517;517;515;514;508;510;508;436;495;509;504;509;505;505;482;241;266;500;507;510;547;522;512;286;347;528;548;546
409;448;439;457;448;454;430;435;495;501;507;404;495;511;512;509;508;511;521;295;440;511;511;514;509;510;513;357;503;513;516;519;511;513;518;478;517;513;518;511;504;502;512;469;510;508;511;509;508;502;484;251;267;502;506;507;536;523;515;258;372;520;530;559
409;471;452;393;448;446;441;437;498;501;504;407;502;512;506;507;512;510;518;263;439;517;518;510;504;510;522;375;513;521;517;521;510;513;513;479;516;521;517;513;513;499;508;454;489;506;511;511;511;505;482;243;290;490;508;508;557;515;518;255;334;516;529;546
404;462;437;451;450;444;436;423;495;503;502;417;510;503;505;504;505;509;517;262;440;518;510;511;507;514;521;341;516;519;515;518;509;509;519;489;514;509;513;510;515;508;511;457;498;511;507;514;507;503;487;243;264;494;506;509;536;532;506;264;373;520;524;537
422;467;452;428;433;450;437;429;494;499;505;424;519;505;505;507;508;506;514;256;371;514;505;513;505;516;521;416;502;518;516;516;510;508;512;487;517;514;515;510;511;505;506;462;497;510;509;508;514;510;484;246;293;508;505;504;531;527;511;261;398;526;517;528
411;449;443;437;449;447;442;431;498;505;510;398;502;507;504;511;505;515;503;262;429;510;515;507;509;515;519;374;523;520;515;522;511;512;515;475;502;512;517;510;517;508;511;466;505;506;508;511;509;509;486;252;266;501;506;509;539;529;516;304;340;514;523;542
408;457;448;416;462;446;439;430;496;498;505;429;509;511;501;505;510;508;509;261;448;517;508;515;508;512;516;360;526;519;520;519;507;505;514;493;497;518;511;513;509;507;502;464;487;509;508;512;509;504;478;240;294;495;504;507;530;534;521;266;418;515;523;540
410;461;443;426;458;441;442;430;499;501;503;404;515;507;501;505;505;504;507;267;347;515;513;515;505;511;518;371;528;521;515;519;511;508;511;491;519;513;512;516;508;510;504;459;489;507;508;514;511;506;491;251;268;498;502;509;525;509;513;261;343;516;519;544
418;461;447;442;467;433;430;443;504;500;511;413;510;505;502;503;506;514;515;261;409;516;510;513;511;516;526;423;514;524;511;519;512;513;518;481;510;515;509;511;511;510;505;457;483;509;505;510;507;503;479;253;265;491;503;508;529;524;508;251;400;515;546;535
421;453;451;451;463;442;437;435;498;500;507;430;511;508;501;507;504;511;512;262;358;514;511;513;507;513;521;430;535;523;516;519;509;509;513;486;515;515;516;513;513;508;510;447;508;506;507;507;509;502;486;241;267;489;511;507;559;539;517;279;358;518;512;535
418;465;449;417;451;446;441;453;499;499;505;415;510;508;501;504;512;511;512;267;414;513;519;515;507;511;519;383;509;517;517;517;510;511;518;485;517;517;518;514;510;509;508;453;492;508;511;510;513;506;484;255;297;496;509;515;531;513;510;278;395;518;534;535
417;457;450;418;469;442;437;420;497;499;506;413;503;506;503;505;506;507;515;270;367;517;514;514;510;513;522;398;526;519;517;521;512;512;514;481;514;514;512;517;512;506;505;447;482;511;503;510;510;503;477;240;293;497;506;506;542;522;528;279;343;517;522;535
408;454;456;422;461;444;442;440;502;503;502;429;494;508;504;507;504;513;513;268;431;511;516;512;504;513;521;394;521;521;515;519;512;507;515;487;512;515;518;512;512;509;504;453;484;510;506;511;514;506;488;243;296;494;511;510;538;518;513;305;424;514;523;556
421;451;450;433;438;437;437;456;493;504;504;417;509;507;510;507;505;507;512;260;363;513;513;513;510;515;522;403;520;526;513;516;509;517;520;499;502;516;513;510;513;508;502;453;502;507;509;515;517;511;482;250;269;490;504;512;550;519;509;350;380;507;515;545
421;457;447;454;469;444;439;443;501;504;503;383;517;509;504;503;506;511;518;285;416;515;514;513;506;512;527;388;511;521;517;517;508;512;514;481;511;514;512;512;509;510;509;433;498;504;506;505;512;505;481;252;260;499;506;509;538;520;516;266;426;513;530;531
418;465;449;410;442;433;430;443;504;501;497;415;499;507;504;511;507;508;505;267;430;514;512;510;512;516;521;372;506;520;518;517;510;509;520;474;517;520;516;517;515;508;507;459;494;510;510;509;509;511;489;257;269;503;503;506;532;521;521;264;357;518;522;560
412;463;447;425;458;444;438;435;496;499;499;401;518;508;505;509;508;510;516;269;362;512;516;515;504;519;522;431;514;519;510;516;510;514;519;471;503;514;521;511;512;509;508;454;486;513;507;507;507;510;482;250;291;494;509;508;539;516;516;252;381;516;522;572
424;446;444;438;450;439;433;428;496;501;507;376;519;509;500;510;508;509;513;314;429;515;508;517;512;511;516;393;515;527;514;518;511;505;520;479;520;517;513;509;512;510;512;462;493;510;511;506;502;503;481;247;294;496;508;514;538;513;519;278;359;529;519;550
423;452;454;764;462;443;432;431;501;503;509;446;511;502;501;508;508;506;515;266;433;513;512;514;503;515;527;405;510;519;514;517;511;510;518;485;510;520;515;514;504;515;510;451;487;505;511;505;506;500;479;252;266;500;507;511;537;517;526;257;346;515;528;560
425;462;451;425;439;446;422;431;500;499;507;426;495;505;504;505;507;510;512;275;420;516;518;513;504;519;514;431;524;515;516;519;510;508;518;482;516;519;520;517;515;511;505;452;484;509;508;507;507;509;485;253;292;493;507;513;546;516;515;265;390;521;518;555
408;448;456;428;445;441;436;435;493;501;501;418;513;507;509;504;508;512;516;267;356;509;518;512;507;512;519;377;518;525;515;515;509;512;513;480;496;511;514;512;507;510;507;453;496;503;504;505;508;507;486;250;268;500;507;508;539;514;524;294;365;506;526;541
424;459;441;437;450;435;437;440;498;504;505;430;509;505;502;508;507;511;515;271;415;512;517;515;507;516;516;392;522;516;516;518;508;509;517;473;511;516;516;509;512;507;512;453;491;504;508;511;508;511;480;242;269;500;510;506;557;520;514;298;349;523;518;555
404;461;464;441;467;445;444;428;495;498;501;379;496;510;503;509;510;513;511;265;427;516;515;511;512;515;521;393;518;525;513;514;512;519;518;452;519;513;516;515;506;512;512;461;490;502;504;506;504;508;479;239;263;497;509;507;531;533;513;264;373;517;524;539
416;458;450;423;433;432;444;446;497;501;506;417;511;505;501;505;508;507;515;264;374;510;511;512;506;516;524;382;518;518;515;519;513;508;514;470;527;511;515;515;509;508;513;443;489;510;508;505;511;508;492;238;291;498;501;511;548;528;518;291;347;514;512;543
415;458;444;436;455;450;434;418;495;503;507;437;513;500;507;505;506;502;516;268;370;516;516;511;508;520;519;427;517;519;516;519;512;512;514;488;521;514;517;510;510;510;510;454;498;505;510;506;511;509;488;248;270;498;501;509;551;520;515;263;345;531;527;535
417;469;450;420;448;450;429;428;494;501;507;415;509;504;507;508;513;510;515;270;381;510;519;508;507;520;521;416;511;521;515;520;512;512;515;460;511;517;517;516;516;503;508;440;491;514;514;510;509;502;483;246;270;498;508;507;557;515;515;339;374;526;526;541
427;458;456;429;461;448;438;459;494;506;507;392;520;504;501;501;508;512;515;265;367;516;511;515;507;515;519;418;525;516;518;516;509;511;509;490;522;513;516;512;507;513;503;451;493;512;509;510;513;509;482;251;299;496;511;506;550;519;517;293;369;522;521;540
431;466;449;436;421;448;436;442;496;503;512;402;512;507;502;500;504;506;515;263;359;514;515;510;510;510;515;386;517;521;519;518;508;505;517;462;523;512;513;512;510;507;502;458;496;508;510;508;511;501;476;243;267;499;506;512;535;535;513;283;368;529;540;542
405;462;445;433;468;445;431;432;498;502;509;405;514;508;504;505;509;512;511;262;363;514;511;512;507;510;517;433;513;518;519;515;515;511;516;475;524;518;518;510;512;511;511;451;507;510;506;512;506;506;483;243;296;497;507;508;546;513;513;341;356;516;520;550
415;464;438;435;446;446;430;435;496;502;499;423;512;506;507;504;503;512;515;267;427;509;513;510;508;510;511;398;529;518;514;517;512;513;513;481;515;518;513;515;507;511;511;457;482;504;514;510;510;513;484;251;291;502;505;514;543;529;522;285;404;519;516;547
418;462;447;448;450;446;437;424;492;501;503;419;507;506;504;511;511;511;516;312;359;511;516;517;509;515;518;361;518;520;516;521;510;509;519;496;511;518;511;512;508;507;503;443;499;507;503;509;510;508;486;256;301;496;505;512;541;539;525;251;351;523;526;539
424;454;453;430;448;444;433;445;499;500;504;410;501;509;506;505;510;513;519;268;437;516;513;514;510;515;518;383;521;522;516;519;510;511;515;479;506;516;514;507;505;505;512;456;488;507;506;512;512;508;478;244;265;494;505;508;535;512;526;265;384;519;522;557
410;460;451;441;449;453;440;442;496;501;510;415;505;508;504;506;506;507;519;267;427;521;517;513;511;510;514;420;519;522;514;518;507;517;514;483;502;515;517;512;508;507;508;437;492;505;507;506;509;507;480;244;267;491;511;508;537;520;511;261;336;518;522;542
413;453;455;451;455;443;425;423;501;503;504;409;510;506;504;506;506;508;511;324;425;512;513;516;511;515;517;412;522;526;517;518;519;508;513;469;502;511;510;516;507;509;506;452;505;508;510;507;512;508;488;250;297;493;503;514;560;517;520;282;397;519;525;553
421;459;440;432;462;435;444;445;497;503;507;369;512;505;510;500;506;511;516;267;419;515;512;515;512;511;519;384;525;519;510;513;508;511;511;477;506;513;512;513;512;510;506;452;498;509;508;512;506;503;488;243;269;498;506;510;522;520;522;257;370;515;519;557
407;452;459;427;456;445;429;439;495;508;501;431;508;513;503;502;509;509;514;268;357;519;509;518;508;508;519;400;523;523;517;516;513;512;512;475;510;518;516;512;509;509;507;438;498;514;504;512;504;507;480;241;269;495;501;514;544;523;511;249;352;516;527;540