355;430;390;217;243;351;344;319;465;471;294;218;245;466;468;459;489;480;254;202;224;467;500;496;487;486;221;196;194;467;501;496;486;488;355;214;246;489;495;488;467;468;465;460;466;473;480;476;473;468;466;473;469;475;477;474;473;467;467;465;473;472;471;476
340;436;438;218;242;348;345;328;461;460;297;212;247;463;473;457;484;480;228;201;211;470;498;489;486;490;222;198;204;463;500;496;490;491;353;202;249;489;498;490;470;472;472;461;466;475;476;475;470;465;468;465;468;469;476;475;467;470;469;471;465;470;471;472
362;431;443;217;235;351;342;338;470;461;288;220;233;457;469;460;482;480;229;196;212;474;493;487;484;491;232;197;199;465;499;491;484;487;389;201;242;485;500;492;475;469;460;460;462;474;477;477;467;472;461;465;472;471;472;477;470;471;463;473;473;470;474;478
344;432;249;225;244;328;333;353;461;471;297;227;248;451;479;461;484;478;253;203;222;473;494;492;485;488;213;199;206;462;492;490;482;491;389;202;246;491;498;491;474;467;461;459;466;476;477;478;470;467;467;467;465;472;471;470;473;470;466;470;465;468;473;475
355;430;450;225;238;333;349;329;463;462;292;218;232;460;469;465;483;482;255;198;214;469;501;495;487;484;222;198;207;470;498;498;487;484;391;211;235;493;498;492;471;464;471;456;469;478;482;471;466;470;463;465;468;472;471;475;468;468;465;468;471;469;472;474
371;450;478;219;235;330;342;339;462;467;298;220;247;456;471;460;485;485;256;200;214;468;497;489;487;488;222;196;206;474;501;489;488;485;352;206;280;487;500;490;472;471;466;460;466;475;474;474;469;463;465;465;472;474;474;472;469;466;469;470;464;470;470;473
359;424;433;224;233;341;338;351;474;462;292;212;230;465;472;450;486;490;251;202;210;473;498;490;491;488;229;196;202;472;503;493;485;493;392;202;280;486;496;489;476;469;466;461;466;477;478;477;465;466;471;468;472;471;476;470;470;468;465;465;469;472;470;477
343;431;479;221;242;339;343;326;454;465;291;219;242;461;474;459;488;486;232;197;215;474;497;491;486;490;213;197;207;459;500;494;489;486;399;214;281;490;499;489;469;470;462;458;468;479;476;478;469;470;465;470;469;470;476;474;467;464;467;465;466;471;470;473
343;427;427;222;231;339;347;330;465;465;302;218;231;461;469;454;485;486;256;201;224;470;497;491;487;486;231;196;210;459;501;495;485;484;388;201;241;490;502;492;472;467;471;458;467;475;475;477;465;466;460;472;470;469;476;474;475;469;465;468;466;471;473;476
341;433;440;222;242;336;346;333;466;467;292;220;237;459;475;464;484;491;260;196;215;471;499;491;486;493;214;197;205;503;500;492;487;488;349;212;250;491;503;493;470;469;475;462;472;478;481;475;468;468;461;468;469;471;474;474;473;468;468;471;470;473;475;477
344;426;437;222;245;346;347;335;469;471;289;219;231;460;465;463;487;482;227;202;221;475;496;495;484;487;231;197;202;465;499;494;485;490;388;202;247;486;500;490;470;468;468;459;469;473;483;479;471;463;466;472;471;472;472;476;471;469;468;467;469;469;472;478
374;433;284;217;417;342;344;324;462;465;296;214;250;461;475;456;487;478;233;202;224;472;499;496;486;484;223;197;201;470;497;496;484;489;393;207;281;485;502;490;473;469;468;456;463;477;477;480;469;469;468;464;470;472;473;473;470;472;468;470;471;471;474;480
359;432;443;221;238;327;353;334;459;464;295;215;244;464;476;469;481;480;227;201;214;468;498;495;485;486;222;197;207;470;500;493;485;487;350;203;251;486;501;489;468;468;470;460;467;480;480;477;470;465;467;469;470;471;472;473;471;464;465;464;469;474;471;475
350;430;437;221;240;340;328;354;467;460;295;217;251;454;471;464;486;489;232;203;222;472;497;491;489;484;223;198;199;467;502;487;483;486;389;214;249;488;495;488;468;474;476;454;467;472;474;477;468;469;465;467;467;473;472;473;475;473;470;469;468;462;468;479
359;434;258;215;234;343;349;338;462;468;305;211;247;454;477;465;483;485;252;204;221;471;500;491;487;482;220;199;207;473;498;493;487;488;356;204;242;487;498;488;471;472;469;449;471;476;481;475;468;469;460;467;469;470;473;476;470;464;473;466;467;472;474;479
351;437;283;217;242;346;344;340;464;464;291;217;227;453;477;462;484;482;230;201;218;474;499;487;483;491;217;197;195;464;500;489;484;485;348;213;253;490;497;489;472;468;474;452;466;475;474;475;469;467;469;463;472;470;469;474;472;465;469;468;466;471;473;474
360;428;445;210;240;339;344;352;468;468;295;211;233;469;475;468;479;483;252;202;225;471;500;489;487;491;230;194;209;466;505;495;483;492;353;214;262;492;498;483;470;469;464;460;468;472;479;474;469;471;475;472;472;473;473;475;471;467;470;474;468;469;471;471
361;429;444;221;234;339;335;336;466;464;298;207;240;466;477;456;481;483;253;201;215;471;500;491;485;491;219;197;203;470;498;496;486;490;332;214;286;491;500;492;469;474;473;453;467;476;478;476;465;474;466;464;468;469;473;476;471;469;464;469;465;476;476;477
364;431;444;214;235;345;348;341;464;466;468;209;252;459;473;464;484;481;250;199;225;467;498;491;492;485;223;197;208;473;495;493;485;489;352;200;285;489;500;495;472;466;467;455;469;475;479;477;471;466;466;464;475;468;474;471;473;471;469;466;464;474;474;480
366;426;434;218;234;355;348;325;461;461;297;213;226;462;468;457;487;485;253;202;217;474;496;487;484;486;217;196;207;462;498;497;489;487;395;212;285;491;498;487;472;473;465;458;465;477;476;477;471;467;469;469;471;472;474;476;468;469;465;469;467;472;467;484
355;423;287;214;413;331;326;322;476;461;293;215;251;466;468;462;485;485;234;200;215;467;499;489;489;488;219;198;207;468;504;497;487;488;393;212;283;486;496;489;472;473;467;460;468;475;479;473;470;466;470;464;471;476;474;471;473;473;465;468;470;475;479;480
347;415;438;217;245;343;323;331;464;469;474;216;234;454;474;464;488;487;254;202;226;473;495;491;487;489;230;198;207;463;504;493;486;486;398;206;281;490;501;487;471;469;468;460;467;478;472;477;470;470;469;467;472;475;478;471;473;474;468;470;472;471;477;477
364;437;444;215;374;339;341;342;458;461;265;214;229;460;475;456;481;482;227;203;214;466;496;489;486;488;218;199;206;468;496;494;486;482;382;203;280;487;503;492;469;469;465;457;471;480;483;478;471;468;464;467;470;473;474;480;471;471;470;469;472;471;473;473
358;435;289;215;232;345;345;346;465;463;294;218;247;459;473;466;484;484;255;203;216;468;499;487;485;492;220;196;200;469;494;493;488;485;391;212;241;487;499;491;475;468;459;461;469;475;481;480;468;468;469;463;469;466;476;474;471;468;463;471;471;473;473;477
364;441;437;218;244;343;346;337;470;460;291;222;227;458;473;459;487;488;258;202;216;470;498;489;488;489;234;200;200;464;498;494;479;486;397;205;250;485;497;493;472;467;471;459;468;474;477;475;470;468;471;466;473;470;473;472;476;468;465;470;467;472;476;472
331;426;288;221;233;343;347;340;470;463;464;212;226;461;481;465;485;485;233;201;226;472;497;493;487;491;230;198;199;467;496;494;492;485;339;203;280;484;499;489;469;466;473;454;469;482;474;474;470;467;467;470;467;471;469;475;464;469;470;467;470;471;474;476
369;431;433;222;238;350;324;327;458;474;294;210;239;466;464;455;482;486;238;204;219;469;497;493;487;489;218;198;206;468;500;494;485;485;358;212;279;486;506;491;473;465;469;460;470;476;475;479;468;472;466;467;473;468;472;476;470;473;472;468;468;472;472;474
350;439;447;224;241;339;356;335;470;464;292;212;232;458;471;463;482;485;256;201;216;474;497;495;486;488;220;191;205;463;500;494;490;484;390;213;283;487;501;486;472;467;464;456;466;481;481;479;472;470;466;464;473;474;475;474;474;469;463;466;466;468;474;476
357;433;395;224;242;324;327;328;465;467;461;215;229;471;476;460;485;480;252;202;226;465;496;487;486;488;230;196;198;475;499;487;487;490;352;211;242;496;502;488;464;469;459;453;468;479;480;478;465;465;468;467;469;470;470;469;469;469;464;467;475;469;470;480
359;436;288;210;242;346;348;343;474;474;303;212;231;464;474;458;484;485;236;199;226;469;500;491;490;488;218;195;206;463;504;496;487;488;366;213;236;484;500;492;476;470;462;458;471;474;480;478;471;470;466;469;472;468;473;474;465;470;466;466;469;474;473;470
358;434;392;221;369;345;333;353;468;465;299;213;228;460;467;463;489;487;254;203;226;468;496;491;490;486;230;198;206;460;499;499;486;492;335;204;279;493;501;491;475;472;468;454;472;478;477;478;469;465;465;462;470;469;465;473;470;474;469;465;471;474;475;478
362;431;282;223;369;327;343;339;465;468;291;212;227;462;465;464;486;487;255;199;215;473;496;490;491;488;216;198;206;465;499;498;487;486;394;212;246;488;498;485;472;473;471;453;469;477;478;475;468;471;472;466;469;471;471;471;472;471;464;469;470;473;474;473
334;445;429;221;235;340;339;344;457;464;299;216;226;462;480;464;481;481;232;195;210;468;496;492;486;480;231;197;201;463;501;490;485;492;358;211;242;492;500;492;474;468;463;456;466;478;476;477;463;466;468;466;471;464;473;476;473;468;468;466;471;470;474;476
363;437;278;223;230;346;347;324;468;469;294;216;248;465;466;457;482;481;236;201;215;475;501;494;488;490;232;197;207;471;503;493;487;485;388;211;239;484;500;492;472;466;467;454;468;476;475;475;467;471;469;463;473;468;473;469;471;467;463;468;467;470;474;477
354;429;439;215;242;322;346;338;457;462;290;213;246;470;472;464;485;484;230;201;216;476;502;492;488;485;233;199;202;467;499;495;488;486;355;201;249;487;497;484;470;477;466;457;461;476;476;474;470;469;467;466;467;470;473;471;473;470;466;467;468;465;477;477
340;438;290;213;235;353;346;351;463;467;259;220;240;463;476;465;483;478;236;203;216;468;499;493;488;491;214;196;208;471;502;493;486;490;384;210;247;491;499;489;465;470;470;460;467;477;477;476;470;467;462;470;466;473;472;473;472;466;470;469;473;475;473;482
351;435;435;215;240;339;344;328;465;470;295;212;241;462;468;456;490;486;258;199;220;472;498;494;489;489;212;198;208;462;498;496;487;486;361;214;240;490;503;490;477;468;475;461;470;479;476;475;462;472;466;468;472;465;472;475;472;468;469;470;468;469;475;479
368;418;291;216;242;349;336;324;461;463;287;212;233;457;479;469;479;490;236;200;216;472;501;490;486;487;234;197;199;464;506;493;482;488;400;209;285;496;500;492;467;469;470;456;474;477;478;473;465;467;465;466;468;471;475;472;477;468;468;468;468;470;470;473
351;432;287;217;242;333;351;335;466;461;294;219;233;461;467;467;486;484;254;203;219;472;503;491;484;485;227;197;200;461;500;493;484;490;394;214;280;486;492;485;468;470;467;455;472;472;478;479;472;465;464;468;472;472;472;474;464;468;465;467;471;468;473;472
356;434;441;225;418;327;336;311;460;467;294;220;224;465;472;464;486;485;253;201;226;472;499;488;487;487;229;196;206;470;502;494;488;486;392;210;279;489;500;489;472;469;470;459;464;477;478;475;468;468;463;466;465;467;473;477;474;471;463;464;469;472;474;478
338;432;440;211;231;342;355;336;452;463;277;214;233;457;471;460;490;480;236;203;229;470;498;489;486;489;221;197;203;469;503;493;492;492;354;211;284;488;498;487;467;465;463;454;469;479;480;478;469;467;464;467;468;471;475;476;473;473;466;466;467;470;475;481
342;428;437;220;241;340;348;326;460;462;296;211;231;456;475;454;485;485;232;200;215;473;498;490;487;484;233;198;200;472;501;494;488;485;388;213;245;484;499;487;471;477;465;457;472;477;480;475;469;468;471;465;466;469;475;471;471;468;465;475;467;476;469;479
346;433;438;217;245;341;342;333;464;466;299;221;238;460;468;469;486;480;258;199;215;475;503;490;487;488;230;196;207;466;495;492;486;486;387;213;243;492;503;492;469;472;471;459;470;478;478;474;465;471;466;469;466;468;473;472;471;468;467;473;471;469;473;473
362;438;281;213;232;331;352;333;467;462;304;221;233;460;475;460;484;489;238;201;215;469;494;491;492;486;215;199;207;469;500;496;487;487;391;212;242;495;501;495;474;473;465;458;466;475;478;478;463;470;465;467;471;469;473;475;467;469;466;473;466;472;472;474
357;425;442;217;238;330;346;329;464;458;295;209;246;465;475;465;485;479;264;203;223;472;495;490;488;485;231;196;200;465;503;492;476;491;355;213;240;488;501;493;464;466;470;458;469;474;478;475;466;467;471;471;468;471;474;476;466;469;461;469;468;472;474;473
353;449;440;214;238;348;331;332;471;466;296;217;246;461;468;460;489;481;254;198;215;472;493;493;489;491;231;198;202;469;502;494;486;490;395;213;284;488;503;492;472;466;467;459;467;477;476;478;465;465;465;468;465;470;478;477;468;467;465;470;473;465;474;474
356;430;431;219;416;346;343;353;463;469;293;220;242;462;475;464;485;476;261;202;212;471;502;491;486;487;230;200;206;465;501;500;486;485;356;211;252;489;501;490;476;474;470;456;472;477;477;479;469;467;468;465;472;476;474;470;466;471;465;462;467;468;473;479
353;433;286;222;239;349;347;338;464;463;299;211;235;465;467;463;482;487;233;202;224;470;502;489;487;485;230;197;205;469;501;495;484;486;385;206;250;488;500;493;466;470;459;461;468;475;475;473;470;472;468;468;471;472;479;476;470;470;463;469;473;475;472;475
349;429;445;219;235;331;344;353;465;467;298;219;222;467;471;457;486;480;233;202;218;471;498;488;485;490;221;195;208;468;499;497;491;487;394;211;248;487;502;492;471;474;468;454;473;472;480;476;469;462;463;470;464;474;473;478;470;470;469;469;468;472;469;475
332;430;266;208;241;333;349;334;460;466;267;220;248;461;470;463;485;490;256;204;227;467;499;493;483;489;219;197;205;466;501;492;485;486;382;211;279;493;501;494;467;471;464;451;467;476;476;475;471;462;463;465;465;464;473;473;477;470;472;470;470;469;473;480
355;410;434;225;236;342;347;347;474;469;294;212;239;446;478;464;479;480;254;204;214;464;502;492;483;486;230;196;202;469;500;494;484;484;326;213;249;488;495;490;466;467;465;450;465;477;477;470;471;466;467;466;467;466;471;468;463;466;466;472;469;471;473;475
354;435;440;224;232;344;330;327;464;460;295;219;228;465;471;456;483;477;254;199;225;472;500;489;486;486;216;197;204;464;496;495;487;488;387;212;248;492;494;488;473;471;470;461;462;471;479;477;470;467;463;465;472;472;477;471;464;471;468;465;470;469;473;484
366;427;290;215;237;346;338;327;465;465;296;209;244;464;470;458;479;483;255;199;224;473;500;492;487;487;229;196;201;464;503;497;488;482;390;209;250;488;499;491;472;469;471;456;465;474;479;472;469;469;464;471;472;467;472;476;472;467;470;470;470;473;472;471
357;431;436;220;370;332;354;350;465;465;286;217;247;456;467;469;482;481;234;203;215;469;499;494;486;490;235;197;203;461;499;499;485;490;356;214;281;492;499;492;468;473;472;465;469;477;479;476;466;465;465;466;470;470;476;477;473;470;464;468;466;470;471;472
344;430;432;223;238;342;349;321;468;476;269;211;244;458;476;457;484;480;232;203;218;474;496;490;482;483;221;194;204;468;499;500;483;491;333;211;282;493;496;489;468;472;461;464;470;477;477;473;465;469;463;465;469;469;475;476;471;473;469;472;472;474;476;480
342;431;288;220;235;343;333;332;470;465;297;206;242;467;477;465;485;481;253;200;224;469;500;495;487;487;220;197;199;468;499;500;487;488;407;214;281;488;501;486;464;465;468;456;467;472;480;479;470;469;464;474;470;470;472;473;467;468;469;471;472;471;472;480
351;427;281;219;244;346;350;330;480;475;298;222;247;464;470;467;478;481;257;202;212;469;499;491;485;488;213;199;208;461;503;496;487;487;351;214;281;485;502;493;466;465;458;456;466;475;477;469;466;468;466;467;470;468;465;477;474;464;469;469;468;467;472;479
363;437;436;217;241;334;344;341;458;466;293;219;229;464;471;460;481;481;239;197;223;473;495;492;488;487;221;196;200;469;500;498;490;487;343;211;238;490;497;492;471;473;462;457;468;477;481;476;468;466;465;464;471;472;471;473;476;470;466;471;469;472;471;476
356;427;282;209;246;344;342;325;475;464;290;210;249;462;475;465;486;482;259;200;221;471;499;490;484;490;216;196;200;474;499;492;480;485;387;210;288;483;495;491;471;475;468;463;464;473;482;478;465;470;464;470;471;475;477;476;475;467;465;471;469;468;475;474
359;439;471;221;246;337;338;339;464;476;295;218;250;461;474;462;487;483;257;203;213;472;499;490;490;490;235;194;204;463;500;494;487;489;394;212;281;492;497;490;475;470;466;461;466;472;474;476;474;472;465;472;468;471;474;476;469;469;471;467;465;475;473;477
353;439;433;218;246;334;336;340;458;467;304;214;228;466;476;464;485;485;232;204;222;470;495;488;492;488;233;197;206;467;504;497;490;484;391;208;251;488;500;490;475;468;469;452;465;478;482;477;473;471;468;463;473;471;475;475;471;469;469;473;464;467;469;474
338;425;439;221;236;331;334;334;458;465;299;213;250;454;473;464;485;487;234;202;216;470;496;494;486;490;229;195;205;458;495;491;484;486;390;214;251;485;499;491;472;473;468;447;465;482;476;476;474;468;470;467;474;471;477;475;470;465;464;471;471;471;470;479
355;420;289;222;242;327;344;330;458;463;295;211;233;463;471;464;485;486;234;199;225;473;495;493;488;481;230;198;207;456;501;495;483;487;390;212;250;485;497;493;473;471;466;458;471;477;484;478;466;464;467;466;470;472;473;476;470;470;470;468;467;475;469;479
346;431;285;221;242;347;346;341;466;459;266;221;234;456;471;458;484;480;230;197;219;472;496;491;487;491;234;197;201;458;500;492;482;486;345;205;249;492;499;492;472;469;467;457;469;476;477;475;469;468;467;468;469;470;472;471;467;465;465;466;468;472;468;473
353;441;443;218;233;342;348;336;463;468;299;214;246;456;474;472;483;485;255;197;224;467;496;491;485;489;226;196;207;468;502;498;483;486;388;201;277;490;501;489;471;467;466;450;461;471;475;476;472;468;463;463;465;474;473;473;473;468;469;469;468;473;470;479
343;439;294;212;235;340;348;333;469;468;463;211;252;462;472;459;483;484;232;200;214;469;500;492;491;480;220;197;205;471;500;494;481;489;385;212;280;484;504;488;473;468;472;461;465;474;480;475;470;470;464;466;470;470;477;475;467;466;465;466;474;472;473;473
338;442;444;220;235;335;346;352;464;458;293;212;235;459;475;464;484;489;257;203;208;473;498;489;484;489;214;197;206;467;503;493;483;490;355;202;253;487;495;490;468;466;470;461;468;474;478;475;469;466;465;465;466;472;471;476;465;465;470;466;469;466;472;480
357;432;475;216;236;343;343;336;466;461;303;211;246;454;473;462;484;485;233;201;226;471;500;490;485;489;233;198;201;469;499;492;487;483;355;208;247;485;503;484;470;467;465;459;465;480;481;474;470;467;469;471;469;471;472;470;468;470;469;468;467;473;474;484
331;434;440;221;233;344;347;328;465;461;261;223;228;452;482;463;482;488;235;202;216;473;497;494;484;491;222;195;200;468;497;494;489;487;398;205;277;489;498;490;473;476;468;454;463;479;476;476;470;466;469;465;475;471;470;473;470;472;467;473;469;472;474;480
352;428;286;218;235;339;346;342;467;465;304;208;227;466;475;469;488;478;231;201;210;472;497;492;487;489;222;199;203;474;498;491;488;484;391;204;280;487;501;490;471;475;473;457;464;474;474;478;470;467;468;471;466;470;474;474;475;472;469;467;473;469;472;473
341;435;435;214;420;342;342;334;471;461;297;219;248;457;473;461;486;486;258;198;217;467;499;492;488;486;234;197;208;472;506;492;484;484;355;202;277;485;492;487;469;471;465;457;463;476;480;479;463;468;465;464;470;470;476;473;468;471;467;473;469;470;475;475
342;438;439;219;242;333;346;321;464;463;302;221;247;461;477;459;486;487;260;202;214;472;500;490;484;485;217;196;201;467;498;499;489;489;399;208;247;493;498;492;476;470;464;457;463;473;479;475;472;469;463;468;461;474;472;471;469;467;467;467;469;472;473;473
357;438;444;222;245;330;342;331;466;464;301;216;230;458;474;467;485;483;256;199;218;469;498;492;494;489;222;197;198;478;501;496;484;485;389;203;249;493;500;487;471;473;468;454;468;477;475;471;467;464;466;472;469;471;475;475;468;469;469;470;468;473;470;485
347;420;441;220;247;348;343;323;478;461;468;214;230;462;486;458;487;487;235;202;216;469;498;492;489;487;229;196;207;472;501;495;486;486;391;208;281;493;499;489;464;472;462;456;469;476;481;480;473;471;465;471;472;471;474;472;468;471;466;468;467;470;470;474
361;427;469;223;234;339;344;342;464;470;265;221;224;458;465;460;483;488;257;196;214;470;499;486;487;490;232;199;204;465;500;495;482;487;353;211;285;489;504;490;471;469;465;464;463;471;475;477;470;469;467;465;466;470;472;478;466;467;472;472;471;472;474;481
358;440;291;223;411;340;344;323;461;466;296;213;233;466;479;456;485;483;259;203;214;471;498;493;488;486;232;195;206;469;491;497;486;489;355;214;241;485;500;489;472;468;471;455;465;476;476;478;470;465;463;470;476;470;472;472;475;469;469;471;471;471;474;475
343;438;290;212;239;341;351;332;468;473;306;219;236;464;479;463;487;479;226;195;214;467;501;488;489;487;232;197;205;460;503;492;482;487;397;212;281;487;495;487;474;469;461;455;467;482;478;473;469;469;467;463;469;470;473;473;471;466;465;469;470;469;473;484
360;438;267;220;240;334;339;335;465;473;264;214;233;461;470;460;491;481;234;201;216;475;500;492;492;492;218;198;206;466;499;493;488;484;360;206;263;488;496;491;469;472;468;459;469;473;479;474;471;467;468;467;469;473;472;475;473;469;471;469;474;475;474;479
359;428;291;224;230;336;348;349;470;464;300;212;235;460;472;457;484;480;230;196;213;469;494;488;485;483;232;197;207;471;497;495;484;485;365;211;284;490;501;489;472;468;472;457;466;475;475;477;466;471;466;463;474;468;473;468;472;464;463;471;469;470;468;476
356;432;299;214;235;338;331;342;465;463;273;217;237;462;468;470;481;481;252;199;220;471;493;487;485;485;232;193;201;467;493;498;487;490;359;212;253;488;500;491;470;475;466;462;465;476;476;477;468;462;461;470;469;468;473;472;476;473;469;469;470;472;474;474
357;442;393;217;231;335;337;348;463;465;304;214;247;460;467;470;481;482;229;202;217;470;496;493;484;489;220;196;200;458;502;492;485;489;337;203;280;493;494;491;467;469;468;459;471;473;471;477;467;469;461;467;465;474;472;476;474;470;467;469;471;464;472;479
356;438;440;223;235;317;332;335;461;462;293;213;236;456;476;460;484;477;254;201;212;465;498;490;484;488;231;197;200;457;501;494;490;494;392;213;275;488;502;494;470;469;469;459;468;476;478;481;471;468;469;472;471;474;472;477;467;471;465;467;473;473;475;475
338;432;432;224;242;346;345;340;472;474;299;211;248;459;475;461;486;484;254;200;214;470;499;488;486;486;230;197;197;463;498;493;486;482;400;213;273;497;502;491;472;465;464;456;463;471;477;475;473;468;464;468;469;470;477;474;469;466;463;466;471;469;476;484
359;441;274;217;410;320;346;327;471;462;295;219;231;468;472;460;483;482;256;200;225;468;497;489;488;484;232;197;206;467;500;494;485;488;358;205;241;490;507;490;471;473;467;465;467;479;474;476;472;472;464;460;470;471;475;471;473;468;467;468;469;471;475;476
331;428;442;225;413;347;343;338;473;464;271;212;224;468;472;467;480;484;236;198;210;469;495;493;486;487;233;198;208;463;495;497;489;489;363;213;282;490;498;489;471;474;463;456;465;476;479;475;469;460;469;469;466;473;475;476;468;474;470;467;466;473;472;480
340;434;293;212;241;337;336;333;463;463;289;213;232;459;473;463;486;481;263;202;216;471;497;493;488;490;233;197;207;474;504;494;488;484;353;207;244;491;500;490;469;465;468;451;468;471;477;477;471;465;471;466;471;472;475;476;474;469;467;466;467;473;468;478
347;431;440;217;232;351;344;338;465;465;301;213;240;460;477;464;482;482;254;202;209;470;495;493;490;489;222;197;203;470;498;496;484;480;405;215;240;495;503;488;470;469;466;461;461;479;472;477;469;466;469;467;465;469;476;474;474;469;467;469;464;473;474;476
349;429;441;222;238;338;344;329;458;463;289;215;236;454;473;462;485;479;253;201;214;469;500;491;486;489;208;196;200;470;502;499;487;488;357;213;245;491;500;493;468;473;460;457;467;476;472;481;469;469;466;470;466;467;473;472;475;470;470;469;468;472;475;477
365;439;438;216;364;333;344;361;457;475;288;216;233;456;474;461;483;486;255;203;224;466;499;490;488;490;234;197;205;466;501;492;487;486;364;206;244;489;501;492;472;470;471;449;473;470;480;474;465;466;469;469;465;469;472;478;471;468;467;469;469;475;474;481
353;430;433;215;241;339;351;349;469;473;293;222;230;460;480;463;478;484;259;200;225;472;505;495;486;489;231;200;208;464;489;495;486;485;393;203;244;482;503;491;470;472;470;456;471;475;479;475;470;467;463;466;468;472;475;475;467;469;469;465;470;467;469;475
357;430;388;225;242;333;344;327;465;475;296;217;236;464;470;456;485;483;233;199;215;471;497;490;486;491;230;198;206;470;498;490;485;485;393;216;279;493;503;484;469;478;465;459;474;472;477;478;468;465;465;466;466;470;470;475;471;470;470;474;463;472;473;478
357;434;435;214;232;342;340;335;465;474;300;215;229;462;470;462;480;478;232;202;224;470;497;487;483;484;218;198;199;472;500;496;487;485;387;214;276;490;499;490;472;466;464;459;466;477;480;478;469;465;464;468;472;472;475;468;467;466;466;471;470;465;474;475
351;433;445;222;370;326;351;353;464;471;469;224;251;457;472;457;482;487;231;201;219;475;499;492;485;489;222;198;201;458;498;493;484;487;392;204;250;487;495;491;472;471;468;459;470;479;480;478;470;463;465;468;465;474;473;473;474;468;466;465;472;467;470;474
339;432;394;215;232;343;350;347;455;467;301;210;234;456;478;464;484;487;234;199;223;469;494;494;486;491;213;197;202;463;500;494;488;489;392;214;278;486;498;488;473;472;467;459;464;476;475;474;469;465;468;466;468;472;472;473;475;468;469;469;465;473;473;472
358;432;280;224;233;339;348;349;461;463;293;213;231;458;469;458;487;486;233;199;223;472;498;492;486;485;223;194;199;471;503;496;485;492;388;212;243;483;500;491;472;465;473;464;468;480;476;477;468;470;469;464;467;469;468;471;474;467;464;469;475;471;474;473
368;434;288;223;343;343;344;334;457;466;297;223;250;454;469;464;486;485;232;198;215;467;494;490;488;493;232;197;200;465;501;494;487;486;353;209;243;489;500;491;467;474;466;459;469;469;478;479;466;466;463;472;465;472;474;472;471;472;467;463;465;471;469;479
362;438;283;220;240;329;338;338;463;458;303;211;251;466;479;466;483;487;262;203;213;469;498;490;487;497;221;197;202;466;499;499;490;491;360;208;237;486;494;488;470;467;470;459;468;475;482;474;467;471;465;469;470;472;476;476;471;465;471;467;475;469;475;473
347;436;436;214;243;344;348;342;470;456;295;218;230;466;468;459;480;484;258;200;223;473;495;490;488;489;233;199;198;463;496;494;488;489;392;212;237;487;498;490;472;476;462;456;467;478;476;478;470;467;465;468;470;474;473;474;475;471;467;466;466;472;473;473
343;427;287;219;343;340;358;342;463;472;295;221;247;457;479;453;482;480;237;201;215;465;497;491;487;481;222;199;199;468;500;496;483;481;393;205;253;488;499;490;472;474;468;460;468;477;477;482;471;466;469;472;469;474;470;475;472;468;470;463;472;469;474;476
354;435;275;217;236;336;332;355;466;471;293;212;236;461;481;450;483;483;256;201;225;468;498;494;488;490;232;198;205;463;501;495;487;488;352;212;249;487;499;492;472;470;472;456;470;478;486;479;472;462;465;467;468;471;472;476;467;471;472;472;465;472;476;475
355;433;437;223;244;347;344;353;465;468;294;215;230;461;477;469;483;481;254;201;225;470;495;490;484;485;234;197;209;467;500;496;487;481;362;211;284;491;495;489;476;471;471;455;471;479;478;476;467;465;469;467;470;473;474;476;467;473;470;468;474;472;479;478
356;434;431;221;367;326;332;326;470;466;295;213;245;459;474;465;484;484;256;203;213;469;501;490;488;487;218;198;207;466;499;496;487;487;356;211;251;485;500;491;472;471;462;456;467;478;474;477;468;466;462;463;469;472;471;474;473;467;471;468;470;471;474;477
366;434;280;221;233;347;327;344;467;465;294;213;226;459;482;465;485;483;258;203;212;468;499;488;487;493;216;195;208;461;497;494;489;489;353;203;286;495;502;490;469;472;469;462;468;473;480;480;468;466;467;473;472;470;475;474;469;470;467;465;467;470;471;474
335;431;433;216;243;347;350;350;468;467;298;220;244;466;467;464;487;485;261;202;217;477;497;490;487;493;219;198;200;459;505;494;488;488;363;212;284;489;501;491;474;466;471;460;468;474;479;477;467;474;465;467;465;474;471;473;476;467;468;474;470;472;469;469
360;406;426;226;230;348;329;351;458;461;471;209;245;457;470;458;485;484;257;195;210;467;492;490;489;489;219;197;201;466;501;496;481;488;397;203;280;485;499;492;476;474;467;453;470;476;475;479;472;468;463;467;467;470;474;476;473;468;470;471;467;471;469;479
341;433;428;216;234;326;337;335;468;459;276;212;229;464;474;465;486;482;255;200;213;472;498;491;487;486;222;196;200;465;498;500;491;489;391;202;286;487;502;491;471;472;471;459;470;479;480;476;469;466;470;466;466;473;469;474;473;471;466;465;469;474;475;482
349;440;433;223;244;325;345;344;472;467;473;212;228;460;476;460;487;487;261;201;225;468;501;491;488;490;231;198;208;461;500;495;485;488;357;216;279;487;500;488;474;475;466;459;470;476;481;479;468;472;463;467;470;469;474;475;467;467;469;475;465;469;473;473
347;430;431;216;234;337;337;328;469;459;296;212;227;463;475;461;485;476;232;196;225;473;495;490;487;490;232;197;200;460;500;495;488;486;389;213;286;488;500;491;471;472;462;458;468;477;474;475;471;468;465;467;470;472;476;471;468;465;466;464;470;472;472;471
340;415;389;221;239;341;348;330;464;464;468;214;235;460;470;462;488;485;235;196;224;468;498;495;483;486;218;198;201;467;499;494;487;486;385;207;238;487;489;489;470;467;466;458;472;476;477;475;466;466;471;468;468;467;474;473;471;465;465;464;465;467;476;473
362;439;426;220;240;350;339;326;463;474;276;208;246;457;475;463;486;488;254;203;212;472;498;493;486;488;233;198;207;467;504;494;485;484;357;211;251;480;493;490;473;467;468;456;472;472;480;477;469;468;462;466;471;472;471;473;479;467;470;468;471;470;474;474
357;430;291;223;238;354;344;342;463;464;304;218;242;464;473;459;480;483;251;202;222;474;500;492;484;486;214;196;204;461;499;490;487;480;396;202;276;490;500;486;465;471;468;459;469;480;479;475;469;466;465;466;470;470;473;474;466;472;469;469;468;469;472;475
350;431;269;217;242;344;346;351;465;462;300;219;239;463;471;465;486;479;235;195;224;468;499;492;488;486;233;198;204;460;506;496;483;492;350;212;236;484;495;494;471;473;465;456;472;479;473;478;464;472;467;468;471;472;477;475;470;473;468;465;465;469;475;479
364;434;441;221;414;334;351;341;460;469;269;212;247;465;474;461;488;487;256;203;217;470;499;490;488;489;218;196;200;465;503;498;487;488;361;206;278;488;500;488;472;472;470;460;470;482;480;475;470;465;470;466;465;475;471;472;470;472;464;472;468;469;473;478
358;425;434;216;232;348;340;333;470;463;295;211;226;463;473;460;485;482;254;203;220;468;499;492;486;489;233;198;191;464;502;495;486;490;393;214;281;489;499;488;466;473;468;457;464;479;477;478;468;473;462;474;469;471;469;469;469;469;468;469;468;474;477;476
358;434;427;221;244;340;333;330;468;467;470;214;238;458;469;458;480;476;260;201;216;465;497;498;486;482;237;196;207;469;500;500;483;482;382;215;252;491;500;489;473;467;469;459;466;475;470;472;468;465;468;467;467;470;474;474;469;467;464;466;466;471;472;473
346;438;450;218;233;340;348;337;462;475;303;211;230;466;476;467;483;483;255;199;214;473;491;490;488;487;234;196;206;472;496;500;480;485;357;211;240;490;496;493;466;470;465;455;468;474;472;474;466;469;472;466;474;471;473;472;472;468;465;468;472;469;470;478
351;439;436;218;238;343;338;342;468;463;293;206;228;460;475;454;486;480;236;198;226;467;496;495;487;488;221;197;207;468;497;497;487;481;393;201;261;491;496;488;470;468;475;456;469;476;475;475;472;468;467;466;469;466;474;477;475;473;467;471;469;469;473;473
360;433;293;228;370;346;345;331;464;465;477;212;237;464;476;462;485;484;261;202;217;468;499;491;486;490;220;198;205;458;495;494;488;483;399;213;242;492;497;492;465;468;465;457;468;482;476;476;470;463;467;471;469;468;470;469;470;467;466;465;471;475;473;467
337;429;475;222;436;335;341;327;462;474;295;212;226;455;476;464;485;484;233;203;227;470;500;497;485;491;222;196;208;467;500;499;484;487;366;202;238;489;501;491;469;468;471;465;469;482;478;474;469;472;462;469;470;469;473;478;469;470;463;464;475;473;473;479
356;431;439;221;244;325;350;325;473;466;298;221;231;461;465;466;485;478;231;200;209;471;499;493;486;490;231;197;205;460;498;495;488;486;392;214;237;488;499;492;468;470;464;450;462;479;471;476;473;463;462;468;472;471;474;474;472;469;467;467;469;470;472;478
354;431;443;224;246;336;341;333;464;468;484;210;242;462;474;461;485;481;254;201;225;471;502;488;489;490;231;196;201;469;501;495;480;487;368;205;252;491;498;495;467;469;461;455;461;474;476;480;469;467;471;464;469;477;469;469;473;469;469;467;467;467;470;475
349;424;439;227;246;344;352;324;464;459;293;217;227;457;473;456;486;485;257;199;226;469;496;490;488;492;235;197;202;470;501;494;485;494;397;211;279;488;503;490;469;464;466;456;465;475;481;479;465;467;465;465;467;474;468;478;473;468;466;470;466;469;472;476
367;440;437;218;242;346;342;328;462;480;302;224;224;468;467;457;488;479;257;198;214;471;498;490;484;485;231;198;200;469;500;501;484;492;393;214;273;486;494;491;468;466;473;459;473;479;478;478;471;467;468;471;471;473;473;476;470;465;472;464;473;471;473;479
364;434;396;221;243;333;345;347;461;461;295;219;224;464;477;463;481;479;254;201;213;468;496;490;487;491;232;196;204;463;498;494;490;486;394;206;240;491;495;494;470;468;467;457;465;478;476;474;469;464;465;466;466;474;473;474;471;469;468;466;471;470;472;479
339;427;290;224;474;339;326;339;465;461;294;214;244;463;471;461;483;479;259;201;226;477;499;492;485;484;232;198;198;476;502;494;484;485;397;214;279;487;501;488;466;472;468;459;466;477;476;475;470;469;461;467;467;471;473;474;471;470;470;471;466;469;473;479
355;435;291;220;244;348;335;322;464;464;299;219;247;461;471;463;485;481;230;202;213;467;500;488;487;493;232;195;206;470;491;495;489;485;399;215;279;487;499;492;476;468;469;459;467;470;479;479;470;463;465;466;468;470;476;471;472;462;462;475;470;469;470;477
341;426;440;217;247;344;344;349;459;468;301;211;230;464;465;469;489;485;227;197;228;464;497;495;487;490;231;198;207;461;496;494;487;488;366;204;251;489;494;490;470;466;470;453;463;475;476;473;470;462;469;461;464;464;477;475;470;465;466;468;471;473;472;479
346;438;435;222;234;327;336;337;465;462;263;212;236;465;470;461;482;482;237;200;212;466;499;490;486;491;214;196;206;465;504;497;484;487;393;213;277;492;502;491;470;464;463;455;464;477;475;477;468;467;466;467;468;474;469;473;472;465;462;471;464;467;471;474
361;430;442;218;423;344;336;348;465;471;300;215;226;461;475;461;490;489;256;201;225;471;496;490;488;488;233;199;202;462;504;497;489;486;394;204;238;488;500;488;470;466;465;458;473;477;475;477;464;469;466;467;471;468;472;475;471;468;465;470;465;473;469;477
366;428;279;215;240;341;344;327;461;468;300;220;227;461;470;462;481;481;231;200;211;469;498;497;491;487;221;195;206;469;499;497;487;485;362;212;222;487;495;490;473;472;466;458;463;472;477;477;469;470;467;466;468;473;470;471;474;465;465;466;472;470;471;477
357;436;436;215;238;351;333;342;465;466;470;211;241;463;473;466;484;482;256;201;224;467;493;490;484;492;214;199;199;464;500;494;488;489;392;216;282;492;499;498;470;470;466;452;468;477;474;482;466;463;467;468;468;473;466;473;472;467;466;470;468;471;470;478
358;436;439;216;478;328;329;325;467;466;304;218;248;465;475;469;480;483;256;201;223;474;495;490;485;484;232;197;203;468;502;498;484;487;358;219;254;486;499;492;475;466;468;459;470;475;476;476;468;469;461;463;471;471;474;472;472;471;465;468;472;473;473;473
334;431;439;221;240;345;332;355;460;465;295;221;242;456;485;471;481;487;259;201;217;470;494;488;490;488;221;197;200;465;499;493;487;479;394;206;286;489;496;492;468;470;468;459;467;474;481;478;474;466;470;470;468;472;470;472;470;468;464;467;470;468;475;480
360;424;432;222;244;337;345;342;460;464;506;211;241;466;482;457;485;485;252;203;223;472;498;492;484;491;224;196;206;463;501;502;484;483;367;208;265;490;504;492;468;467;470;454;466;470;476;478;473;462;464;469;469;473;473;472;471;469;473;469;470;468;475;475
349;432;437;225;234;336;342;319;470;467;470;221;232;465;481;461;484;483;234;202;208;470;499;494;485;492;236;196;200;456;502;497;488;483;392;215;290;489;498;488;478;467;473;451;466;474;474;483;464;463;466;467;473;472;474;478;473;469;466;472;465;471;475;474
352;429;433;214;241;339;330;329;461;469;308;217;234;454;476;467;489;483;254;199;215;470;497;497;488;489;217;198;200;472;501;494;487;486;404;205;280;491;498;490;471;467;465;460;469;480;472;478;471;465;467;464;469;467;475;473;472;467;472;466;469;472;473;480
354;429;440;225;366;350;350;339;459;467;469;209;239;472;475;468;490;485;233;199;223;471;499;487;488;489;224;196;205;467;496;496;484;489;410;203;269;494;496;486;467;470;466;452;470;476;474;478;472;466;468;465;473;470;474;472;471;469;464;471;469;468;477;477
364;440;295;221;234;337;349;344;471;462;297;213;224;453;474;460;486;488;256;201;212;466;500;492;486;490;216;197;207;457;497;495;484;486;397;208;286;487;498;490;467;466;464;456;472;476;473;476;470;464;470;469;470;473;470;475;468;469;465;470;469;471;472;479
359;436;275;227;231;346;335;326;460;468;465;216;232;454;471;464;484;488;256;199;215;472;497;491;487;489;234;196;207;469;494;497;488;486;394;208;283;491;502;490;469;469;465;456;467;478;477;476;471;465;468;477;471;471;473;473;473;460;466;468;468;469;477;472
337;433;473;217;372;339;339;329;465;467;292;217;243;460;478;458;485;485;256;202;224;473;498;497;489;489;217;196;208;469;498;497;489;490;395;207;241;487;498;494;471;473;469;458;467;479;479;476;467;470;464;465;467;471;472;473;467;471;465;470;472;474;473;477
347;442;283;217;239;332;351;327;464;463;291;218;235;460;480;462;485;484;260;202;213;469;498;494;486;492;237;195;206;463;499;495;485;491;394;207;282;490;497;490;472;472;468;458;469;478;477;475;463;466;462;463;471;467;472;473;473;466;461;465;471;473;475;476
359;444;447;218;239;324;351;322;462;471;294;221;222;461;475;463;489;480;234;203;225;464;495;491;483;492;217;197;208;471;499;492;487;485;404;215;285;485;500;488;471;470;463;458;468;476;477;472;470;468;467;466;468;470;471;477;477;472;467;469;469;472;471;473
358;429;433;222;242;335;332;353;465;459;261;217;236;466;474;458;487;485;260;199;214;463;498;489;491;488;220;196;210;462;501;494;489;486;400;204;284;487;500;487;473;468;470;456;466;477;476;476;465;468;465;472;471;474;470;478;467;463;468;463;465;468;473;476
358;434;295;214;245;328;353;350;462;463;298;224;248;454;468;461;481;484;233;203;215;465;497;491;485;496;216;198;202;458;502;499;484;488;396;205;249;486;496;492;472;472;470;456;469;473;477;476;466;471;469;470;470;467;477;475;467;467;466;466;469;473;473;480
339;430;443;217;337;349;355;352;454;465;307;213;241;455;466;464;487;480;232;195;219;467;499;490;491;491;224;196;200;453;501;497;484;490;361;215;238;487;502;485;474;479;467;462;468;480;479;478;474;465;473;464;470;468;471;477;471;472;465;464;468;471;473;475
350;429;438;213;232;333;345;321;461;464;440;214;229;460;475;467;488;482;259;198;222;469;498;487;482;483;220;195;208;467;498;492;490;487;390;204;242;491;500;490;472;470;470;460;466;475;477;476;468;466;465;467;471;472;473;471;472;468;470;467;470;470;473;476
360;433;436;222;343;352;330;327;467;468;292;214;224;461;481;464;487;483;238;202;220;470;499;491;485;486;223;196;209;460;502;496;490;487;387;217;283;497;503;490;465;470;469;458;468;483;479;478;468;469;465;465;470;474;470;476;474;468;473;470;470;465;476;479
[345;434;472;214;231;339;333;349;464;464;302;215;236;466;473;458;485;485;237;202;223;468;499;491;488;487;221;196;199;466;506;495;489;489;357;207;284;487;493;492;474;474;468;457;463;471;475;483;471;471;466;467;471;472;473;467;474;469;468;470;468;470;474;478
360;421;438;216;238;339;360;324;460;465;298;211;226;458;478;462;488;485;236;200;209;469;496;493;485;492;217;198;207;464;501;495;483;487;400;218;263;494;498;490;469;473;471;458;465;475;479;483;472;464;465;465;468;474;475;472;475;472;471;465;469;469;473;481
365;437;288;224;426;341;348;351;463;468;473;222;233;462;473;469;480;479;257;194;223;467;499;492;489;491;238;198;199;469;496;501;486;486;400;218;286;492;503;487;469;470;466;464;472;476;476;475;468;466;467;468;471;475;472;475;469;471;469;472;470;470;479;477
336;439;392;220;416;319;343;336;467;469;309;214;242;458;469;468;484;481;230;203;225;466;495;493;487;493;234;198;199;459;495;495;488;485;368;216;280;487;499;491;470;470;468;459;470;477;480;475;471;467;472;468;465;469;474;476;478;467;469;470;470;472;480;478
358;441;443;210;245;342;338;346;462;462;305;213;249;458;478;459;486;482;257;200;211;467;495;491;482;488;236;196;208;468;503;494;482;489;363;204;252;489;494;492;471;469;471;458;473;478;477;475;466;465;468;466;468;470;472;475;469;470;466;471;469;470;472;477
347;438;438;220;427;331;345;343;478;467;304;216;228;465;472;464;481;484;259;202;222;468;494;491;490;491;238;197;201;457;503;498;490;488;401;217;256;492;499;493;472;465;463;451;462;472;482;471;468;465;466;469;467;471;474;473;465;467;467;469;466;469;471;478
342;432;278;224;232;346;353;348;462;460;469;210;250;462;473;460;485;478;259;203;223;465;499;491;487;485;223;197;199;463;502;495;486;486;370;194;252;491;498;487;471;470;469;457;465;479;479;477;473;468;463;467;471;473;469;473;467;465;467;469;473;472;473;476
353;438;432;223;234;348;339;342;474;470;481;212;233;464;475;467;485;482;234;202;222;474;494;489;493;492;236;199;197;467;507;489;484;489;361;208;284;490;496;494;472;475;466;454;470;467;480;477;473;469;464;468;474;472;474;470;471;470;471;465;467;473;471;481
360;440;291;221;233;341;339;336;461;465;266;213;225;465;473;463;485;475;255;195;221;467;498;491;490;494;222;198;209;456;497;494;493;485;400;214;283;488;495;488;468;472;465;458;468;481;475;475;472;470;467;471;469;471;473;474;471;465;465;467;469;465;475;480
338;439;289;225;369;350;348;325;467;464;294;211;234;454;471;457;480;486;257;200;221;465;496;491;483;490;214;196;200;458;499;498;484;486;401;217;251;491;495;491;470;469;470;465;462;472;483;475;472;465;468;470;468;472;473;474;471;465;467;471;469;472;476;477
356;445;449;213;473;335;346;358;458;474;472;219;226;461;469;461;484;486;254;201;209;466;496;494;485;488;217;198;199;463;501;495;488;487;402;203;241;497;499;491;468;470;469;459;470;473;478;473;475;466;465;464;473;471;472;474;469;472;467;465;466;468;473;476
345;432;431;216;239;350;352;355;460;469;296;220;221;462;470;462;485;481;235;200;212;471;497;491;486;493;224;198;200;474;501;494;482;485;365;220;282;485;499;487;467;474;463;461;468;483;476;475;475;468;469;468;474;471;479;472;468;469;466;470;470;475;476;476
348;431;283;221;239;341;353;350;466;465;305;213;233;460;473;466;483;486;258;193;213;471;500;488;484;490;208;198;209;468;499;493;484;487;394;209;243;491;501;494;476;470;467;460;462;480;475;475;467;465;465;467;472;469;470;470;479;468;464;469;471;471;475;474
360;439;473;218;245;343;355;339;458;472;308;222;242;457;475;462;487;479;230;198;224;463;497;492;493;486;219;198;208;465;495;495;486;485;392;220;247;489;501;492;475;468;468;457;464;475;478;478;470;469;463;470;469;472;467;475;471;468;471;472;464;469;471;475
364;433;432;220;370;347;332;335;469;466;295;215;227;464;474;463;484;482;261;199;210;471;498;486;486;491;221;196;207;462;503;496;488;486;407;219;254;490;496;491;471;475;468;459;468;476;477;478;474;469;464;468;472;467;471;473;462;462;465;466;470;474;471;477
361;436;443;217;240;340;350;351;462;476;302;216;234;456;477;473;487;485;255;200;221;470;495;491;485;487;230;197;206;467;502;495;487;485;356;208;243;495;500;489;465;471;462;455;473;476;478;481;474;471;477;468;469;471;472;480;472;473;471;466;475;471;475;479
361;429;435;228;236;346;348;348;458;466;309;216;248;461;470;467;488;488;254;201;212;469;496;492;487;486;219;196;206;464;498;490;487;486;369;219;290;492;500;489;471;468;460;461;467;477;480;476;473;469;468;471;469;475;472;473;474;465;465;470;466;470;474;476
360;430;435;223;341;345;345;328;465;472;302;210;245;464;477;456;485;483;260;201;210;466;493;490;486;488;226;198;206;466;499;495;487;488;403;208;283;484;500;491;471;468;467;461;468;472;478;476;469;467;463;467;469;475;472;474;469;474;469;467;469;468;477;477
340;428;282;217;371;346;341;345;469;472;303;215;233;456;472;465;487;481;238;195;214;465;497;487;486;490;216;197;206;463;495;499;482;483;403;216;252;489;497;486;468;470;462;454;467;476;475;479;464;468;469;471;475;473;471;474;472;471;470;467;468;473;478;477
359;430;280;214;241;330;363;347;468;467;303;210;248;457;470;461;483;481;228;195;225;470;502;486;483;490;236;196;202;462;504;490;486;484;402;207;238;490;498;487;467;470;461;458;463;486;478;480;468;470;470;470;472;469;467;472;473;470;466;469;471;476;469;476
341;431;442;218;232;352;336;349;461;470;297;219;248;463;473;459;483;485;233;201;224;470;497;495;484;490;220;196;207;464;503;496;485;486;405;216;280;484;498;490;473;463;469;463;468;473;481;475;468;466;465;465;468;470;470;473;473;470;468;469;469;471;473;481
335;436;288;220;245;349;352;338;469;464;308;221;227;460;476;459;483;480;227;199;215;475;495;488;488;486;225;197;201;463;499;494;489;490;398;218;238;494;500;487;471;470;468;457;464;474;482;476;471;472;468;467;470;475;478;473;473;467;469;470;468;473;476;482
359;435;437;216;237;349;341;333;466;474;474;209;224;460;480;462;484;485;255;202;223;467;496;490;490;480;233;197;204;455;498;493;485;489;402;206;280;488;501;489;472;469;466;464;462;481;472;476;470;469;464;466;471;471;476;473;470;468;469;471;470;474;472;475
345;431;398;214;239;324;339;332;455;468;470;211;235;466;475;464;484;480;259;199;223;466;497;493;489;487;227;197;205;473;499;500;487;489;370;203;284;489;502;487;469;476;470;467;467;477;476;473;469;464;467;465;468;473;475;470;481;468;465;468;469;474;475;479
358;440;465;216;369;358;341;333;462;481;305;221;242;462;476;454;485;486;239;198;214;467;499;493;489;484;228;197;208;465;501;499;486;490;364;216;240;487;500;490;472;473;465;455;466;471;476;473;471;471;466;467;470;472;471;470;475;467;467;470;472;470;475;481
359;438;435;219;417;345;353;337;466;469;305;218;230;462;467;468;487;484;234;195;214;475;496;493;492;483;220;197;201;465;502;493;489;490;398;211;245;491;503;492;472;473;471;462;469;476;478;473;465;464;470;467;465;472;477;474;467;468;469;466;464;476;472;476
346;423;434;223;236;336;345;356;463;473;300;220;233;461;475;458;487;485;259;198;213;469;496;494;487;495;224;198;201;473;503;494;480;490;402;209;285;494;490;494;468;467;469;465;466;472;471;477;468;463;466;470;471;469;473;477;476;470;465;469;468;471;475;476
339;429;440;224;365;352;333;329;466;465;467;220;225;460;482;459;487;484;251;204;213;469;494;494;485;488;239;197;203;472;501;497;488;489;407;220;283;487;500;490;469;471;464;464;471;473;477;474;468;474;463;467;470;472;472;474;469;469;468;472;473;468;475;477
365;438;293;217;375;336;352;345;470;464;296;214;230;461;473;462;487;488;234;200;216;463;498;491;488;493;227;196;202;459;501;492;485;477;419;208;282;487;506;494;469;475;465;460;469;470;476;474;469;468;465;469;472;472;474;475;470;467;469;465;470;468;471;478
350;437;285;218;367;350;335;358;471;474;292;221;227;460;469;463;483;490;236;202;212;465;498;490;492;489;219;196;205;456;502;496;490;489;398;213;244;486;500;495;471;469;468;466;465;477;474;476;470;463;466;470;470;475;473;477;474;471;467;472;469;472;473;475
354;441;398;221;240;344;334;319;467;462;307;223;229;461;479;464;483;477;232;201;214;468;497;493;489;483;220;197;204;461;498;498;480;489;403;210;285;491;497;485;470;465;465;457;471;479;471;476;469;469;466;474;467;475;473;472;475;473;470;469;468;472;479;476
363;433;286;221;417;337;340;335;468;467;466;210;231;465;480;466;484;484;228;198;214;472;496;491;490;492;219;198;205;463;496;494;488;488;403;220;242;494;496;489;468;467;467;460;465;479;474;478;470;470;467;467;472;474;473;477;473;468;468;473;472;469;470;479
359;441;433;224;366;341;363;354;461;470;308;219;237;465;477;469;484;484;237;201;214;471;492;487;484;491;219;197;198;469;502;497;484;478;405;211;283;487;502;488;473;470;468;454;466;476;475;474;478;463;465;470;470;471;479;469;473;470;470;466;465;468;476;480
359;442;432;222;245;343;343;340;467;469;477;214;226;457;473;462;484;480;260;196;213;468;497;491;489;484;241;197;201;463;505;499;484;491;413;221;275;488;499;487;472;468;466;460;469;472;482;468;467;467;470;471;470;473;475;476;475;470;470;467;469;472;472;473
346;439;439;223;243;358;336;347;462;468;267;212;226;466;477;454;487;480;261;201;222;465;495;493;489;490;211;198;206;461;500;496;488;487;413;218;239;488;500;488;469;462;464;461;467;470;473;470;466;469;470;471;471;474;473;473;471;471;472;472;466;469;473;476
342;430;287;217;421;342;341;334;468;466;303;218;232;467;476;463;484;481;234;195;210;493;496;499;485;493;236;197;206;454;501;492;486;483;415;208;286;495;499;490;470;468;467;457;464;470;474;472;472;465;464;470;472;474;474;478;467;470;467;472;469;469;469;477
363;431;439;220;240;340;353;355;469;476;304;208;232;462;479;460;485;476;261;202;222;466;496;490;490;484;238;197;206;473;498;494;488;488;418;221;251;482;498;488;470;471;467;463;471;477;475;476;471;470;465;467;470;472;473;473;475;468;472;466;468;471;473;481
359;432;291;215;434;341;337;349;468;474;304;220;235;460;476;462;480;484;264;194;223;466;501;492;485;493;226;198;203;463;498;497;489;487;417;224;252;498;500;490;468;468;471;461;466;471;477;472;467;468;470;465;466;473;476;476;471;470;472;473;471;470;473;475
342;432;440;220;244;346;334;342;469;465;304;223;230;457;484;467;484;483;260;199;213;470;496;492;485;487;241;197;199;464;505;494;485;490;382;219;245;487;499;495;469;474;468;462;468;476;473;478;473;470;471;466;469;474;475;478;471;470;471;468;470;472;475;477
371;432;280;218;369;338;345;350;476;467;476;219;227;460;473;463;486;486;239;202;207;462;497;489;484;489;241;197;204;466;499;500;484;487;429;221;290;494;499;497;472;473;468;460;466;473;477;478;471;471;470;463;464;468;473;474;469;468;465;468;473;472;475;472
354;446;439;229;237;348;360;347;473;461;314;209;244;456;477;467;482;485;233;199;211;463;495;487;486;489;229;197;207;418;501;493;487;486;430;236;296;483;494;491;472;472;463;457;462;476;472;479;473;466;468;471;474;473;474;473;474;469;470;473;476;476;469;477
343;433;287;221;236;350;352;334;473;468;309;210;229;457;480;472;486;482;261;200;213;494;498;496;485;486;235;200;200;462;499;497;482;489;434;214;291;492;495;488;469;469;474;461;465;474;480;476;474;467;468;469;469;472;471;471;472;473;466;466;466;471;476;477
356;437;296;224;237;346;357;338;461;467;313;211;233;461;476;470;492;490;264;197;215;462;498;490;487;490;233;195;201;455;496;494;487;489;432;236;295;488;492;491;469;471;461;462;470;471;473;477;467;463;469;470;471;468;476;473;477;467;468;464;473;475;473;483
368;436;291;218;339;335;346;362;467;473;289;215;223;451;475;473;484;482;238;200;220;464;496;492;486;492;261;195;205;449;506;496;486;484;441;236;245;486;496;492;476;469;470;465;468;471;471;477;475;467;465;468;471;469;475;474;468;476;467;476;471;470;472;480
357;425;296;220;416;343;345;361;465;468;311;211;239;459;473;467;482;486;265;197;216;457;501;487;490;487;234;196;207;460;498;499;486;487;437;234;266;489;499;490;474;473;468;460;470;470;477;476;473;467;465;465;472;471;473;475;475;468;469;467;466;467;470;477
364;431;287;215;222;348;357;345;474;473;305;213;223;459;472;467;485;484;241;199;218;458;499;493;487;493;235;197;202;462;503;500;488;493;435;239;290;487;500;489;464;469;468;459;470;473;479;476;471;464;468;469;473;474;478;471;474;470;473;469;469;475;473;479
343;431;295;221;344;348;364;367;471;473;318;209;228;461;479;471;487;487;258;201;215;459;493;494;489;489;226;197;199;459;502;496;486;486;442;220;244;490;495;486;473;474;466;465;463;478;478;477;471;463;465;467;469;474;473;476;477;472;471;466;475;472;474;473
365;433;446;227;238;339;350;356;468;468;335;217;221;460;479;463;482;492;265;201;216;462;496;494;489;491;236;196;206;456;502;493;486;486;431;235;295;487;493;490;472;469;472;460;470;473;478;475;475;470;468;469;470;468;473;476;477;472;463;473;475;470;477;478
370;439;290;214;232;355;353;337;472;465;321;211;236;460;475;469;483;479;248;200;216;454;494;494;488;494;260;198;207;463;499;494;487;489;439;214;256;485;498;486;475;470;469;461;468;476;472;475;471;464;470;471;469;473;477;475;480;471;465;469;470;473;472;470
369;431;438;220;228;359;357;357;467;473;295;211;224;460;475;471;482;488;264;196;207;493;496;488;486;493;228;200;209;465;497;496;487;479;433;220;256;488;495;489;471;470;468;466;470;474;473;476;475;473;469;475;475;472;473;470;482;470;474;473;471;473;476;476
353;425;444;225;240;330;339;363;471;471;312;212;227;462;475;472;486;485;240;200;217;459;498;493;487;493;249;196;201;457;497;495;486;487;442;219;260;487;500;491;471;473;465;463;468;475;474;473;476;472;466;469;470;469;469;470;476;477;473;469;475;476;473;476
348;433;431;216;365;353;358;362;470;465;300;216;239;465;477;470;479;490;248;201;206;460;495;490;485;486;229;198;204;461;500;489;490;490;399;237;295;490;497;494;472;473;472;462;466;472;473;475;466;466;469;470;469;467;471;475;476;475;466;469;472;469;472;477
361;426;301;225;369;337;376;354;460;466;321;211;228;456;475;465;483;487;263;201;217;460;494;492;486;495;235;196;206;455;503;495;485;485;397;237;294;489;493;489;471;470;470;475;466;475;476;475;470;468;468;474;472;473;474;469;470;470;466;471;470;471;474;477
359;427;284;216;238;342;351;349;472;473;330;209;223;459;478;468;486;485;239;202;218;493;494;491;490;493;254;196;196;448;501;494;488;494;432;238;300;490;497;489;466;469;471;459;469;472;474;476;470;467;469;467;471;470;479;474;477;470;470;470;469;472;474;475
363;432;434;218;232;350;344;364;473;476;321;219;229;458;482;468;488;486;268;200;220;458;500;489;490;485;233;196;200;464;501;498;488;484;436;217;255;485;493;488;472;475;468;467;471;472;477;475;469;470;463;466;473;473;478;474;476;475;472;473;470;477;478;478
369;431;438;217;373;340;344;365;479;473;320;211;232;467;471;470;487;480;238;197;216;451;498;489;485;494;229;198;206;463;497;496;481;487;429;243;246;487;496;492;476;473;466;464;466;475;476;478;470;466;459;464;471;470;473;473;470;469;471;469;470;470;475;475
342;426;439;219;364;348;368;358;474;479;319;212;230;455;469;471;484;486;250;199;209;489;497;492;482;491;229;196;208;462;498;498;487;487;435;239;254;483;499;491;472;468;462;474;466;476;475;477;469;471;470;470;468;473;473;474;477;471;469;467;469;475;476;478
358;432;402;221;423;339;356;357;470;466;294;218;222;459;481;470;488;486;270;201;207;460;495;493;488;493;235;196;200;456;499;496;487;486;440;241;249;491;496;489;472;472;461;471;467;474;478;475;471;462;469;463;469;475;475;472;473;474;473;472;471;469;472;478
338;432;287;220;234;348;348;354;469;470;315;221;240;456;474;473;481;484;264;199;214;457;492;496;484;489;231;195;200;460;498;496;484;482;440;225;260;483;493;493;471;472;466;465;476;472;473;479;473;467;466;464;473;472;473;475;480;472;470;466;474;472;469;480
356;437;309;225;345;353;341;353;469;473;318;218;228;458;472;466;488;488;248;201;219;455;499;490;489;490;251;196;203;453;495;490;484;489;435;222;299;488;492;498;472;472;472;459;473;475;475;481;465;467;474;469;471;471;473;475;475;465;470;465;473;469;469;478
368;425;315;216;232;337;346;357;472;475;314;218;225;466;475;470;479;483;241;197;219;456;499;496;486;490;236;197;204;461;500;495;483;483;427;226;297;488;498;491;468;475;469;463;468;472;481;480;472;469;469;469;469;474;473;476;478;472;466;467;472;474;477;481
360;426;296;218;481;347;352;330;473;471;317;215;232;451;479;472;489;481;269;192;217;457;494;496;490;486;219;196;204;459;493;498;482;486;442;223;289;486;500;489;470;474;469;464;475;476;471;476;473;469;466;465;470;471;476;473;472;473;468;469;473;473;476;478
368;438;285;220;245;355;330;354;472;476;335;211;222;463;476;468;482;483;269;195;208;459;498;493;488;494;233;192;201;421;493;493;486;486;437;239;294;488;498;486;469;467;463;460;473;476;475;474;471;470;466;468;472;471;473;474;477;474;472;473;471;475;477;481
376;448;401;215;242;342;337;350;462;467;343;224;230;463;474;463;490;487;248;202;215;453;498;494;484;490;238;196;206;465;501;495;487;488;442;240;258;490;499;489;472;469;469;468;466;475;475;470;468;478;463;470;473;472;478;473;476;469;472;474;474;472;473;475
371;430;303;216;241;337;349;343;468;473;322;223;243;459;483;472;491;484;241;198;218;464;493;492;491;492;260;197;206;421;502;494;488;487;439;242;292;489;495;492;479;474;473;467;472;474;471;476;472;463;469;466;470;471;473;469;471;472;475;472;468;471;475;478
363;441;298;221;239;354;333;355;476;463;323;218;229;454;483;472;491;481;267;198;208;495;503;493;488;494;228;198;203;453;500;498;487;486;424;238;267;491;498;492;473;471;466;466;464;475;479;474;474;468;470;464;471;471;469;477;474;475;475;467;472;473;477;474
366;439;290;220;371;351;368;361;475;465;292;211;243;459;481;471;485;482;262;199;205;456;496;493;489;493;230;198;196;461;498;492;485;485;440;241;255;489;493;487;469;474;468;464;466;470;479;477;471;472;465;471;474;474;473;478;473;465;475;475;469;470;472;474
364;431;443;221;246;351;367;333;469;468;317;211;237;458;477;472;487;486;276;196;218;452;499;491;488;486;235;196;196;460;496;494;485;487;433;238;267;487;496;492;472;472;475;463;470;475;475;472;470;469;464;469;473;469;478;476;475;467;468;472;469;472;475;476
362;437;303;225;232;346;366;354;471;474;318;218;221;456;478;468;487;486;269;200;209;461;493;491;492;490;228;197;204;455;499;498;486;486;435;228;267;491;495;488;469;469;464;472;469;475;482;476;471;473;470;467;468;469;473;476;471;473;465;474;470;469;471;479
374;437;445;221;238;337;349;347;468;467;320;210;234;465;476;466;485;483;245;200;214;489;497;490;487;490;232;198;206;454;496;497;484;489;433;243;268;488;499;492;470;466;467;464;465;477;475;473;469;466;468;466;471;470;471;473;473;471;469;469;469;471;474;478
364;436;482;222;236;351;355;357;467;472;321;219;228;461;479;470;488;481;242;199;213;456;496;490;489;490;239;196;199;462;491;494;486;483;441;241;268;483;496;490;474;470;468;464;468;473;475;476;472;471;466;465;466;471;473;482;474;469;469;471;469;472;477;474
363;437;443;216;341;336;348;368;478;464;336;213;230;459;475;473;485;484;249;201;206;489;498;487;491;489;261;196;200;464;496;495;485;488;438;241;265;487;501;488;467;474;461;469;469;475;481;475;469;469;472;468;471;468;474;473;472;471;470;470;472;471;479;474
375;428;308;224;242;344;339;351;476;470;321;213;240;458;477;464;484;489;239;199;215;463;490;494;485;490;253;194;203;461;497;497;489;490;443;227;304;491;495;489;472;468;466;472;469;477;474;478;473;472;470;465;474;477;473;476;472;471;472;465;465;474;473;482
369;435;302;217;235;339;348;354;472;472;319;221;240;455;474;469;484;489;237;201;213;455;497;491;493;492;252;197;197;456;499;500;486;489;444;228;302;488;493;486;471;468;476;472;463;475;480;477;473;476;464;467;472;470;476;475;477;463;468;472;467;469;474;477
353;430;431;226;365;356;361;339;474;465;320;212;241;464;480;463;486;486;240;200;207;458;496;490;488;492;235;197;199;462;493;497;489;487;441;227;297;486;494;486;468;470;466;467;471;473;477;473;469;466;467;470;475;473;466;477;480;470;469;470;469;469;473;479
358;444;291;211;236;364;350;362;476;483;333;210;232;466;473;470;487;480;238;200;209;454;498;492;490;493;236;197;196;457;493;495;485;480;435;241;238;485;492;488;467;470;468;469;462;477;477;474;473;468;472;473;468;467;470;471;468;469;469;469;472;472;474;477
370;440;438;221;243;351;345;330;465;470;327;212;221;461;476;472;488;485;238;198;215;463;494;490;487;486;261;197;198;461;500;497;486;488;439;238;269;488;493;488;466;469;462;471;470;474;476;478;472;468;468;465;474;472;469;476;477;470;471;463;474;470;471;476
377;438;312;217;366;343;339;345;478;476;315;208;229;466;479;466;484;486;265;200;213;451;495;490;482;493;236;194;199;457;501;495;484;490;400;222;272;488;497;483;469;471;466;470;465;474;474;477;477;471;472;467;473;472;473;476;478;473;468;469;473;471;473;484
357;434;302;217;227;338;348;333;473;468;295;216;246;468;483;469;484;488;249;199;217;490;495;492;486;497;233;198;205;451;500;498;489;487;415;244;270;487;497;491;471;463;467;462;472;480;478;475;466;470;466;468;471;470;476;473;476;471;472;471;469;473;471;475
361;438;438;212;238;348;370;364;471;474;310;212;224;459;475;473;485;486;263;198;218;460;496;492;489;490;233;199;199;454;505;495;486;486;438;244;301;487;496;490;468;476;471;465;466;474;478;474;472;471;467;471;471;472;473;475;477;470;473;473;470;472;472;478
363;444;314;213;370;335;348;362;470;463;321;211;242;464;477;464;488;485;240;198;218;460;498;491;490;490;236;196;207;455;493;496;485;488;445;245;276;484;498;490;471;472;461;469;466;474;470;475;473;469;470;468;472;474;473;480;475;476;467;470;470;473;473;479
348;429;435;226;233;353;350;329;474;475;314;209;227;460;483;475;485;484;269;200;215;456;496;488;487;488;252;195;205;463;495;495;486;486;436;243;299;489;500;487;473;471;472;465;466;476;479;475;470;469;470;473;469;466;476;475;480;477;470;471;473;474;472;474
368;440;477;225;239;342;345;366;467;480;320;216;243;453;476;473;484;488;241;201;218;458;499;492;486;492;250;196;203;468;493;491;488;485;399;240;300;489;498;493;469;467;472;469;467;473;478;474;469;472;473;473;468;470;470;476;474;474;470;477;472;476;474;477
371;437;433;218;244;333;363;353;474;473;320;210;224;460;478;470;485;489;250;200;205;457;496;491;488;489;235;199;201;457;495;492;487;490;440;245;279;483;497;487;471;472;466;466;464;475;478;477;475;464;470;470;470;478;472;475;483;472;467;473;466;475;473;481
365;452;301;221;240;345;361;357;474;475;318;219;226;457;470;471;484;483;240;201;214;462;501;491;492;488;231;197;201;461;501;498;489;486;437;246;314;487;497;494;471;477;467;469;464;469;476;477;474;471;465;467;471;472;474;471;475;473;473;473;472;472;474;478
358;434;399;224;372;346;350;361;470;475;292;217;221;460;475;471;485;482;269;197;212;459;492;493;486;493;236;197;202;459;503;496;489;487;442;224;301;488;500;487;464;476;475;468;466;480;475;474;473;472;472;466;467;472;471;475;475;468;469;472;465;472;470;478
361;434;300;219;339;351;357;340;466;472;320;215;227;461;477;467;490;483;246;197;206;460;492;493;491;490;235;198;207;457;492;497;482;487;444;253;317;488;498;489;477;473;465;461;467;473;476;478;471;467;463;466;471;470;475;471;477;475;472;474;475;475;473;483
357;440;287;214;239;338;363;364;470;470;297;210;225;459;472;471;487;485;274;199;215;461;500;490;489;488;234;196;198;455;498;492;484;489;439;243;314;487;500;483;471;467;474;460;469;478;473;476;473;469;470;467;474;473;475;476;480;466;472;469;471;468;474;475
360;437;321;218;343;344;363;343;475;481;313;216;247;452;478;459;487;481;269;196;207;454;501;491;490;486;250;197;203;458;501;498;487;482;449;243;278;485;499;492;474;475;470;463;468;474;478;472;477;473;469;470;474;474;473;475;476;473;472;470;467;468;470;477
369;441;286;214;342;349;364;366;473;475;312;215;230;462;482;464;487;485;268;200;219;462;498;492;491;493;253;195;203;459;499;493;489;485;441;229;300;483;502;487;472;466;464;472;462;478;472;475;471;468;471;470;471;472;468;475;471;470;465;473;474;473;473;471
370;437;298;223;242;350;353;335;469;474;334;211;220;459;472;474;484;483;268;200;209;463;495;493;484;493;266;196;197;457;498;493;487;489;440;221;262;484;500;488;469;471;464;469;471;477;474;476;475;468;468;472;473;477;472;477;478;470;470;470;470;471;474;478
367;442;433;225;370;335;353;359;472;474;330;215;227;467;480;469;487;484;247;199;216;456;498;491;484;492;253;199;199;454;500;492;482;486;440;240;264;488;499;488;472;470;469;477;471;477;475;477;476;469;473;467;470;472;475;475;477;469;478;470;472;474;471;478
374;440;296;220;245;338;379;351;470;470;320;215;233;458;478;471;485;482;252;200;211;447;498;490;487;494;230;199;198;465;497;497;486;487;441;222;276;488;492;488;470;470;468;458;471;474;477;479;469;470;468;473;474;474;475;477;477;469;471;472;470;471;475;476
363;438;287;222;371;350;357;367;479;466;331;209;223;462;484;468;483;484;249;200;215;455;500;495;490;497;268;196;204;454;494;496;490;491;443;227;311;485;494;490;471;474;473;464;471;476;470;475;470;466;472;467;470;473;474;477;481;470;474;473;470;469;477;476
369;438;310;214;232;348;366;341;465;473;320;212;234;466;486;470;491;484;272;202;205;488;495;492;490;492;241;198;203;449;500;498;487;480;443;243;314;485;497;487;472;473;468;467;472;475;474;473;471;469;468;472;472;471;471;477;478;468;473;469;474;469;474;472
363;426;456;223;238;356;363;362;474;470;296;208;222;461;478;467;486;480;243;200;213;448;498;490;486;491;232;196;203;461;500;496;488;490;447;247;320;483;496;490;471;467;470;471;469;473;477;474;472;467;470;473;470;475;472;476;472;473;470;472;471;469;474;481
367;438;316;217;237;353;375;372;471;466;293;207;228;464;472;469;488;489;269;198;207;452;499;492;487;487;264;197;208;449;500;496;490;491;450;226;276;488;493;490;472;472;474;472;466;477;477;476;474;468;474;470;470;478;477;472;479;475;473;470;469;474;473;479
373;425;282;221;233;351;364;335;476;466;298;221;227;462;485;469;487;486;266;200;215;461;495;492;488;492;256;194;197;453;501;491;490;490;445;253;318;488;493;483;472;470;470;467;469;478;475;473;477;471;473;474;468;471;472;470;479;463;472;476;470;469;480;481
362;437;311;217;234;344;366;373;467;473;322;212;224;461;471;463;485;477;271;199;211;489;497;496;485;490;237;198;199;458;495;494;485;484;453;230;281;483;500;490;472;471;470;470;466;474;477;469;476;468;469;471;470;469;472;473;483;474;473;468;473;471;471;471
372;436;327;225;368;354;357;358;463;473;320;209;234;455;471;467;484;485;271;202;204;450;495;493;487;486;228;198;199;405;496;496;484;484;447;250;319;489;494;491;471;470;470;464;467;478;477;474;475;469;471;469;471;480;474;468;474;470;472;468;474;470;473;481
365;446;314;217;240;350;343;359;469;473;326;211;224;458;474;473;484;488;274;197;207;452;500;494;490;493;231;198;201;451;500;498;482;490;454;257;328;488;499;487;473;469;468;470;471;476;478;475;473;473;466;469;471;468;474;475;483;468;474;468;471;476;471;475
370;440;290;216;406;356;370;356;471;473;308;209;225;460;476;472;488;482;273;202;201;450;498;495;494;491;266;197;199;463;501;498;491;487;447;236;329;490;491;485;473;466;467;470;469;474;477;477;475;471;473;472;469;469;472;478;485;474;465;475;465;472;475;477
343;434;311;224;369;350;375;365;472;478;331;212;227;467;487;472;487;487;238;202;210;493;496;497;489;491;247;199;205;461;497;500;490;492;446;236;294;487;497;493;476;476;473;478;467;478;480;476;473;473;472;476;476;470;474;482;476;476;474;473;471;478;476;481
