460;472;476;486;489;493;468;398;475;481;489;500;505;510;497;413;485;487;496;507;515;517;508;429;482;488;499;507;512;514;507;432;474;477;486;495;499;499;505;436;479;486;488;497;499;502;509;826;481;484;494;498;504;512;514;850;773;778;691;666;812;828;858;884
459;463;474;476;482;484;477;420;471;481;489;493;504;510;495;447;480;487;497;503;506;513;511;450;482;494;492;506;505;514;504;457;473;478;485;491;497;499;505;462;475;480;486;494;496;507;503;518;485;486;494;496;498;507;505;504;774;777;665;645;809;824;835;870
464;470;469;479;483;487;478;420;475;478;486;497;498;502;499;445;482;485;501;503;508;513;513;452;481;491;496;501;508;510;505;455;472;481;489;490;499;502;500;466;477;479;485;493;495;502;507;505;480;483;494;495;500;502;507;522;783;561;642;666;588;819;837;863
461;465;477;472;476;487;475;415;471;478;485;495;500;506;500;444;485;490;495;505;515;510;507;453;479;493;495;505;508;509;506;462;468;478;481;489;492;496;501;472;481;480;484;489;495;504;501;513;477;487;485;496;500;503;508;493;778;772;669;636;799;810;835;874
459;469;476;478;484;482;478;417;468;479;483;494;497;504;497;443;483;488;498;506;514;510;506;451;483;480;492;501;508;507;513;458;476;481;486;488;493;495;501;466;480;481;481;491;494;500;504;509;484;487;492;493;503;508;507;511;777;572;681;635;796;805;838;871
461;465;475;476;488;488;473;420;474;479;486;496;506;507;499;441;482;488;495;502;510;509;511;452;483;488;491;505;504;513;510;456;467;480;486;492;494;498;503;462;475;477;484;492;500;498;503;499;483;483;487;495;498;500;515;503;780;571;667;655;818;812;835;867
459;463;476;475;482;482;473;420;477;482;487;495;499;510;501;442;484;490;493;499;506;513;511;452;483;494;497;499;505;509;506;462;472;475;486;493;496;501;500;468;477;482;491;491;496;508;499;502;482;483;489;488;497;499;506;532;775;569;667;626;573;824;835;865
458;475;473;475;487;486;477;422;475;484;488;495;498;505;500;449;481;489;493;504;509;509;511;456;481;494;492;507;509;504;505;462;470;481;486;491;498;498;493;469;470;482;483;492;496;503;507;520;478;485;482;492;504;508;507;504;782;782;634;646;806;823;834;870
454;466;472;482;487;480;471;417;469;481;484;489;500;506;494;438;482;486;495;506;504;512;508;453;479;487;494;503;511;513;510;458;479;480;484;494;496;499;499;467;480;482;484;495;498;496;504;516;481;484;489;486;495;501;508;538;777;776;646;644;570;817;836;863
457;465;476;479;485;488;473;417;474;482;485;495;501;505;502;443;481;491;495;504;510;513;509;450;483;489;496;507;508;511;507;451;475;477;483;495;499;499;499;470;478;482;484;491;500;498;501;505;477;485;485;501;503;507;504;498;772;785;646;632;807;813;843;874
463;463;477;481;483;485;478;421;472;480;481;494;498;506;502;448;484;492;498;504;508;517;505;454;480;493;491;501;506;510;507;460;473;474;481;488;498;500;504;466;475;478;484;489;491;498;506;503;486;479;490;491;499;503;509;527;773;780;636;637;798;812;833;867
462;470;474;475;489;484;475;420;470;482;480;497;496;513;498;444;484;491;491;502;507;510;512;448;487;491;497;501;508;511;505;445;472;475;482;491;492;498;497;462;475;481;482;495;496;500;503;505;484;481;488;489;497;506;506;506;778;779;669;620;568;816;826;867
467;463;474;476;488;483;474;421;478;481;484;496;498;505;496;443;483;485;493;503;511;513;511;454;483;492;493;504;508;506;506;455;476;479;483;494;497;498;500;462;475;484;484;492;494;498;503;518;482;483;487;492;494;504;508;508;771;556;674;643;571;810;836;860
461;474;474;476;486;487;477;413;473;484;484;493;500;503;502;444;484;490;496;504;511;514;505;451;479;489;493;500;504;514;508;454;476;477;488;491;503;497;501;470;473;482;483;493;496;497;502;517;476;485;488;485;498;499;511;513;782;564;673;663;582;822;838;865
459;469;474;483;480;486;477;426;473;481;490;500;499;505;500;442;480;486;495;506;509;511;507;452;483;486;499;505;511;510;507;454;472;480;490;488;499;497;502;477;478;482;487;491;490;498;498;500;482;480;492;495;499;506;509;500;774;776;669;653;539;803;836;864
467;463;477;477;486;489;471;421;474;480;485;498;496;505;497;438;484;490;495;505;514;515;513;455;483;489;499;507;507;506;513;456;471;478;485;494;497;497;504;470;469;487;486;491;495;501;506;518;486;487;490;490;501;501;510;508;781;775;669;644;573;814;838;870
461;470;466;478;482;487;480;422;474;483;483;493;498;505;499;439;481;489;493;504;510;512;511;447;482;488;496;508;506;507;507;452;471;478;485;492;496;498;500;458;481;480;483;495;492;498;503;529;481;484;488;495;496;503;506;507;769;770;666;654;584;814;835;870
461;468;471;476;483;490;477;422;473;482;487;496;503;505;499;443;485;487;494;505;509;516;509;455;485;489;494;506;509;509;507;452;470;480;489;494;494;502;498;478;478;480;478;491;497;501;501;511;484;484;489;496;497;498;508;509;767;562;669;647;583;804;828;863
454;465;470;478;485;484;479;414;478;487;488;489;501;508;500;446;485;489;496;501;505;513;511;450;483;489;494;501;504;513;510;459;471;475;483;493;493;500;497;463;478;483;489;487;497;504;504;524;481;483;485;492;502;503;506;502;773;775;668;643;571;815;837;876
456;463;471;475;482;485;471;418;475;478;482;491;500;507;497;442;486;488;498;503;509;509;508;453;485;490;493;506;512;510;505;457;477;479;487;490;501;504;506;465;480;485;480;490;499;500;499;509;478;485;492;494;499;501;506;516;769;787;656;665;569;810;831;861
461;465;474;478;483;488;468;417;471;475;489;494;501;508;501;445;485;488;496;504;509;508;513;454;481;486;497;500;511;512;500;459;470;482;484;491;492;499;502;465;474;479;486;497;493;497;504;521;485;486;491;495;492;497;506;496;779;565;646;623;533;807;840;861
465;462;477;480;484;482;472;423;472;480;484;491;497;505;499;444;482;483;495;505;512;507;510;450;485;490;497;500;506;514;507;451;474;475;483;492;499;501;502;462;478;484;491;493;492;498;501;525;483;479;488;493;506;499;499;492;781;570;643;627;576;808;835;870
464;462;472;482;482;488;477;422;476;482;490;494;496;506;496;446;480;490;501;506;513;515;508;452;486;485;492;507;503;512;504;458;472;478;486;489;493;499;500;461;477;478;484;486;492;498;502;501;483;485;487;492;498;501;508;497;769;778;631;663;589;817;836;867
461;464;475;476;481;488;473;414;477;483;487;496;502;505;499;442;484;488;493;502;509;514;506;449;485;487;493;506;509;514;508;448;472;483;489;489;495;499;500;467;473;480;487;489;501;499;507;522;487;478;485;493;502;500;510;498;776;776;661;618;806;821;843;874
459;463;472;476;483;479;480;418;474;482;487;493;498;505;499;447;483;491;498;504;505;512;513;455;481;487;497;504;506;514;504;457;472;477;486;489;495;498;497;467;477;480;485;495;498;506;500;518;484;478;492;491;497;504;507;506;775;558;642;663;801;822;834;861
462;463;472;474;480;487;474;420;473;487;488;494;501;506;504;443;476;485;499;505;507;517;508;457;483;489;493;508;507;507;508;463;473;479;486;486;497;496;500;462;473;481;482;489;496;497;500;504;482;481;484;496;505;504;503;494;767;571;648;623;578;808;842;870
455;464;468;477;484;482;478;419;474;482;488;495;498;501;497;444;475;488;497;503;509;518;513;448;486;492;498;504;508;512;504;455;478;477;485;498;494;498;506;469;476;476;486;493;496;499;504;508;485;482;486;492;500;503;511;505;781;567;664;630;806;818;837;867
463;464;476;475;487;486;478;413;478;480;488;492;502;504;501;443;486;490;494;505;503;508;516;458;480;488;494;508;502;513;511;455;472;477;487;485;496;500;499;466;480;485;485;499;502;503;501;508;482;486;491;498;497;505;508;497;773;773;646;620;571;824;839;871
459;463;474;480;488;488;472;423;475;479;486;494;499;504;501;442;482;485;500;500;504;513;511;454;480;484;490;508;508;514;507;453;477;477;485;488;496;497;503;461;477;482;480;488;493;503;500;511;480;480;493;490;498;505;505;500;773;572;652;600;806;812;838;865
461;465;471;475;486;486;474;417;476;481;488;493;497;508;499;441;481;491;499;501;505;512;507;447;484;488;499;505;507;510;501;460;468;480;482;496;494;499;502;465;471;479;488;491;496;496;503;501;480;484;487;499;499;502;504;529;780;569;650;626;807;821;843;860
465;463;469;475;485;487;474;418;471;483;486;493;499;508;499;439;481;490;503;505;510;513;514;447;482;488;498;504;507;514;509;458;480;482;486;487;495;494;499;478;472;481;484;494;496;501;503;505;480;489;484;491;503;498;507;498;771;769;646;646;577;816;837;869
462;463;471;477;483;483;474;419;473;483;487;492;499;510;500;438;480;491;498;505;509;511;509;452;481;489;499;499;508;503;506;449;470;482;486;491;489;494;499;470;475;480;487;492;495;496;502;518;479;482;481;497;502;501;507;510;776;782;652;639;575;816;837;869
460;464;472;478;484;488;476;420;472;483;488;495;500;502;501;444;486;487;500;505;507;512;510;452;483;495;491;502;507;514;501;455;477;478;485;488;493;501;496;463;481;488;482;490;499;498;500;521;482;482;488;496;504;507;514;497;777;776;634;646;801;814;839;871
461;464;467;478;485;480;472;421;473;481;488;493;500;508;499;440;483;490;492;502;509;512;510;452;484;489;498;503;510;512;503;455;474;475;485;490;497;504;501;467;476;480;484;494;495;501;499;533;481;485;494;490;497;502;510;492;775;559;662;644;575;802;836;856
457;470;472;476;482;490;480;421;472;480;487;497;498;502;499;437;482;488;496;506;512;512;510;447;482;495;494;507;505;510;506;458;473;484;486;489;498;497;502;468;476;482;486;492;490;501;500;514;482;477;485;494;491;500;510;506;774;775;659;622;808;819;834;870
460;468;470;476;483;484;478;419;474;477;485;497;498;505;500;442;483;489;497;504;513;512;506;457;484;490;501;502;508;514;502;457;479;479;486;489;493;492;506;466;477;479;488;490;495;503;501;525;484;482;487;493;500;504;512;506;777;775;637;640;810;810;832;865
461;470;479;478;488;483;473;419;475;480;490;495;496;505;503;440;482;493;497;505;509;515;504;453;482;488;497;500;510;512;505;457;470;473;483;493;491;499;504;464;476;482;486;490;498;501;504;523;483;486;486;493;504;501;507;495;780;773;626;643;581;815;832;872
461;465;480;478;486;484;473;414;473;482;490;493;500;503;499;443;480;489;495;504;509;514;509;452;481;493;495;505;511;512;503;456;474;480;486;487;499;498;502;467;473;481;487;491;499;503;502;530;489;480;487;494;501;504;510;537;776;564;651;647;802;809;837;874
456;470;471;480;484;487;478;416;475;484;490;493;498;508;501;440;483;490;497;506;511;515;514;447;484;488;496;501;510;515;509;448;475;477;485;489;496;496;503;466;475;481;487;492;497;502;501;523;482;484;487;491;499;504;509;512;787;569;673;652;569;830;839;871
459;467;475;476;485;488;473;413;475;480;487;495;501;503;500;442;482;485;495;500;510;514;511;456;484;492;490;503;509;510;506;455;478;478;484;494;497;500;501;468;477;477;484;484;497;497;504;509;485;482;489;490;495;502;505;512;780;778;650;645;567;818;837;870
459;465;471;476;480;482;474;418;475;484;488;495;498;507;500;445;481;490;494;501;513;513;511;453;481;488;492;503;503;510;500;459;478;477;484;492;503;497;498;469;480;480;483;489;488;497;503;523;476;482;484;493;497;504;506;509;761;563;627;624;593;815;835;869
449;469;469;480;486;485;480;419;473;479;488;493;501;504;502;444;483;491;496;504;511;510;509;455;482;488;495;507;511;510;508;459;475;477;482;492;494;497;501;470;476;479;492;493;489;497;502;511;483;481;494;496;498;500;510;491;784;564;645;641;579;807;832;871
456;462;474;476;482;485;473;414;473;481;481;495;497;505;503;441;485;490;494;506;507;509;506;452;479;490;497;500;506;513;507;440;472;473;488;495;498;495;503;459;478;480;481;492;489;495;503;500;482;483;491;494;498;502;510;503;769;562;647;648;575;810;830;865
462;467;469;479;486;482;476;423;474;480;488;496;497;507;498;449;481;489;500;505;510;513;511;455;481;495;499;504;509;511;506;456;478;479;483;492;495;501;500;471;478;486;483;488;495;500;498;524;478;480;494;495;497;502;512;507;776;570;648;642;802;824;839;868
458;463;471;475;491;487;477;415;477;483;490;497;499;508;499;442;482;484;496;503;508;514;505;453;480;491;493;502;508;513;512;460;476;475;485;490;494;500;499;470;478;481;488;490;496;497;505;523;486;487;487;487;504;501;509;524;768;556;659;644;580;814;839;866
462;470;466;475;486;493;475;418;473;480;489;492;497;506;496;440;484;493;500;504;509;515;514;451;478;491;496;504;506;515;505;461;473;481;484;494;499;499;498;469;482;479;485;495;496;495;496;512;484;487;490;491;501;501;501;508;793;578;639;642;803;820;831;863
460;468;472;480;483;489;472;419;470;479;488;493;501;504;504;441;481;490;496;506;507;513;512;450;481;490;496;502;501;509;509;457;474;479;483;488;494;499;499;468;476;485;487;492;493;500;501;526;482;481;486;492;498;498;509;496;772;568;645;661;575;804;838;868
459;464;472;476;485;485;471;423;473;479;489;494;495;506;502;443;481;491;493;503;509;512;506;453;481;490;498;506;512;510;506;458;471;475;484;490;494;495;501;466;476;480;482;491;491;504;501;521;480;487;488;497;502;507;511;510;773;558;640;659;578;810;840;873
463;462;471;478;484;482;478;420;474;480;487;492;496;507;502;443;479;489;499;502;503;515;509;457;483;491;495;504;510;508;508;452;475;480;478;492;495;503;499;466;472;481;486;497;500;496;505;519;482;487;484;490;500;504;508;493;775;572;670;637;586;813;834;872
466;467;467;480;485;486;473;420;475;480;487;494;501;503;498;443;480;489;497;501;507;513;510;446;480;489;497;510;504;510;507;456;471;476;485;488;497;496;497;462;475;482;488;494;496;502;497;517;480;488;489;496;500;504;512;494;780;562;669;651;599;813;834;870
454;465;471;481;482;483;472;414;475;481;484;492;498;503;499;443;478;489;498;503;509;510;510;451;480;488;500;503;508;515;510;458;476;478;487;492;497;495;504;470;483;481;488;490;500;499;504;514;476;483;485;496;502;505;505;503;786;563;648;645;803;814;835;863
461;466;475;476;484;486;477;415;473;486;482;491;497;508;502;445;480;491;498;505;509;507;511;454;484;486;494;500;504;510;507;461;474;483;485;495;494;499;501;460;474;487;485;492;493;495;497;520;482;487;493;493;497;499;508;545;774;769;659;637;582;815;833;874
462;457;471;479;483;488;477;414;475;479;484;494;499;507;502;446;481;490;501;504;511;511;510;458;482;489;499;499;505;515;508;451;468;482;487;494;502;504;503;464;479;484;490;490;496;502;501;526;478;480;488;492;496;498;502;508;773;780;648;639;558;808;833;866
463;471;478;476;485;487;473;415;475;482;489;496;503;508;502;443;481;491;496;505;511;512;511;458;482;490;498;504;504;511;505;455;469;483;483;486;495;500;498;464;479;481;487;492;497;498;504;522;480;482;487;489;489;501;504;524;775;569;641;643;806;808;838;864
463;465;467;479;482;482;476;424;478;480;487;499;500;504;500;438;485;494;494;501;509;512;507;450;481;488;492;499;501;512;508;455;467;476;488;491;499;498;494;472;480;477;487;494;495;503;503;501;485;484;486;490;498;502;509;508;783;783;640;636;804;811;834;872
460;462;468;483;482;484;473;422;471;476;484;492;501;504;498;444;483;490;495;504;509;516;507;453;476;493;496;501;501;515;510;460;476;482;483;494;499;499;504;471;478;479;490;494;495;502;507;508;479;484;491;495;498;502;509;507;784;570;652;631;577;813;845;864
462;470;473;478;480;485;475;418;472;481;487;494;498;507;502;448;485;490;497;504;505;514;509;452;485;490;494;504;499;514;505;460;473;477;487;494;496;498;502;464;475;482;483;492;494;494;505;518;485;483;488;492;499;504;510;505;777;572;631;649;556;816;837;876
457;469;470;482;482;489;476;419;473;480;486;498;498;507;499;444;481;487;496;507;511;512;507;457;483;489;493;499;505;518;502;454;468;479;493;493;497;500;497;461;478;479;486;489;494;505;498;515;478;484;485;496;495;506;514;526;770;574;650;655;570;821;830;860
464;469;471;475;488;489;473;415;474;481;489;488;503;503;497;442;479;487;499;501;505;511;510;454;480;496;496;502;506;510;510;459;476;478;481;488;503;505;499;473;482;483;487;491;497;495;503;522;483;482;487;491;496;500;506;823;775;780;637;643;589;812;829;868
452;471;466;478;487;484;473;419;472;484;483;490;495;505;499;438;486;490;497;509;508;515;510;459;483;486;492;500;506;514;505;452;471;478;484;493;495;497;496;465;481;475;488;493;497;499;504;511;478;483;487;494;493;502;505;494;773;769;633;639;551;810;841;876
466;464;472;475;487;490;475;419;479;482;489;493;501;503;500;446;480;492;498;507;510;513;514;453;484;496;493;498;510;512;508;463;482;478;487;485;498;499;504;469;475;480;484;498;497;497;502;522;480;484;488;492;494;505;513;504;770;559;620;642;572;814;841;864
458;467;467;479;487;486;479;410;475;482;489;492;499;507;500;438;484;489;493;507;508;509;505;452;483;491;491;502;505;511;503;449;473;482;484;491;494;499;502;463;481;481;484;484;496;497;505;502;481;480;486;499;498;508;513;524;781;778;670;643;803;814;842;867
460;468;476;477;485;484;471;424;473;479;486;493;503;505;501;448;483;489;496;506;511;510;509;448;481;482;493;505;505;513;511;456;471;484;489;491;493;499;503;463;475;481;490;485;495;499;504;511;484;486;489;494;496;505;505;521;773;577;646;645;541;811;839;873
461;463;466;476;484;485;478;424;475;486;490;492;499;507;501;441;484;492;499;504;512;514;506;449;480;488;494;502;510;510;510;459;473;474;485;496;495;496;499;472;474;486;485;493;493;504;498;506;485;485;490;491;497;504;504;506;771;564;668;648;580;813;834;869
460;473;475;475;488;486;477;422;477;481;487;492;497;503;501;447;481;485;493;499;508;515;511;453;483;491;498;506;509;512;504;463;476;476;482;489;501;499;497;478;474;481;484;489;497;498;503;523;476;482;487;495;502;501;506;541;773;774;643;643;536;816;830;879
465;466;472;476;482;488;478;418;476;484;488;493;503;503;499;444;481;492;503;503;508;513;511;448;481;490;498;504;508;513;508;454;474;474;487;493;499;497;500;470;471;485;483;488;496;500;501;519;481;480;487;498;495;504;513;505;776;776;652;647;805;556;836;867
457;466;473;480;487;487;477;423;473;478;483;495;499;505;497;444;480;485;494;508;510;512;508;453;482;489;490;500;508;512;507;457;468;477;482;491;498;496;496;458;482;483;483;493;492;501;498;498;481;479;486;494;501;498;504;519;772;561;623;639;554;570;836;872
463;464;472;475;483;482;476;421;470;479;485;489;500;509;504;439;482;490;494;505;510;513;512;453;483;487;495;504;512;512;504;462;483;475;488;489;494;495;500;465;479;478;483;493;495;500;501;509;481;480;485;492;493;502;508;498;771;775;641;648;566;815;833;864
460;466;474;482;483;486;476;418;474;477;483;493;501;505;497;446;484;490;497;505;507;515;512;455;476;486;494;505;502;513;499;460;478;474;485;486;500;498;506;463;474;484;483;489;495;499;503;523;482;486;489;487;498;504;505;522;767;564;652;687;808;563;831;861
456;469;476;473;489;486;477;418;476;482;487;496;500;501;498;450;479;489;494;504;507;514;506;458;483;490;491;501;510;512;507;451;473;476;483;497;494;502;497;465;475;480;483;498;495;495;503;522;480;486;485;495;498;498;509;521;609;778;644;643;794;808;838;865
461;465;471;481;478;483;474;420;474;483;488;494;501;509;497;442;482;491;497;503;511;509;512;452;484;490;497;503;508;515;504;460;470;476;488;490;494;501;499;466;476;482;484;497;499;496;501;521;480;480;491;491;500;500;496;521;775;557;652;643;559;812;829;858
462;464;473;477;482;484;472;420;477;480;492;494;497;498;501;440;481;489;496;504;509;514;511;451;483;490;499;497;506;508;504;454;477;478;486;493;487;499;499;462;480;478;486;493;496;499;502;518;478;488;487;495;502;500;512;546;772;784;647;624;580;812;842;868
456;465;474;478;484;486;475;422;470;482;491;493;501;504;500;442;482;488;494;507;511;511;506;458;483;485;497;500;507;510;509;460;470;475;487;493;492;497;502;461;478;481;484;492;490;504;502;500;480;480;481;492;500;503;504;502;773;568;648;625;577;814;841;878
461;470;475;477;485;484;481;425;475;485;484;496;501;505;497;445;482;491;495;505;506;514;507;456;476;490;493;505;504;512;508;454;476;479;489;489;494;499;500;465;477;480;483;493;497;495;499;520;478;481;489;491;490;508;508;509;773;574;652;618;568;562;835;863
460;465;478;478;487;487;476;420;475;483;485;496;500;506;497;441;483;485;497;506;511;512;508;459;479;492;497;507;506;515;509;452;472;480;485;493;497;498;499;468;476;477;490;495;498;497;501;516;482;484;484;497;499;501;504;526;773;560;639;646;573;813;839;865
460;470;468;477;483;484;477;415;478;479;485;497;498;501;502;447;484;495;497;505;510;516;507;453;483;491;498;500;507;506;510;453;478;478;487;490;495;502;500;467;475;484;486;491;497;496;496;524;479;484;492;495;498;507;508;523;763;776;636;643;582;811;831;870
464;466;474;481;489;488;473;417;473;478;484;494;499;502;502;443;480;490;496;504;505;513;509;457;480;489;493;504;506;507;511;459;476;482;483;495;499;501;506;467;474;480;485;493;490;495;501;494;482;488;484;492;500;502;501;493;772;776;622;648;548;564;829;865
461;466;468;480;480;483;477;421;477;479;488;495;505;503;497;441;483;489;494;507;506;512;511;455;482;490;497;501;501;507;505;451;477;480;490;493;495;502;501;471;479;478;481;495;498;502;501;521;478;487;487;493;501;501;507;508;764;771;624;645;799;550;833;864
459;469;472;475;483;487;476;419;476;480;487;495;500;502;502;441;482;493;489;505;502;512;511;452;480;489;492;504;505;515;506;459;476;480;488;489;495;495;503;457;473;483;488;492;499;504;501;512;481;481;494;486;500;503;509;519;780;567;664;644;572;813;841;872
464;463;474;475;486;480;478;424;473;483;484;498;499;505;502;440;485;488;492;504;505;512;513;447;476;488;499;498;506;514;502;456;470;479;486;492;499;500;506;461;477;479;484;493;497;504;502;521;485;478;481;494;497;505;508;508;773;565;658;631;574;812;835;867
464;468;471;475;478;485;472;422;475;483;486;495;501;505;498;440;483;486;497;503;507;516;503;455;483;491;497;508;509;510;507;455;476;474;483;488;496;496;500;461;483;487;487;490;496;497;502;525;478;477;490;494;501;503;509;507;782;569;646;650;594;810;841;859
457;462;470;480;491;488;479;413;471;482;486;496;496;504;497;442;480;488;493;504;506;513;506;459;483;486;496;506;502;512;504;459;474;477;486;495;495;499;501;461;476;480;486;493;495;497;500;510;482;479;486;494;499;501;508;506;754;548;652;633;535;818;836;872
459;467;475;480;481;484;473;409;475;483;480;499;499;506;498;437;483;490;497;505;508;513;508;455;482;492;497;507;507;511;508;456;468;474;485;494;494;500;505;471;479;479;489;494;491;500;501;505;485;481;496;498;499;506;507;512;777;566;629;627;582;815;833;870
457;471;475;479;482;483;478;420;475;484;488;496;501;502;498;444;481;493;499;503;508;511;511;450;485;493;497;506;506;515;505;458;471;480;486;489;497;501;503;460;476;483;488;499;495;494;500;524;482;487;488;492;500;505;512;497;777;568;644;643;584;814;839;863
458;466;468;479;482;486;468;419;471;479;486;492;496;503;498;446;482;485;498;503;510;512;512;449;479;486;500;506;506;515;506;454;472;482;488;485;502;501;501;460;475;482;484;494;494;499;505;506;476;481;487;490;496;499;505;497;778;774;626;643;577;812;831;866
457;467;478;477;489;490;479;421;477;479;485;493;501;505;499;444;478;488;496;504;513;516;508;449;478;489;498;504;506;512;506;460;469;477;486;492;502;501;502;461;477;478;488;486;493;496;501;521;485;483;484;494;495;502;508;536;769;777;626;640;585;812;835;861
458;465;474;478;480;483;471;418;475;480;483;492;496;507;499;444;484;497;498;504;509;518;510;452;482;490;495;504;510;509;506;448;472;482;482;490;495;498;509;469;475;481;490;490;499;498;501;503;484;486;490;495;496;507;502;502;785;787;667;621;806;808;838;872
458;470;475;477;487;492;473;418;477;479;486;494;501;503;502;439;485;492;498;504;506;515;512;451;480;489;496;500;504;515;509;462;478;476;489;488;496;500;507;466;480;485;485;493;497;503;497;529;478;485;490;493;500;499;504;501;773;564;651;628;567;826;835;870
456;464;472;478;485;488;476;412;472;480;487;494;497;503;500;443;480;491;497;508;514;512;505;451;476;488;495;500;509;511;508;458;473;482;483;489;496;499;501;469;477;480;484;494;494;500;500;503;480;483;485;490;501;504;502;503;775;773;649;647;581;816;836;859
454;463;470;481;479;483;475;425;474;479;484;494;503;500;498;443;481;490;496;504;510;510;507;451;481;493;501;504;506;509;512;461;475;478;485;490;494;499;506;474;479;474;482;489;494;499;501;506;484;484;490;492;497;502;512;504;768;561;649;623;579;802;827;863
458;466;475;474;480;481;474;420;474;483;485;492;500;509;503;443;485;490;491;505;505;511;511;446;480;488;494;503;508;513;510;457;478;474;486;487;497;502;504;464;479;480;481;489;500;497;498;502;481;484;484;493;499;503;504;503;769;551;654;645;800;823;845;867
458;460;472;474;482;487;474;423;473;484;485;497;500;506;498;445;483;489;493;505;504;514;512;449;483;489;496;503;504;511;508;460;473;479;484;488;501;500;499;474;475;484;486;489;497;507;499;520;480;485;488;495;503;506;508;493;775;573;650;631;571;567;838;862
460;470;471;475;490;486;476;424;472;481;485;493;497;502;501;438;484;491;494;500;506;515;508;455;482;493;496;506;504;511;508;458;470;472;487;489;500;497;502;470;471;484;483;489;495;499;498;508;481;481;485;496;502;506;507;493;765;780;669;618;807;815;833;863
463;465;472;474;484;486;470;419;474;480;485;493;497;502;502;444;487;491;500;511;510;509;504;452;479;486;496;509;506;509;508;455;473;479;482;494;496;495;505;470;476;478;484;486;497;499;506;522;478;480;488;491;501;499;505;500;768;773;640;640;585;810;842;869
455;466;469;480;481;484;476;423;477;479;489;493;501;504;499;441;483;491;494;503;512;510;511;453;482;485;496;507;508;512;508;454;474;478;484;490;495;500;502;468;476;484;483;491;498;497;501;523;480;484;492;493;499;502;512;515;601;571;647;639;803;820;841;868
458;464;472;475;484;479;474;424;478;480;487;495;500;510;503;446;483;488;497;503;505;511;510;448;482;488;502;503;503;511;509;461;471;485;490;491;500;502;502;462;480;483;482;493;495;506;505;496;484;481;491;491;501;501;507;491;776;561;643;610;536;823;832;869
460;465;471;481;483;490;474;415;475;476;483;496;496;502;499;444;484;488;496;504;508;509;514;453;482;491;493;502;503;509;508;457;473;477;485;493;496;502;501;465;475;485;481;497;496;501;499;513;481;483;484;492;491;499;501;529;780;562;625;638;575;811;834;861
458;467;472;476;482;488;475;414;472;481;485;498;496;501;503;446;483;489;495;504;513;512;509;454;485;488;496;511;506;511;511;453;472;474;490;490;497;501;501;460;472;480;485;491;500;503;507;517;482;483;486;489;495;507;507;497;776;563;628;634;526;821;827;865
459;461;475;473;487;485;471;422;472;484;486;494;500;508;497;442;484;490;497;506;508;511;512;455;479;491;499;496;507;512;510;458;475;478;487;491;502;501;504;466;475;477;488;492;492;500;501;524;481;487;487;492;495;503;508;502;772;781;645;636;583;560;837;863
456;468;463;472;486;484;473;419;478;480;487;497;497;503;499;446;484;488;495;504;512;512;511;449;488;490;494;503;510;514;513;463;473;477;489;493;499;505;505;464;474;481;483;491;494;494;507;522;480;488;492;491;500;505;510;519;769;773;665;636;576;812;834;863
454;465;473;480;489;479;478;422;474;477;483;496;498;504;497;445;483;492;496;503;510;516;509;451;484;488;499;500;508;514;504;457;477;478;485;488;498;501;502;461;478;482;483;489;493;501;505;517;482;481;483;491;497;503;503;497;770;569;636;607;576;821;837;863
460;468;472;476;482;483;474;421;477;480;486;493;501;506;500;447;484;491;503;510;513;513;510;447;479;488;494;504;503;514;508;457;473;478;483;492;498;499;499;470;474;483;489;489;499;497;504;520;480;483;486;488;496;500;505;492;775;549;652;641;543;823;834;867
457;463;471;473;483;489;475;417;473;483;488;496;496;507;501;445;485;492;493;505;503;513;513;455;479;488;494;505;505;511;509;464;473;481;486;489;492;496;500;465;478;483;483;486;490;497;501;498;481;487;490;494;493;500;506;512;767;775;650;624;578;809;839;867
452;468;472;477;489;484;471;419;475;483;486;496;498;506;500;442;478;488;496;504;507;513;506;450;484;495;491;504;514;509;508;445;472;481;485;495;497;495;499;472;472;481;487;491;500;498;504;526;483;482;488;492;500;502;506;491;778;772;669;653;575;812;826;868
461;468;468;475;481;487;475;419;473;480;486;491;501;504;506;445;485;491;495;504;508;513;511;453;485;488;495;508;509;514;507;458;470;476;486;494;496;497;500;466;484;480;485;494;495;500;497;517;480;485;486;493;499;501;509;530;780;572;664;619;802;808;828;866
463;467;473;474;484;492;475;417;474;481;487;493;495;500;501;448;479;490;496;502;510;511;511;448;478;492;498;503;506;516;508;456;472;475;488;497;500;496;500;462;473;480;484;488;499;500;502;517;481;483;491;489;497;504;500;524;769;765;667;645;578;821;839;867
459;465;478;477;483;482;477;418;475;481;484;496;499;502;505;443;487;493;497;504;510;512;510;453;477;491;498;503;505;503;504;457;477;474;490;490;492;497;500;462;479;485;487;495;499;500;501;521;478;483;489;498;496;509;504;510;779;776;636;625;578;816;844;870
458;466;476;475;486;486;475;415;476;482;489;494;501;509;501;439;482;495;497;503;505;510;512;454;485;488;498;498;505;510;511;453;474;480;489;486;499;500;502;473;471;480;489;487;503;500;498;499;481;483;486;494;500;503;505;494;778;767;625;658;579;814;832;872
461;459;472;473;487;487;478;415;476;481;484;496;499;506;502;445;483;488;498;505;511;514;508;451;483;490;489;503;513;515;503;458;473;474;480;490;496;500;504;469;475;479;486;491;500;502;503;518;478;484;487;489;496;508;503;503;766;583;640;640;580;823;832;865
456;464;471;473;487;486;473;414;474;478;490;492;500;502;498;444;483;488;496;505;511;515;512;454;478;485;499;506;510;510;499;452;471;479;488;491;496;501;506;465;482;484;484;496;493;499;505;505;483;487;485;493;504;502;507;502;785;568;649;647;573;813;837;869
465;471;475;476;482;487;482;416;471;481;488;492;502;507;497;444;481;487;502;504;505;513;506;453;481;488;501;502;506;515;509;457;472;480;488;491;494;500;504;468;475;483;487;491;494;500;505;507;483;481;492;496;504;501;512;494;766;559;644;642;569;567;831;869
464;472;472;475;483;484;471;418;472;483;490;493;501;502;499;445;485;486;496;500;505;512;510;448;477;493;496;505;513;513;505;454;474;476;485;490;500;499;495;471;477;485;487;492;498;498;498;521;480;487;482;494;499;498;505;499;769;555;621;660;584;822;825;867
463;470;469;477;488;483;471;414;474;479;488;496;499;502;501;441;481;488;496;502;508;512;514;442;483;489;498;503;505;513;507;456;474;476;487;487;497;500;502;463;478;484;485;491;497;505;502;523;479;484;484;486;500;505;508;501;775;776;650;626;572;806;828;858
457;462;468;479;483;489;472;424;474;481;486;496;500;506;507;441;484;489;497;503;510;512;509;453;483;488;501;507;502;511;511;459;471;480;485;490;494;500;493;473;478;480;492;493;497;504;503;499;485;484;486;496;500;498;508;510;768;570;623;627;805;547;829;867
459;468;470;478;487;484;475;413;475;479;487;493;503;501;502;442;480;490;498;501;511;511;510;454;483;490;496;501;506;507;504;456;472;480;486;494;497;502;500;462;479;481;480;493;495;501;499;516;482;481;483;490;498;502;509;506;771;772;634;611;570;806;836;866
465;466;474;480;485;489;475;424;472;482;490;490;500;505;501;443;482;490;497;502;512;514;509;451;475;487;494;504;505;510;509;459;470;475;482;493;491;499;499;457;476;478;488;489;500;499;501;520;482;487;487;493;495;504;510;509;784;557;648;647;538;557;842;869
457;468;474;480;480;480;478;420;474;481;488;495;497;506;496;441;479;490;499;501;506;510;506;453;481;484;499;504;505;515;504;456;469;480;483;489;492;495;497;467;472;480;483;492;496;497;504;528;485;486;493;495;499;499;504;502;775;581;631;639;801;819;828;862
456;470;469;479;484;480;473;413;476;483;485;491;500;507;502;443;480;486;496;504;506;514;513;460;483;487;494;506;509;514;507;456;474;478;488;490;497;500;503;465;477;476;483;495;498;493;503;504;487;480;489;500;499;505;513;503;775;773;655;639;571;819;836;865
462;465;476;480;483;485;470;417;469;484;488;491;499;504;496;443;483;487;497;501;512;512;509;455;484;489;494;500;505;512;503;460;475;484;487;489;494;502;499;464;472;480;484;494;496;498;504;510;485;483;484;493;497;501;511;501;774;553;626;636;576;811;837;874
462;468;470;477;485;483;475;420;473;483;492;492;496;501;496;441;479;490;493;507;508;515;511;450;482;491;496;502;505;509;509;452;473;475;488;491;497;502;502;464;472;479;488;491;495;505;505;526;481;480;491;494;497;501;512;493;770;560;653;648;569;820;837;865
454;465;475;476;479;487;476;419;473;481;489;493;500;505;501;440;484;490;498;504;512;513;507;452;483;492;491;505;504;508;504;453;478;475;484;492;497;502;501;465;478;487;488;498;499;496;508;503;482;481;489;490;493;502;505;504;780;568;640;626;804;808;827;860
460;468;469;475;484;480;475;409;480;482;487;499;499;503;505;443;480;486;498;508;512;512;507;451;485;486;498;501;505;509;501;458;474;480;490;490;494;495;502;469;483;477;488;490;493;507;497;500;481;480;485;492;499;503;508;501;788;558;669;640;807;812;830;859
463;468;473;481;488;489;471;420;474;483;487;498;500;501;503;449;484;485;496;502;508;512;506;459;478;489;501;504;510;511;507;455;470;479;487;491;497;497;501;469;483;478;484;493;496;505;500;510;482;480;489;490;496;501;508;512;775;548;648;637;557;808;835;864
459;462;472;475;483;484;478;420;467;483;488;492;495;503;499;441;486;488;492;505;511;510;510;449;483;490;501;503;507;516;511;455;472;475;484;498;492;499;496;470;475;481;482;490;493;498;502;509;481;480;486;496;498;500;502;512;771;561;665;608;564;814;834;858
462;463;469;479;482;486;475;420;473;480;486;493;499;506;500;441;482;485;492;502;507;512;511;449;479;489;494;505;508;509;502;459;470;475;487;488;497;493;505;463;478;480;488;495;499;497;503;496;477;486;486;494;496;501;507;513;786;781;648;640;798;811;833;865
463;465;473;477;481;491;469;424;475;483;490;493;500;503;505;443;485;490;496;506;504;517;506;451;481;488;495;501;515;514;512;460;479;473;485;492;497;493;500;462;475;483;484;494;497;501;507;527;485;485;481;495;496;499;503;521;784;569;629;613;576;573;840;870
459;460;476;478;486;481;474;417;476;483;485;498;494;508;498;444;479;488;497;500;508;512;510;456;483;492;497;503;510;515;511;452;473;481;482;487;493;504;502;468;478;477;484;489;499;507;505;508;486;484;485;496;497;503;512;500;775;777;625;637;575;809;840;858
468;465;469;477;481;484;474;421;480;479;487;495;496;509;499;446;483;480;494;506;510;512;515;459;483;490;500;502;509;512;502;461;471;478;485;493;494;502;507;467;480;483;487;496;491;503;508;515;484;484;486;494;494;501;507;511;769;568;629;665;571;810;835;870
467;466;475;481;482;478;468;418;475;478;485;493;506;506;495;444;478;485;504;506;502;514;513;448;484;484;492;508;505;512;501;453;470;477;486;492;495;498;500;471;475;476;484;492;498;501;506;522;486;487;482;488;497;504;506;528;785;565;643;644;573;806;839;867
468;476;471;475;479;487;471;403;475;479;487;496;503;506;503;443;480;490;498;507;510;513;508;458;487;493;496;507;506;518;511;460;474;479;485;493;499;497;500;468;478;482;493;488;493;498;502;498;482;486;485;491;500;503;508;505;781;564;627;639;536;820;830;866
465;466;473;479;484;485;469;416;475;480;483;494;498;506;502;444;484;489;493;503;510;511;513;459;485;491;498;508;508;508;503;452;470;478;485;487;498;498;506;468;471;476;489;493;496;504;500;520;482;486;485;495;496;503;504;505;774;561;637;622;798;810;839;872
460;462;473;468;482;486;476;422;471;482;486;497;500;504;499;448;479;492;496;503;506;513;507;456;480;485;497;502;505;514;505;459;471;481;485;492;495;498;504;461;475;482;486;493;498;500;501;521;480;486;485;493;496;502;507;503;775;556;648;645;572;810;839;858
464;464;476;475;478;479;474;417;471;482;488;493;503;505;499;442;481;489;493;504;511;514;503;450;481;489;495;500;508;512;511;458;472;477;491;489;496;500;506;469;475;479;480;490;494;496;498;526;482;483;486;491;500;501;509;501;775;558;667;646;804;809;826;864
465;466;471;474;485;485;478;416;476;479;486;493;503;505;504;445;483;491;497;502;510;512;509;453;489;486;494;502;508;514;503;455;476;480;482;492;496;498;501;464;485;479;482;492;501;496;503;518;485;483;490;494;494;501;507;513;779;560;628;624;566;821;830;866
458;460;471;477;483;481;476;419;478;479;488;494;498;503;498;448;485;492;492;503;509;512;507;452;482;487;499;501;509;516;505;461;477;486;486;497;496;500;501;468;472;484;490;500;498;503;502;505;483;482;488;498;499;500;508;496;773;565;618;622;574;810;840;870
466;465;473;479;480;480;474;421;470;481;486;495;499;506;500;446;485;491;498;506;504;514;506;455;483;492;497;506;501;510;506;457;477;478;485;488;495;499;499;463;483;484;483;487;498;502;501;516;482;483;493;493;500;508;508;509;770;570;662;639;548;811;836;866
461;463;472;483;483;483;474;413;475;483;490;493;503;503;504;445;485;491;496;503;512;512;509;450;480;488;497;503;509;508;510;456;470;485;490;495;496;498;499;459;480;480;486;490;496;506;505;521;483;484;488;494;497;505;505;500;779;553;631;643;558;806;843;868
468;468;469;475;484;486;480;423;470;480;486;498;495;505;495;445;483;485;501;504;511;512;509;447;479;486;490;500;505;508;506;452;473;478;482;489;497;495;502;474;472;477;486;497;493;499;503;521;483;486;489;493;504;495;507;496;776;561;649;617;577;812;831;873
460;468;471;476;485;487;473;415;472;479;486;493;500;502;498;449;481;491;493;505;509;511;506;450;484;488;500;501;503;516;511;453;474;474;488;490;495;497;500;468;478;480;479;493;492;496;504;507;487;485;486;493;495;499;506;528;774;561;640;691;572;816;833;864
455;464;468;481;486;482;474;422;475;481;489;493;498;505;500;448;483;489;497;507;507;512;508;452;484;495;495;500;500;512;505;452;473;477;485;489;498;504;503;472;481;482;486;486;499;506;505;517;483;480;485;494;502;506;504;518;774;768;623;636;590;812;844;872
462;463;472;476;484;490;478;424;473;482;486;494;497;504;501;444;484;491;495;502;509;511;517;450;483;488;490;503;501;515;507;459;474;483;487;493;498;503;500;465;480;479;489;498;500;496;500;521;481;485;485;491;500;505;511;527;769;535;652;645;534;807;831;860
457;468;474;477;489;487;474;413;474;483;482;498;501;508;502;444;479;496;500;501;510;514;507;453;487;494;503;502;509;516;509;455;476;477;488;492;497;495;500;466;477;480;488;487;498;502;502;508;484;480;489;496;500;502;510;517;772;570;605;641;794;812;838;860
466;466;473;476;485;484;473;414;475;482;489;487;499;505;501;443;478;486;495;504;503;513;508;452;485;492;496;505;509;510;511;452;468;477;487;492;492;500;502;474;476;483;481;491;499;497;501;540;485;487;492;489;502;501;507;506;770;560;652;637;539;813;833;865
469;468;473;483;485;486;480;415;478;482;489;491;500;504;499;445;484;482;495;499;505;512;505;458;482;490;493;502;506;514;506;452;471;480;487;490;497;504;500;470;480;483;484;492;496;505;504;520;485;485;482;498;492;498;504;497;786;555;661;641;574;542;835;871
456;467;471;477;488;484;470;423;470;483;488;493;499;504;497;446;485;495;498;504;505;513;512;455;481;491;494;503;510;508;509;454;470;474;483;491;496;504;503;466;478;479;481;495;497;493;500;522;482;483;486;495;500;500;508;502;779;555;651;640;580;810;838;860
457;467;480;472;489;486;470;422;475;484;488;494;504;509;502;440;485;490;493;503;505;511;507;459;480;496;491;508;506;512;508;453;471;477;491;487;498;499;502;470;478;482;485;493;496;503;506;515;481;481;492;497;499;505;506;523;772;548;664;633;569;827;838;868
463;470;472;476;486;481;474;414;478;478;483;493;498;502;501;446;483;490;498;511;506;514;508;449;481;490;498;507;508;510;515;455;473;484;480;495;497;507;497;465;474;480;486;489;496;496;503;518;482;486;488;486;496;505;503;527;773;558;628;638;545;814;837;868
459;466;472;475;489;485;476;424;471;487;491;493;501;504;496;442;484;487;497;506;506;513;505;458;479;486;495;505;508;514;508;458;469;482;485;487;495;500;498;463;476;484;483;495;492;498;498;522;480;483;483;495;492;506;508;495;765;560;647;647;578;813;830;857
465;468;472;475;482;485;474;420;472;483;489;493;502;504;502;443;482;483;502;506;505;513;510;452;483;490;491;509;513;509;507;455;472;480;490;487;496;504;505;466;480;481;485;492;496;502;504;515;482;483;487;496;501;505;502;505;773;568;631;641;569;811;839;869
468;470;470;480;479;486;475;423;476;483;488;493;500;506;501;445;485;489;494;504;508;513;512;452;483;488;492;506;506;510;502;457;474;480;484;490;499;498;503;461;479;484;487;494;497;506;505;507;478;480;491;493;493;506;505;508;777;774;649;640;573;829;839;862
459;466;471;478;487;483;472;418;472;483;488;496;497;510;501;446;482;486;495;502;507;510;512;452;485;489;496;506;509;508;517;453;472;479;489;488;497;496;501;470;476;477;484;489;495;500;506;516;480;488;488;494;501;501;509;497;773;777;647;641;547;811;831;872
463;465;478;475;484;490;471;421;473;483;490;495;502;507;499;445;482;490;497;503;503;515;503;449;483;492;492;504;506;509;506;455;473;479;487;487;492;499;503;471;475;482;484;493;498;500;502;511;480;481;482;493;493;501;510;512;593;561;632;626;581;822;834;870
458;469;473;481;484;486;470;417;477;483;482;493;498;504;501;441;484;490;494;503;508;513;511;452;483;487;498;507;512;510;507;453;474;473;485;491;493;498;501;461;475;482;483;490;492;501;502;505;479;483;492;494;496;501;503;496;773;601;645;623;575;817;838;854
460;467;471;482;478;486;478;420;474;480;486;498;502;508;503;442;485;489;498;503;512;520;503;455;479;493;492;506;508;511;505;454;467;479;487;495;499;497;496;467;472;479;491;491;493;498;508;506;481;482;487;496;494;500;507;545;777;550;628;658;566;812;834;873
467;460;469;482;480;483;475;418;475;481;490;493;498;504;498;443;483;485;493;506;508;512;508;455;484;489;495;505;507;515;504;458;469;474;487;488;490;503;501;467;475;485;487;494;493;507;501;528;479;481;485;496;493;497;506;522;770;768;632;641;795;558;839;864
458;467;469;476;488;483;476;416;471;482;483;493;504;509;496;436;482;484;495;502;506;512;511;450;477;491;499;506;510;511;507;457;476;478;485;487;497;497;499;473;476;477;487;488;494;499;502;501;483;489;489;497;495;502;509;509;774;781;644;632;572;810;840;871
458;467;474;473;485;486;477;413;474;487;487;489;499;506;502;441;487;489;494;502;510;514;506;448;480;488;495;504;507;514;503;454;474;483;486;492;497;495;499;462;474;481;484;486;498;496;499;505;483;487;490;492;501;506;504;509;776;568;621;642;567;811;833;875
466;464;469;476;483;486;471;415;473;480;485;494;497;503;499;441;485;490;499;506;509;512;506;454;485;486;492;501;505;516;505;457;476;481;486;496;496;497;499;468;473;482;490;492;495;499;501;521;475;487;483;494;492;500;510;496;772;595;660;694;558;810;835;860
458;465;475;474;487;485;472;427;478;479;488;493;500;504;502;445;486;494;495;502;511;511;513;452;483;486;492;502;511;514;508;456;473;482;486;492;498;496;503;468;475;481;483;495;495;502;500;516;479;485;490;492;500;502;506;500;769;781;630;620;537;812;839;870
457;468;472;478;484;484;470;415;475;481;486;497;498;506;501;441;484;491;496;506;502;513;512;453;478;487;495;506;511;509;503;454;478;477;488;489;498;499;502;466;480;480;485;489;497;500;505;514;479;482;488;492;497;506;504;532;772;568;646;647;588;815;837;867
459;468;467;483;485;486;472;424;473;480;483;491;501;502;498;448;486;485;488;506;510;511;511;452;484;488;498;502;504;510;507;459;472;481;484;493;494;497;502;464;476;484;479;493;495;503;503;516;482;483;488;495;496;502;508;500;780;774;637;634;808;827;837;872
464;468;469;474;485;485;474;422;470;483;482;492;497;506;505;446;487;490;499;507;511;513;507;457;489;482;489;503;509;513;507;454;471;478;488;493;494;493;506;460;476;485;487;487;498;500;504;517;488;480;488;493;502;502;505;519;774;589;675;658;575;809;838;860
456;468;469;478;485;485;468;420;475;482;488;498;501;503;498;444;482;489;496;501;506;515;509;452;483;492;495;505;506;508;506;459;476;474;482;492;494;498;502;474;478;483;490;495;493;498;507;516;482;482;490;494;500;503;510;508;768;570;630;632;800;818;841;869
460;466;475;478;484;484;480;420;475;482;490;496;493;506;500;443;482;488;500;506;506;510;509;450;490;493;495;506;504;514;505;458;473;474;484;489;497;500;502;480;476;477;489;490;495;507;497;518;479;486;490;498;503;502;507;509;780;778;656;624;583;817;835;869
466;473;472;474;479;492;472;424;473;486;487;489;504;505;500;442;483;491;497;504;509;511;512;454;486;486;499;504;504;513;508;459;477;478;490;491;493;500;502;464;468;478;490;492;498;497;506;498;478;483;490;494;493;501;503;510;779;561;621;637;574;816;834;867
462;466;474;477;482;487;481;417;476;480;487;493;503;504;496;443;482;488;495;503;504;514;506;454;483;492;500;508;508;516;504;456;477;480;488;496;498;500;499;467;479;481;486;491;497;500;501;504;479;484;485;494;497;501;508;512;770;558;636;638;565;803;834;867
462;467;474;477;480;488;475;416;473;481;482;495;498;503;502;443;481;495;495;504;511;512;504;450;481;485;495;503;504;504;506;454;475;477;487;494;500;498;497;473;472;478;484;489;501;500;501;509;484;486;491;493;494;508;504;515;781;776;646;606;571;819;832;861
464;465;473;481;483;488;474;419;476;483;489;493;501;509;500;446;485;493;496;504;511;511;512;452;479;487;494;504;504;516;505;456;480;488;486;491;496;501;504;461;476;475;486;496;488;503;502;521;481;490;492;498;490;504;507;509;782;764;662;650;578;812;827;872
467;464;462;475;490;485;476;417;473;482;484;494;502;506;500;444;478;492;498;503;507;512;512;451;482;488;496;505;509;515;511;456;472;479;485;495;496;497;502;472;481;483;484;493;497;496;501;521;482;484;486;488;496;505;505;513;778;771;645;647;801;811;827;861
465;464;469;477;488;484;472;420;473;482;489;493;495;500;504;445;479;490;499;505;511;515;512;451;480;490;498;507;506;515;500;461;475;479;487;496;496;501;497;472;476;483;485;486;493;501;501;515;485;482;488;492;498;503;498;513;773;551;660;642;590;816;839;879
462;465;474;480;487;484;476;417;473;481;486;490;502;510;497;442;489;490;500;499;506;508;505;456;481;489;501;499;510;515;510;459;472;478;490;492;492;501;500;467;474;483;485;492;491;500;496;516;478;482;486;497;501;502;501;511;762;522;637;645;579;811;840;861
464;465;472;477;483;480;480;422;474;487;485;493;499;509;500;443;483;486;496;504;507;512;506;455;480;491;500;501;508;513;508;451;466;475;489;495;495;500;501;462;475;480;488;494;490;500;500;520;483;475;495;494;499;502;511;511;771;554;642;635;579;568;835;870
459;470;472;480;488;484;472;421;475;484;485;494;499;503;504;440;481;489;493;506;510;512;512;450;486;492;496;502;503;510;508;455;476;479;485;488;498;500;502;469;475;480;489;491;498;504;500;516;478;483;483;492;504;496;511;504;773;523;636;639;593;811;832;873
458;470;468;479;485;488;474;415;474;485;481;489;501;504;498;444;488;490;491;506;508;515;508;456;485;488;497;508;509;517;507;454;476;473;478;490;490;499;498;473;472;481;479;492;496;501;500;522;483;486;490;486;496;501;511;538;769;568;617;659;807;810;841;863
459;467;478;477;485;487;473;418;475;476;489;494;498;506;496;448;478;487;499;504;508;519;510;453;479;488;497;504;506;511;507;465;473;476;484;496;495;505;502;464;478;481;482;495;491;497;501;505;480;483;482;497;502;502;507;526;776;777;662;633;589;813;837;868
463;466;473;483;487;489;476;416;474;482;487;495;499;505;501;441;481;490;498;505;509;511;511;453;480;491;493;505;509;515;506;465;471;480;481;494;496;504;503;465;475;482;482;491;498;503;499;522;483;483;487;494;492;505;508;501;769;559;617;626;798;810;837;857
460;466;473;480;485;482;472;424;472;480;484;495;498;506;501;447;488;489;494;500;505;510;509;450;481;484;496;502;505;513;502;453;476;483;483;493;493;497;499;469;476;478;485;491;495;499;499;512;485;481;490;501;500;502;506;495;608;550;662;646;556;811;828;864
462;470;472;477;483;483;473;425;474;483;485;495;497;506;501;444;479;489;497;502;510;512;507;457;483;489;498;500;504;510;505;451;479;479;484;490;496;500;494;474;479;477;483;491;493;502;507;514;478;481;488;492;503;506;511;510;591;603;642;636;576;805;829;864
458;471;471;476;485;485;478;420;477;484;488;492;498;506;504;446;487;490;493;502;509;512;507;455;476;489;492;504;505;508;506;461;475;481;487;490;498;500;500;466;472;479;483;488;494;500;503;502;486;487;485;486;501;508;503;497;771;782;646;638;557;814;830;862
455;464;470;481;487;482;472;419;470;479;488;493;501;506;494;444;481;489;494;504;509;512;511;449;480;493;496;502;511;511;505;464;469;480;484;487;492;500;502;459;478;482;489;496;496;495;501;514;480;481;486;497;499;503;504;493;791;775;663;662;572;813;827;868
459;465;471;480;483;482;473;425;472;480;489;493;502;506;496;439;481;489;496;507;508;511;506;456;483;488;492;505;502;513;508;453;473;477;491;490;500;499;501;462;476;478;486;488;494;505;499;509;477;484;488;491;496;507;506;497;773;556;644;694;570;815;837;870
457;465;470;476;483;494;478;428;474;484;486;493;499;505;497;443;480;490;491;504;510;513;509;453;480;493;494;503;511;512;506;456;472;479;487;490;495;500;505;475;475;480;482;491;500;500;504;523;479;489;488;492;500;504;511;532;597;772;642;647;807;808;837;869
457;465;475;477;483;487;479;419;472;482;483;497;499;507;502;449;489;491;493;501;503;512;507;451;485;495;495;499;506;511;506;461;473;475;489;490;496;500;499;468;478;482;489;496;493;495;505;511;479;482;491;492;501;504;506;498;777;521;629;635;805;810;828;865
465;465;476;476;490;486;471;418;472;480;487;494;502;506;497;444;487;493;498;504;507;514;507;458;484;490;498;506;508;510;506;458;473;483;486;490;497;496;506;468;482;479;487;488;497;502;500;523;479;484;491;495;495;504;513;499;768;565;632;640;576;809;835;859
460;465;471;474;483;486;473;417;475;482;490;499;496;501;498;450;478;492;498;507;513;514;507;455;483;488;494;506;509;519;509;456;474;481;486;492;494;502;502;467;477;476;489;490;491;496;501;523;479;489;481;491;502;506;508;523;772;568;626;643;581;823;836;862
467;462;469;480;485;487;472;424;472;477;488;496;503;504;502;438;483;489;495;505;508;512;512;451;484;493;498;503;504;512;508;445;472;477;491;493;494;506;498;466;476;477;485;494;492;495;499;521;480;480;486;492;502;502;511;508;767;761;648;643;588;807;840;869
459;463;469;483;482;490;477;425;470;483;486;495;501;505;497;447;482;490;492;507;511;512;511;456;476;484;499;500;502;509;504;460;475;475;482;492;496;498;501;469;476;486;482;492;496;499;503;510;482;486;491;496;499;498;507;507;768;767;662;636;808;816;833;871
458;463;472;480;484;485;478;422;471;478;487;492;502;507;501;440;482;489;494;504;511;511;511;455;483;484;493;507;507;513;504;452;469;480;487;495;491;499;505;460;479;479;489;493;497;504;506;513;485;480;492;492;497;503;505;532;774;555;647;647;802;807;829;868
461;464;475;476;488;487;474;422;473;481;486;492;499;503;499;444;486;487;496;502;507;514;510;454;480;489;499;496;500;516;507;457;477;475;482;492;494;501;504;463;483;477;482;494;499;503;506;503;482;487;485;494;499;501;506;521;768;567;644;627;802;816;832;874
464;468;473;481;482;490;468;414;472;481;488;497;499;505;501;444;483;488;494;501;510;509;509;451;485;491;499;504;507;514;507;462;476;477;483;490;497;497;500;465;473;483;487;499;494;507;501;509;479;482;493;490;495;502;508;530;775;563;649;630;553;820;833;862
457;473;472;476;474;488;472;423;473;482;487;491;504;506;505;443;487;492;495;509;508;512;511;453;484;490;498;509;509;508;508;453;473;476;488;493;501;499;498;464;475;483;487;493;495;499;503;514;486;481;490;490;498;508;503;510;612;567;639;643;803;818;831;871
455;463;474;474;487;487;471;417;475;484;491;495;500;508;499;446;486;493;499;504;507;512;510;452;477;487;502;503;508;510;510;461;470;478;487;491;495;499;500;468;479;484;484;491;493;496;501;516;481;485;487;497;497;503;514;513;770;776;648;654;582;813;835;868
459;465;478;479;481;488;473;423;475;482;488;495;498;505;501;443;483;484;495;502;510;510;513;450;483;489;499;499;506;505;503;456;470;481;484;488;499;499;503;464;482;480;486;493;493;498;500;527;482;482;486;490;493;505;505;507;786;522;650;639;575;810;835;871
465;466;466;477;486;482;474;424;473;482;489;494;500;509;499;441;482;484;501;509;507;517;503;455;482;493;496;506;511;507;509;461;481;477;484;490;501;500;499;463;480;477;486;495;492;506;504;519;482;484;490;493;500;504;509;492;774;775;641;639;580;815;836;864
460;466;476;476;483;486;473;422;472;480;484;491;503;508;502;445;484;485;497;503;508;513;510;456;481;489;497;504;516;510;510;456;475;483;488;492;501;493;503;458;481;484;484;492;491;507;506;518;475;483;488;497;497;493;504;502;771;779;644;629;579;563;834;863
457;465;477;480;487;486;473;419;481;480;487;494;500;505;503;439;486;490;496;507;509;514;510;455;484;492;496;502;505;508;512;460;468;480;488;494;497;497;506;464;475;478;490;491;493;500;501;524;482;481;490;487;498;500;502;492;770;560;647;647;577;812;838;861
464;467;472;480;483;484;471;424;473;481;484;498;497;510;499;444;484;486;499;504;509;513;512;458;483;493;493;507;507;510;505;455;474;475;486;489;495;500;497;465;481;481;481;492;498;500;508;516;485;483;493;490;498;499;501;499;768;771;649;632;532;808;830;864
460;472;471;479;483;485;476;423;473;481;488;492;499;506;500;443;488;491;497;501;505;512;510;452;483;488;501;505;508;518;510;457;475;479;487;489;495;501;504;463;480;477;486;485;496;502;502;517;479;483;488;492;500;505;508;545;791;559;649;633;556;557;828;861
459;466;475;476;484;490;468;426;469;483;487;491;498;506;496;440;482;496;499;507;511;506;511;452;478;489;501;500;509;517;509;456;476;474;483;487;498;501;500;468;480;479;482;500;501;501;501;524;485;481;488;491;499;501;505;510;772;571;643;641;578;812;843;862
462;471;474;476;484;484;471;420;478;481;483;492;502;502;501;447;488;489;499;505;512;512;511;451;483;492;499;504;505;510;509;456;474;480;486;488;494;500;496;478;476;480;484;493;497;504;504;523;477;483;488;496;500;504;508;508;769;555;639;639;580;826;839;864
466;466;469;481;481;482;480;417;475;481;487;492;501;502;500;441;485;491;496;507;507;508;510;453;480;491;504;500;508;515;509;454;473;477;487;491;494;501;500;466;474;477;486;493;498;498;501;503;479;475;489;491;499;496;509;821;769;553;647;644;577;818;838;865
460;465;475;473;485;490;473;420;470;480;488;493;501;505;502;443;482;489;493;501;508;510;511;450;487;493;495;508;510;507;505;461;472;479;487;494;498;498;505;467;474;482;489;490;498;496;503;531;475;481;488;493;494;504;509;498;775;773;667;644;537;549;840;858
458;470;475;481;485;480;469;418;470;481;489;493;496;506;499;444;482;485;496;506;509;513;506;446;482;495;495;503;505;514;504;459;479;480;485;490;492;495;503;466;478;479;489;487;491;495;502;500;482;481;485;492;494;500;509;503;776;564;658;624;565;550;833;863
459;465;474;480;485;479;469;422;469;483;489;495;500;505;504;442;482;490;496;507;510;512;510;448;482;491;497;502;509;514;504;458;473;477;484;489;495;501;504;469;480;479;480;489;494;503;503;504;480;483;497;495;492;503;508;499;785;564;674;640;558;822;839;873
460;470;474;476;483;482;474;418;475;480;487;488;500;507;504;443;484;490;496;504;507;510;511;455;486;491;495;502;507;518;506;460;469;476;488;491;495;500;499;468;476;480;488;488;494;504;504;502;480;483;487;495;496;503;508;507;773;561;623;655;573;808;839;856
458;465;471;478;477;489;471;419;475;479;488;496;500;502;502;447;484;495;493;505;509;512;515;454;483;493;500;507;509;508;512;456;473;476;487;492;501;496;501;468;476;485;479;494;491;497;501;521;483;484;493;493;501;503;508;518;783;776;643;631;572;804;835;871
453;470;475;476;485;485;474;419;475;482;491;494;501;505;500;441;484;492;498;506;509;512;512;453;484;488;496;507;511;513;502;458;473;479;487;489;491;494;503;466;473;479;488;493;496;494;502;510;480;484;490;492;495;505;511;510;778;777;642;640;797;818;837;855
459;468;468;478;482;485;477;429;476;484;486;496;500;506;495;445;484;491;493;504;504;512;506;453;481;486;500;503;506;511;506;459;473;478;486;492;495;502;504;467;474;488;483;491;497;501;501;493;480;480;490;492;498;504;504;502;783;774;652;645;580;811;831;857
462;462;474;478;485;482;471;422;475;481;488;491;497;509;498;441;484;492;501;507;504;510;512;453;482;489;498;504;508;515;506;459;470;477;488;490;497;496;499;472;479;483;490;496;498;495;500;524;481;490;490;487;499;502;505;506;774;769;625;638;802;819;837;871
463;467;475;480;486;486;472;420;478;481;487;496;501;502;496;446;483;485;493;505;505;516;512;448;481;492;498;501;506;511;504;454;479;474;479;492;494;498;499;462;470;488;487;492;495;495;505;526;482;478;494;486;502;503;504;516;779;553;669;630;565;808;836;875
458;471;475;473;486;484;472;416;471;480;488;494;498;504;501;445;482;486;498;505;507;511;510;451;482;493;501;499;507;512;508;459;472;480;481;493;493;497;497;465;479;486;486;488;496;502;500;521;481;487;484;495;501;501;508;502;765;772;643;629;574;810;832;861
462;467;472;479;483;479;479;415;475;483;486;494;501;506;503;444;478;489;499;503;505;517;510;455;482;485;494;505;509;513;500;460;479;480;488;492;502;501;501;467;477;485;482;494;495;499;506;519;478;480;489;498;499;503;507;509;774;554;651;644;572;821;833;867
459;459;474;478;485;486;477;417;477;482;486;490;500;503;505;441;484;491;494;504;513;513;512;455;486;488;496;502;509;507;511;461;477;477;484;493;496;497;502;469;481;476;485;488;495;498;504;526;479;485;487;493;498;497;507;512;771;525;624;624;585;803;839;866
460;468;475;477;481;482;481;417;473;480;485;490;500;505;500;447;479;490;497;505;513;510;507;462;481;492;497;506;504;520;508;459;476;479;485;492;494;498;498;471;478;484;487;490;497;502;499;525;484;480;484;490;501;502;506;511;771;563;626;639;532;814;837;866
464;465;470;480;486;484;473;415;475;481;488;494;498;508;503;443;487;490;494;499;509;513;511;454;476;491;496;505;502;506;506;457;471;475;488;491;500;495;502;462;476;479;488;491;500;495;501;510;479;481;490;489;499;502;509;541;768;561;667;640;573;805;835;863
459;464;474;474;481;484;477;414;474;483;484;489;503;499;501;441;482;489;501;505;508;517;511;453;480;489;500;511;510;514;509;456;475;479;482;489;499;499;503;466;475;480;484;488;493;495;502;513;482;480;483;493;499;502;506;509;773;568;626;644;575;560;837;862
456;465;471;481;481;483;473;411;471;480;488;493;499;505;503;449;482;485;498;503;510;514;512;453;482;485;497;505;508;512;509;452;477;475;488;491;496;503;494;469;479;481;480;501;493;502;502;510;481;483;489;493;501;502;503;492;597;772;629;658;556;813;834;872
457;472;472;476;484;482;478;413;475;480;486;494;496;508;499;442;479;481;498;504;509;515;509;454;478;491;499;506;511;512;506;455;475;478;484;496;498;499;502;465;472;476;485;489;495;496;503;516;478;484;493;490;501;505;505;513;772;574;677;638;573;804;837;876
461;468;473;475;484;484;482;423;474;484;482;500;499;503;499;441;482;489;495;506;504;514;508;451;478;493;498;502;506;510;517;455;470;481;485;491;500;496;499;458;480;480;486;488;495;498;502;509;482;486;486;489;503;499;502;519;775;779;667;621;801;827;831;868
462;462;472;480;489;483;475;424;476;478;486;490;501;505;501;441;483;488;498;497;506;514;511;451;477;489;492;505;508;516;515;458;471;474;486;487;496;498;502;465;480;483;483;491;497;500;501;521;483;484;490;501;504;500;503;495;771;567;639;631;796;814;833;861
461;463;468;472;485;486;477;419;471;480;487;496;502;505;501;443;485;488;494;507;508;511;511;456;479;488;500;505;510;513;503;461;474;478;484;491;497;502;504;459;477;482;479;489;493;500;504;524;486;489;486;492;503;494;508;498;777;775;626;622;540;820;840;864
460;465;476;473;481;482;470;418;473;481;485;495;497;508;499;444;483;487;498;504;507;509;512;452;486;491;498;505;512;509;504;455;468;479;484;488;496;504;500;468;478;473;485;488;491;499;498;524;483;487;484;495;500;511;505;524;787;567;636;622;522;809;845;864
461;474;473;476;481;485;471;420;475;485;486;496;499;503;503;443;482;492;497;501;508;510;511;459;484;489;496;507;506;516;506;458;474;480;489;488;496;502;502;467;477;485;488;492;496;498;502;518;481;486;490;492;502;505;506;531;773;780;648;644;570;811;834;872
455;464;475;479;485;484;480;419;474;481;486;493;497;504;500;444;484;492;498;507;510;510;510;456;479;490;497;507;507;513;505;457;473;485;486;493;501;499;504;464;478;481;482;495;501;500;503;522;480;483;483;491;499;501;511;504;765;558;646;633;576;810;838;871
463;466;470;478;482;489;468;425;470;478;480;494;499;508;498;443;485;487;494;506;511;515;515;456;485;491;495;500;505;515;505;458;481;480;480;492;501;500;499;462;477;485;485;491;494;497;499;502;479;483;488;496;499;505;505;529;786;775;627;632;537;804;836;868
459;472;474;481;480;483;476;421;478;480;491;500;496;503;500;443;486;490;497;501;512;510;512;452;482;492;500;505;506;519;506;461;477;476;488;491;497;497;505;467;478;479;488;497;499;508;503;508;483;479;488;497;500;503;506;503;785;570;642;622;575;805;837;857
461;469;474;478;482;485;475;419;474;482;490;494;499;503;498;442;484;490;500;504;507;511;510;457;485;491;497;501;510;514;503;450;476;473;486;491;498;497;499;464;477;481;487;494;495;504;501;523;478;487;487;496;495;506;510;517;771;563;639;647;575;817;836;866
463;464;471;473;491;489;475;424;469;479;480;494;500;502;504;443;481;490;498;504;512;509;514;455;484;487;497;501;509;512;512;464;476;475;492;491;495;503;501;465;475;483;488;494;498;498;503;512;484;483;486;492;493;499;508;506;778;770;624;642;570;808;844;872
464;466;472;482;485;485;479;417;476;480;488;493;501;504;501;444;485;495;498;501;513;512;506;452;480;491;497;505;507;509;510;453;471;482;481;488;495;500;501;473;476;481;488;491;497;502;504;526;482;483;487;489;498;504;504;518;765;571;639;637;575;815;829;870
464;464;470;476;483;488;467;415;476;478;487;497;493;503;497;444;486;484;497;503;511;514;508;454;479;489;498;504;504;511;510;460;469;480;489;493;496;495;502;463;479;482;482;487;496;503;502;521;478;483;491;490;493;505;509;514;771;559;663;623;554;810;837;876
461;468;475;479;482;480;473;419;480;480;489;493;498;507;501;441;485;491;498;506;507;512;508;453;479;492;494;508;506;513;506;460;472;478;486;493;495;503;497;467;478;480;490;493;493;492;503;521;486;481;485;492;501;500;501;510;779;563;645;632;805;809;839;871
459;467;475;477;481;486;476;421;473;483;491;493;494;507;500;439;487;493;500;505;506;513;511;455;477;490;499;504;510;516;506;464;475;484;485;490;496;500;500;459;475;477;488;491;501;499;502;516;482;483;490;496;498;501;505;511;769;539;625;643;574;816;838;867
459;464;472;477;480;489;474;416;475;482;487;491;500;507;499;446;481;487;498;510;509;513;509;457;485;488;497;507;504;517;507;457;474;475;488;494;491;503;499;461;474;483;487;495;495;506;504;525;485;482;493;494;502;506;507;508;769;773;647;628;580;817;834;866
461;469;471;482;482;485;479;416;473;484;486;498;500;505;500;448;486;491;497;502;509;512;509;451;482;491;496;504;508;511;509;454;473;474;486;492;491;498;502;476;474;485;486;494;494;501;500;507;479;483;483;498;499;501;505;517;786;568;640;639;594;825;835;859
460;469;470;480;480;485;474;422;473;482;486;500;500;505;499;449;481;488;497;507;510;509;511;453;477;491;494;503;509;510;505;458;471;482;485;493;497;500;499;467;483;477;489;490;497;498;503;523;480;484;485;490;500;503;508;519;779;539;647;638;801;547;831;866
462;465;471;476;483;483;474;423;473;483;490;491;498;502;502;445;484;491;501;506;507;510;506;460;483;493;498;503;509;514;509;461;476;476;486;496;499;499;502;464;475;485;486;488;496;502;499;510;487;486;486;492;502;505;513;503;776;766;649;642;575;812;830;871
457;469;474;482;486;488;479;411;471;482;487;493;497;506;504;446;483;487;493;505;511;516;505;453;479;489;497;505;506;507;506;456;478;478;481;490;494;498;500;473;476;483;486;492;495;498;505;522;483;486;486;495;498;504;505;508;767;566;646;623;583;817;838;873
459;464;470;481;488;485;480;419;474;485;485;494;500;506;503;442;484;489;490;503;515;510;516;451;482;487;497;503;510;510;500;457;471;472;487;493;496;501;502;465;478;485;482;493;494;496;503;521;485;483;486;495;497;502;506;527;782;523;633;642;539;812;838;868
462;468;471;473;478;484;470;419;475;484;487;493;498;506;502;448;484;490;499;502;512;512;516;456;477;490;496;506;508;514;508;456;476;476;487;489;496;493;504;461;478;478;484;492;491;497;502;504;483;478;485;492;500;502;506;507;776;567;641;642;575;824;844;866
465;471;471;480;483;481;473;422;477;482;489;492;497;503;501;449;486;492;495;500;501;513;508;455;482;487;496;503;506;513;506;454;475;480;488;488;496;505;504;463;478;483;482;491;490;495;502;497;490;487;485;496;499;497;505;508;771;781;646;643;557;827;836;861
462;465;477;477;480;480;476;419;475;483;489;495;499;506;501;443;486;486;490;506;506;513;508;452;483;498;499;502;509;509;507;461;478;485;487;495;500;499;502;473;478;481;482;497;499;497;502;526;478;484;494;491;496;501;503;518;772;567;655;649;576;806;835;861
460;470;470;479;490;486;474;418;471;484;490;493;501;508;499;442;487;491;488;501;509;512;513;448;479;485;493;508;509;513;507;456;471;478;485;490;496;497;499;465;479;480;485;498;495;501;503;517;479;486;488;494;499;500;501;508;771;574;643;645;575;811;832;867
462;466;470;483;483;484;475;420;472;478;488;497;500;504;506;440;481;487;499;506;514;512;508;454;484;487;500;503;512;515;509;459;475;478;485;492;497;504;506;469;474;478;485;494;497;500;501;527;484;477;481;495;500;501;504;495;772;775;626;642;559;558;836;870
458;467;467;477;488;482;477;420;474;480;483;493;494;505;501;442;484;486;494;506;504;512;510;456;485;489;493;504;509;505;504;452;464;476;485;491;497;503;500;462;475;478;484;492;495;500;504;524;482;481;480;495;494;506;501;524;769;774;646;644;580;819;836;866
462;471;473;477;484;486;471;417;476;484;487;496;499;504;500;450;482;490;495;506;509;510;514;452;482;491;494;503;508;508;505;462;472;479;490;486;497;503;504;464;482;479;487;490;494;501;502;519;479;482;490;493;499;501;503;520;769;566;648;630;815;814;835;859
459;465;474;476;485;481;468;424;473;479;488;493;498;507;499;446;478;492;496;504;506;511;511;457;486;490;497;503;510;515;503;459;470;478;483;491;495;499;500;466;474;483;481;495;495;495;508;521;479;476;491;497;500;496;508;524;774;779;624;691;576;810;831;859
464;466;471;473;485;489;472;413;473;479;486;493;498;505;499;442;481;487;495;505;506;511;511;452;487;491;498;500;508;510;509;463;473;476;484;492;498;501;499;466;474;474;482;491;495;501;503;503;479;478;489;486;498;503;513;497;602;557;636;645;555;823;836;869
458;464;472;479;483;486;473;422;475;479;489;490;503;507;503;440;479;490;493;503;507;513;509;451;479;489;497;501;508;511;511;452;480;476;479;491;499;495;496;468;477;480;493;493;496;497;496;507;482;481;485;497;500;502;509;521;776;562;629;643;575;568;830;868
463;461;470;477;480;489;475;419;472;479;485;496;505;504;503;448;483;489;496;506;507;510;508;456;483;493;504;507;511;511;509;455;472;478;487;496;499;493;501;463;472;478;486;497;490;502;501;522;482;478;491;494;494;506;504;508;773;776;646;643;567;798;830;864
458;467;469;474;486;483;476;413;477;482;483;498;499;509;501;444;484;485;496;503;510;514;511;455;482;493;498;506;511;513;507;454;477;479;485;488;492;498;501;469;476;481;485;490;495;501;504;524;482;485;485;494;496;499;508;505;770;561;629;628;579;549;849;859
