436;460;469;464;487;452;447;435;499;505;507;518;506;512;510;508;507;512;522;273;455;520;516;517;512;518;524;260;424;522;521;518;515;516;518;503;515;517;521;510;514;512;505;274;357;508;512;515;511;512;510;430;481;506;511;517;562;544;526;534;534;549;545;578
419;458;459;463;473;448;444;441;504;500;504;524;508;507;507;505;512;510;519;278;391;517;517;512;514;517;517;260;396;517;520;518;513;514;516;514;521;506;516;514;511;507;499;279;360;510;513;510;517;508;510;442;485;509;512;510;549;526;542;516;551;528;543;608
410;468;463;468;477;453;453;443;495;499;506;518;526;504;508;510;506;509;517;272;454;515;516;509;504;516;521;264;433;519;516;514;507;506;515;505;520;510;518;515;507;508;510;275;391;512;509;511;514;510;504;376;478;507;511;512;566;533;544;539;525;548;542;733
426;464;467;460;480;460;450;443;498;500;507;494;518;513;504;506;504;512;522;269;456;512;513;512;508;515;519;264;443;519;515;515;508;510;513;500;506;512;515;510;511;512;502;305;355;511;508;515;513;504;506;372;491;515;509;517;560;536;517;536;532;551;540;552
431;468;460;492;473;454;448;449;497;503;501;520;525;507;508;510;503;508;516;310;449;512;514;515;507;517;521;264;380;521;517;515;518;510;514;513;512;512;512;507;508;509;501;300;397;505;508;509;509;509;512;433;487;506;511;510;549;532;524;531;521;519;541;707
430;457;456;469;475;440;447;432;499;505;510;531;516;506;501;505;508;510;506;278;382;512;511;510;510;515;522;269;448;518;511;514;511;512;513;507;521;512;512;514;512;520;504;305;353;505;511;508;513;510;509;425;484;509;509;510;575;526;531;524;529;542;555;560
426;461;465;460;490;453;449;443;492;498;513;509;511;511;504;508;506;508;515;275;386;516;514;515;507;513;514;261;433;518;512;519;506;513;511;510;515;512;510;511;512;510;503;274;352;511;508;510;514;505;506;371;488;508;507;512;570;536;544;516;550;528;540;728
421;449;452;469;483;445;442;444;501;496;508;510;518;511;498;509;510;510;511;285;457;516;511;514;509;515;519;264;354;515;511;516;512;512;513;513;519;511;516;512;507;506;497;273;392;505;507;510;511;511;501;427;486;504;509;510;564;537;543;520;546;535;553;578
426;455;458;457;484;445;447;452;500;501;501;507;519;511;506;509;504;512;520;306;466;514;517;512;505;515;522;264;373;520;521;518;512;511;520;510;521;514;516;515;507;511;507;264;347;504;512;510;512;508;499;423;484;508;513;512;555;548;524;527;554;544;544;585
421;459;452;470;466;469;440;448;495;500;506;526;519;505;500;503;508;511;518;248;454;512;516;517;511;519;522;269;383;519;518;512;507;512;515;513;518;511;511;508;510;507;504;305;353;504;509;510;512;510;507;423;483;505;511;512;564;540;519;517;545;522;544;726
421;451;460;452;479;451;450;447;502;506;511;519;515;502;501;508;504;515;514;257;465;515;512;513;505;512;522;298;373;518;512;518;511;510;513;505;511;511;513;509;509;505;509;266;352;508;510;513;510;504;509;370;484;511;508;516;549;557;520;534;522;525;528;559
426;445;469;467;473;462;439;449;496;497;510;512;527;506;500;507;509;511;518;315;452;522;513;516;506;510;519;278;435;520;516;516;512;511;515;505;514;519;512;515;513;510;504;274;381;515;508;512;518;511;508;430;487;508;513;514;549;530;536;528;545;534;546;583
425;455;459;460;465;459;448;448;496;500;512;509;515;508;498;505;507;510;518;310;460;513;511;513;510;513;513;291;372;519;513;518;511;510;511;503;511;513;514;506;516;504;504;295;355;506;508;511;517;510;506;376;487;511;511;513;565;534;530;533;530;529;542;584
424;471;453;462;476;449;438;430;497;499;507;512;516;506;501;505;502;507;516;260;390;522;518;512;512;520;521;259;426;515;516;515;511;517;513;510;519;510;514;508;516;509;505;273;354;515;509;510;520;509;510;373;483;511;513;511;572;537;535;518;532;531;559;576
420;459;457;467;462;445;449;443;492;504;506;516;518;503;507;509;509;506;514;258;449;512;511;513;509;513;519;267;372;517;522;516;508;515;514;502;517;513;513;515;507;506;506;300;350;507;512;511;510;507;511;365;488;514;510;512;621;541;515;529;530;527;538;570
428;457;456;471;474;452;443;454;493;500;501;520;514;508;502;509;509;509;519;268;452;519;516;512;512;514;520;263;435;525;514;517;512;509;516;507;515;514;512;512;508;511;500;260;393;513;508;508;508;509;508;381;487;508;505;512;555;529;539;529;520;536;544;601
412;458;452;474;489;454;442;453;495;497;506;519;514;505;499;506;507;506;512;255;513;513;513;511;512;514;519;263;421;525;515;513;508;516;517;518;513;508;513;513;512;506;502;276;355;507;510;510;513;508;507;369;485;505;511;509;556;555;528;534;545;535;545;580
428;462;481;472;481;459;447;454;499;505;506;494;518;505;502;506;505;504;517;267;466;515;515;508;514;516;520;264;384;517;518;519;512;514;512;497;511;515;517;509;509;511;504;275;351;511;509;513;516;511;506;424;486;507;513;517;552;537;542;532;522;522;543;570
416;466;454;469;491;456;448;453;498;501;512;514;523;504;505;504;503;510;516;261;454;516;516;513;511;516;525;265;429;518;517;517;508;512;515;500;514;509;512;516;515;511;506;276;355;514;512;509;517;515;510;421;484;510;508;512;551;525;536;533;532;536;581;566
419;463;453;487;483;448;446;429;497;506;508;522;519;504;503;501;505;507;520;267;462;511;519;510;512;514;517;265;357;522;521;519;510;516;513;514;516;514;517;512;511;513;508;266;345;502;514;515;511;512;515;362;492;508;507;514;572;555;525;520;543;530;578;737
418;463;460;456;486;457;438;445;494;498;502;512;508;509;504;504;508;508;521;261;462;513;515;514;508;513;520;292;360;517;521;516;515;512;513;506;510;512;517;516;513;511;500;264;359;511;509;514;515;508;514;382;488;511;509;512;553;531;526;533;551;555;584;560
422;463;469;462;451;441;441;449;501;500;511;511;509;514;502;506;505;506;512;266;427;510;513;509;508;513;520;270;366;519;513;519;503;514;517;494;519;514;515;509;507;508;505;272;360;511;511;515;517;508;508;421;489;507;512;513;551;531;519;537;547;525;538;579
414;470;451;473;481;454;448;440;493;501;507;519;515;503;502;508;503;516;523;304;516;513;516;514;506;512;525;270;371;523;520;513;506;514;514;520;522;510;514;513;512;506;507;265;341;509;508;515;516;510;503;379;480;511;512;510;563;526;538;524;530;527;557;589
428;453;460;467;487;458;451;445;493;498;507;510;516;504;506;513;505;509;512;269;456;512;517;513;513;514;527;268;412;521;510;519;508;510;514;506;513;510;511;513;508;502;508;296;401;510;505;516;512;511;506;369;484;512;511;507;558;529;530;534;549;530;555;580
427;467;457;469;480;449;445;441;497;500;512;515;514;505;504;508;507;505;517;256;459;518;509;513;512;517;521;270;361;523;519;516;505;515;516;519;519;512;514;514;509;508;498;272;358;512;511;513;513;512;509;425;487;507;515;512;576;546;526;525;529;530;548;711
424;457;453;473;493;449;443;438;499;504;511;523;511;504;501;510;511;509;520;286;459;516;514;512;505;513;517;260;384;525;518;516;507;514;517;514;514;509;520;513;513;511;505;270;399;508;510;513;511;507;503;427;483;514;511;512;549;524;537;537;546;538;551;603
426;456;450;464;478;451;450;443;497;503;504;509;516;507;507;508;506;511;517;269;519;513;511;516;508;515;516;263;430;522;517;519;513;515;513;492;509;509;513;510;511;511;506;300;348;509;510;513;511;508;500;360;481;501;515;516;549;558;526;524;546;532;533;589
426;450;468;461;482;455;441;448;498;496;509;519;513;508;503;507;510;513;517;310;456;514;512;512;508;519;525;276;426;522;514;517;513;512;511;515;515;511;513;517;509;511;498;270;390;513;515;512;518;511;505;359;481;513;508;506;548;532;540;529;528;519;545;566
417;459;456;454;483;450;455;450;499;496;509;517;512;509;506;512;507;508;515;260;458;518;513;515;513;512;513;264;374;523;514;516;507;514;517;520;519;509;516;511;512;513;502;308;353;508;511;515;514;504;507;365;486;516;508;516;572;547;528;523;521;540;557;599
416;464;464;483;491;450;438;451;503;502;504;519;519;507;501;507;505;503;508;269;447;511;509;510;512;521;521;264;362;523;515;517;507;508;511;494;517;513;513;508;502;509;508;261;385;507;514;512;510;512;505;370;483;511;512;519;547;531;523;536;537;530;548;579
425;457;459;460;489;459;447;444;503;497;511;513;518;504;508;506;510;506;518;263;458;515;517;515;505;517;521;264;373;521;518;519;508;511;515;500;522;514;514;512;511;506;500;305;361;509;508;508;517;514;505;431;483;507;506;511;561;534;537;518;540;534;544;587
435;464;460;485;478;451;437;452;495;505;506;510;516;507;509;503;503;508;518;265;451;517;512;512;510;515;518;263;429;520;520;519;511;516;515;516;517;509;516;511;511;511;500;298;359;508;509;514;515;507;512;364;484;508;510;513;565;541;543;540;539;528;547;560
427;449;460;470;481;453;447;456;490;502;504;519;509;512;506;506;505;512;516;254;464;516;515;516;507;511;522;266;372;516;513;518;507;513;514;505;508;511;514;511;507;510;498;264;352;508;514;515;509;508;506;423;485;511;515;514;561;529;532;536;550;537;532;586
427;459;456;446;488;447;443;440;495;504;511;513;526;511;508;511;509;516;519;262;388;514;513;517;508;512;517;262;364;525;516;519;508;509;517;513;521;517;513;511;514;509;504;272;397;510;509;510;510;514;504;375;487;509;512;512;565;562;526;518;528;532;542;590
436;460;453;471;471;448;444;441;496;506;502;520;515;503;503;510;507;509;517;260;399;517;515;515;512;511;521;249;371;521;521;512;507;511;509;512;520;517;517;509;509;505;503;301;354;507;509;511;514;511;510;432;481;510;512;510;551;521;525;539;527;532;557;624
422;449;453;464;477;460;441;439;500;498;505;514;518;507;506;511;510;513;514;258;457;513;517;512;509;513;517;293;366;524;519;517;514;516;516;490;509;514;513;517;515;506;504;273;393;512;510;514;514;509;508;428;489;513;511;510;567;559;539;519;527;536;550;559
426;459;455;469;478;459;438;460;499;506;509;501;513;505;502;503;507;506;514;258;466;514;514;516;508;514;523;266;379;523;521;517;508;511;511;503;511;513;515;512;516;509;505;273;388;512;514;508;513;511;508;426;484;506;506;514;545;532;537;522;531;555;579;603
421;458;445;448;500;456;453;432;500;506;505;515;515;508;501;502;510;507;515;256;455;518;512;518;510;514;521;260;374;521;515;516;512;512;516;514;512;512;512;511;507;511;506;304;355;507;511;512;519;510;510;422;484;508;510;509;556;527;519;519;533;522;548;741
426;452;446;462;462;458;436;452;498;501;509;514;519;509;502;507;508;515;521;260;456;515;516;515;508;510;518;264;367;515;518;512;511;512;515;509;513;510;516;510;514;509;504;303;362;507;507;511;514;511;512;384;481;509;508;512;563;529;519;532;531;539;549;585
419;454;456;470;485;456;444;451;496;499;506;514;520;506;504;505;508;507;512;271;447;520;516;515;510;514;520;266;346;522;517;518;514;516;515;520;514;511;514;511;508;510;504;273;349;509;511;512;512;511;513;428;487;507;509;518;552;552;523;534;550;519;532;590
432;455;459;473;483;454;443;458;500;502;508;513;514;507;504;508;503;512;512;251;381;512;514;516;510;512;519;289;384;521;512;515;513;515;517;502;516;513;510;513;511;507;503;310;362;504;510;508;512;512;507;425;490;514;507;513;570;559;540;533;530;526;546;561
421;463;464;455;470;456;442;454;498;504;505;485;507;505;506;505;506;514;519;269;454;520;512;512;508;511;521;267;388;520;514;512;514;507;515;504;516;518;513;510;511;510;505;275;346;513;513;514;513;511;506;405;482;507;516;518;560;563;533;518;534;534;545;552
421;454;446;458;486;456;455;433;495;498;507;517;516;512;504;506;508;504;515;257;458;518;511;514;509;515;521;262;369;521;516;520;510;514;508;499;511;515;515;507;511;511;502;285;364;514;509;513;516;509;510;369;486;508;508;511;574;543;523;522;528;561;546;594
424;449;460;465;477;452;446;450;498;500;508;511;523;500;501;506;508;510;519;268;460;517;514;508;508;513;522;265;367;520;515;523;511;517;513;509;519;512;517;513;506;516;504;275;354;516;509;510;514;510;506;430;487;505;510;514;553;557;544;519;539;537;540;585
411;465;462;464;487;462;448;449;499;501;502;501;517;507;506;505;508;510;518;255;455;515;512;508;512;512;515;263;371;521;523;515;508;513;509;505;516;518;511;511;508;511;505;296;353;510;508;510;515;508;510;387;484;514;508;509;569;541;529;537;526;528;540;714
430;452;451;443;486;450;449;435;495;504;510;519;520;500;504;505;506;511;512;266;470;519;512;514;508;514;521;260;373;521;521;513;514;509;516;522;521;510;513;509;517;514;501;273;383;515;514;512;516;510;513;404;487;511;513;511;556;528;526;529;528;533;539;602
428;451;451;483;497;459;448;451;499;504;511;519;517;507;507;507;507;509;511;264;521;513;517;514;510;512;519;263;419;519;519;519;509;513;519;499;520;509;515;512;513;509;502;269;347;503;512;508;517;515;508;426;483;511;511;509;567;538;524;521;533;529;546;589
411;451;452;456;495;456;443;434;495;504;508;524;522;508;503;505;504;510;522;263;443;512;512;512;503;518;519;263;375;519;519;515;508;510;516;511;513;514;516;505;509;512;506;276;353;505;511;510;508;512;503;436;477;506;508;515;560;552;524;519;528;522;538;574
411;455;447;479;483;457;447;437;497;505;505;517;517;506;508;505;507;513;517;253;461;513;514;514;507;514;520;264;349;523;516;517;518;513;516;519;517;514;511;510;511;512;501;289;393;511;506;511;514;510;510;422;482;508;503;516;583;521;523;522;524;558;528;737
424;460;467;473;483;459;441;445;498;504;508;517;514;506;501;507;505;510;519;260;397;512;515;511;511;514;523;265;430;525;515;518;513;514;510;510;511;514;514;507;515;510;500;273;383;507;512;516;510;512;506;419;488;505;512;506;572;530;539;533;529;527;554;576
426;460;464;482;479;453;443;449;498;499;505;523;519;508;507;502;503;508;514;249;454;512;510;510;505;516;523;253;379;515;512;520;508;512;518;511;513;507;509;512;515;514;505;274;354;510;513;515;515;511;509;427;487;508;510;515;547;522;525;519;532;531;536;714
420;465;461;459;481;469;446;443;499;499;509;523;508;511;501;507;499;507;516;268;471;516;514;512;507;519;525;258;346;525;518;518;512;515;510;512;518;511;512;516;509;506;509;270;364;509;511;510;512;511;508;427;482;507;513;514;630;551;524;536;529;536;570;561
428;469;457;455;471;456;445;452;497;504;511;524;513;508;505;508;504;512;518;268;459;516;513;513;505;515;520;260;442;520;519;516;511;513;516;512;512;513;513;518;508;512;506;274;389;506;509;515;512;508;502;429;477;510;515;513;546;524;526;523;530;554;550;605
428;454;480;452;487;453;438;457;498;504;509;523;507;507;504;504;503;506;514;263;516;514;514;513;512;517;522;262;377;519;515;515;512;513;513;521;516;514;512;507;505;507;504;265;352;512;504;508;512;511;506;370;481;510;509;506;560;536;525;534;544;529;546;582
423;459;461;466;483;454;447;450;493;501;502;531;515;505;503;509;507;508;519;271;449;517;516;515;508;512;521;266;427;519;513;519;514;513;507;520;512;516;514;516;507;507;504;271;388;495;507;512;511;508;510;432;488;507;508;512;563;530;520;526;529;550;546;586
421;458;456;461;476;450;442;447;496;500;508;514;514;504;501;502;505;515;514;269;401;519;516;514;510;518;511;250;361;517;516;515;511;509;514;513;511;509;515;517;516;509;510;274;351;510;503;513;519;512;510;373;484;511;511;515;571;560;520;535;544;555;530;584
428;461;455;467;480;455;445;456;491;503;509;520;516;511;508;508;508;510;515;263;468;510;514;515;513;513;523;269;366;521;519;515;518;514;513;502;516;516;516;508;513;507;497;304;383;505;507;510;509;518;508;423;489;509;508;513;556;544;541;533;529;528;539;741
429;468;459;473;501;451;448;449;500;500;515;519;516;506;508;506;508;507;514;269;463;512;517;513;510;509;520;262;354;518;519;517;512;514;517;511;510;512;512;510;510;512;503;270;374;509;511;509;515;513;513;422;489;506;510;512;549;559;542;521;548;532;550;568
414;468;465;489;472;453;445;439;502;505;509;509;527;510;506;506;505;512;518;256;454;511;516;513;505;513;519;257;369;519;510;522;510;512;515;493;518;512;510;507;512;506;501;277;360;510;513;512;511;505;514;421;481;507;509;509;557;542;547;518;549;524;541;584
422;459;459;471;483;457;443;460;500;507;502;510;510;505;505;505;508;511;517;287;461;514;512;514;505;517;521;266;429;514;517;519;509;509;515;504;505;514;514;514;510;512;500;266;358;504;504;516;510;500;514;436;482;510;517;511;554;534;521;530;528;532;575;563
425;463;463;469;494;453;456;425;498;498;510;511;513;504;504;506;510;506;521;261;446;514;515;519;512;514;521;268;337;521;514;520;515;514;511;511;513;511;516;512;511;509;507;275;351;506;511;509;512;511;508;402;485;510;513;512;550;556;525;528;532;555;556;583
431;458;481;479;472;456;445;439;496;499;506;519;522;509;506;507;506;510;512;266;390;516;515;512;509;515;529;290;386;520;516;523;513;509;518;512;511;509;518;513;513;509;499;272;380;505;502;510;510;507;506;435;484;507;508;511;542;536;527;534;527;533;559;567
420;451;458;477;484;452;448;426;493;502;506;530;501;510;500;509;499;510;519;309;447;513;518;511;507;511;520;254;443;519;516;519;507;509;508;513;515;516;513;514;509;509;507;277;396;513;511;512;515;510;513;436;485;512;508;512;587;523;540;536;526;535;532;609
422;455;466;472;487;458;443;452;498;504;507;515;515;507;505;510;505;507;520;253;464;512;512;515;515;514;525;266;373;517;513;512;512;509;513;508;517;513;518;509;516;512;504;275;354;510;504;512;516;509;510;423;484;506;513;511;542;530;519;536;523;530;550;589
410;462;468;471;469;459;450;442;499;503;506;516;516;511;500;510;504;509;514;302;462;513;513;512;513;514;520;262;381;520;523;516;515;514;513;504;519;508;513;516;508;503;502;274;361;510;510;511;514;506;510;370;481;505;511;512;573;529;536;521;529;532;544;566
421;457;470;471;482;457;448;439;500;500;510;509;514;509;502;511;507;508;518;266;520;514;512;513;511;521;517;261;360;520;511;515;510;514;516;512;520;514;511;515;507;505;507;297;357;510;509;509;514;510;512;365;482;503;515;514;582;542;540;523;543;531;541;580
423;460;450;462;476;455;442;449;501;503;509;519;510;505;502;505;508;511;519;261;456;518;522;516;510;519;523;262;376;518;514;521;515;506;514;502;510;514;517;518;512;511;505;274;360;509;511;511;514;505;508;426;481;512;512;513;551;559;527;524;551;531;582;733
420;459;461;464;488;453;447;448;491;504;505;514;516;505;506;504;505;508;518;260;455;513;516;513;509;518;517;266;377;519;516;518;510;510;516;509;515;509;518;509;509;510;504;302;395;514;511;510;514;506;506;363;481;508;517;510;563;535;516;526;543;524;549;587
421;454;462;459;479;450;441;438;493;503;504;509;505;508;505;511;506;509;520;268;453;518;511;514;511;518;527;266;422;520;514;514;513;514;514;505;517;509;511;515;506;513;504;275;354;511;508;510;510;508;503;429;483;512;518;508;546;522;527;537;534;532;539;557
420;464;465;476;474;455;437;431;497;501;504;518;513;505;504;508;510;508;516;256;469;517;515;512;513;514;520;266;418;519;517;518;516;514;510;502;518;517;519;513;508;514;509;271;391;511;508;513;510;511;511;429;480;514;514;512;545;538;527;525;523;556;527;565
413;468;459;466;468;455;447;448;498;502;510;521;520;507;503;506;506;508;520;254;452;516;512;513;511;513;523;269;424;522;517;519;508;513;511;507;517;513;518;510;514;509;508;261;357;512;509;514;517;508;501;391;485;511;508;514;548;536;527;521;528;538;554;591
427;459;450;462;469;451;441;438;493;501;512;511;514;506;499;507;508;512;520;255;449;517;514;517;507;514;518;266;363;519;519;517;514;510;514;509;518;517;515;513;508;508;505;268;351;514;509;515;514;510;511;432;482;511;510;508;569;535;521;528;526;552;541;581
427;457;458;462;498;457;458;441;498;498;513;520;516;503;502;508;508;511;518;262;455;515;511;515;510;513;521;263;368;521;517;515;510;513;514;516;516;515;512;510;509;503;506;307;348;507;511;507;512;513;512;369;486;512;513;513;548;541;531;521;529;529;553;731
424;454;463;465;485;458;453;447;493;506;509;510;518;507;504;504;507;509;509;261;458;511;511;515;506;516;523;264;433;519;515;514;509;510;519;505;515;515;513;516;506;508;503;274;400;510;506;513;509;511;512;362;481;508;512;510;556;532;543;523;529;549;552;591
419;461;463;483;469;454;442;436;499;504;507;496;520;510;507;510;505;508;515;266;462;509;518;515;512;515;523;263;362;522;513;514;512;509;518;509;516;507;512;513;517;503;505;276;354;511;513;512;516;513;512;429;483;511;513;512;546;546;526;537;526;536;546;715
433;469;463;462;479;455;445;449;499;504;504;512;522;512;504;509;508;506;517;258;448;513;517;515;509;518;524;266;423;521;518;519;508;515;514;504;518;517;518;520;510;507;505;276;345;513;508;514;514;508;511;430;483;510;507;509;574;552;535;526;530;529;545;557
422;465;462;482;493;452;439;444;501;502;508;514;512;507;503;504;504;506;513;257;456;516;518;511;503;513;519;264;367;520;517;515;513;508;518;507;515;511;517;510;513;519;507;305;386;513;509;512;508;512;507;422;481;508;515;515;554;536;527;524;544;534;552;557
418;467;462;479;485;456;456;441;503;502;515;520;508;502;503;508;510;512;517;269;461;518;509;514;514;520;521;294;365;521;518;517;507;513;512;511;522;513;511;513;511;511;504;277;350;515;514;513;508;513;511;367;487;506;507;512;547;526;541;519;528;534;544;581
407;456;457;465;481;450;446;450;496;503;506;513;514;505;506;506;506;507;519;300;459;519;514;512;506;518;521;266;365;522;513;519;511;507;510;512;515;510;514;515;515;512;503;255;397;510;510;515;511;514;507;430;482;508;516;517;555;540;547;522;538;556;540;578
419;464;456;462;483;449;444;447;500;500;505;533;513;505;503;507;504;509;515;260;470;513;514;510;511;513;521;268;365;524;513;518;515;513;516;515;521;511;508;511;515;516;508;275;352;511;506;508;516;508;511;425;485;506;512;514;561;521;535;523;530;542;551;576
426;459;461;451;471;442;443;440;497;503;508;521;516;504;500;509;508;509;517;281;451;518;514;515;507;514;519;264;432;524;512;516;513;509;515;502;514;511;511;509;510;513;500;258;339;515;511;512;515;508;511;366;484;504;509;517;551;555;522;528;534;536;545;603
425;452;467;463;482;454;446;452;499;498;505;529;511;509;503;506;500;512;522;260;450;514;515;515;512;512;519;266;364;523;522;515;505;509;514;500;520;516;513;514;508;509;496;280;356;511;508;513;516;505;511;366;481;510;512;509;554;542;530;536;529;537;638;584
420;466;462;455;483;452;454;441;500;500;509;508;517;503;505;509;500;510;514;259;450;518;514;516;508;516;526;300;351;518;516;518;506;513;516;516;518;515;516;516;509;509;502;272;391;511;511;508;519;506;510;425;485;512;510;514;575;537;524;524;527;530;531;580
429;456;455;468;470;455;436;441;495;503;506;513;519;507;506;500;505;506;519;269;457;514;514;515;506;513;518;264;370;518;516;521;513;507;519;520;508;513;511;516;503;501;505;275;363;506;511;509;512;507;510;411;480;505;503;510;562;536;540;538;547;552;557;709
425;462;464;479;472;458;451;437;497;503;503;518;513;508;506;504;510;509;518;261;393;513;518;514;513;517;519;266;383;522;517;515;513;511;513;523;517;516;511;511;509;508;497;260;359;512;510;513;508;513;502;428;484;513;505;510;574;535;524;525;528;533;548;578
425;464;471;468;471;439;445;451;499;502;512;512;511;508;499;504;508;506;518;260;513;512;514;515;511;513;520;262;378;518;518;514;510;513;516;502;513;515;518;509;515;517;505;268;344;507;507;512;509;514;512;367;488;513;509;512;538;520;531;535;522;553;537;551
420;448;453;457;460;454;458;436;499;508;507;512;509;512;502;506;510;509;511;253;462;516;516;514;508;515;517;264;360;520;516;514;513;512;512;507;517;509;516;514;512;512;506;269;354;509;514;512;514;510;503;435;487;509;508;511;580;533;539;529;529;536;543;548
427;460;457;472;478;453;444;440;497;500;502;522;515;505;504;505;505;512;516;267;452;515;516;514;507;515;522;288;436;521;516;519;506;513;517;498;523;515;515;511;515;512;511;263;354;508;507;508;514;510;504;377;490;508;515;507;553;539;533;536;527;528;545;700
425;453;466;465;476;450;447;449;497;501;511;524;501;504;499;509;503;510;515;262;441;518;512;515;508;516;520;264;427;525;513;515;513;512;514;515;516;512;515;513;503;518;507;304;346;513;509;513;516;508;504;365;484;506;506;513;577;526;520;523;558;534;549;603
422;467;460;478;476;448;440;450;497;500;510;509;517;510;506;507;508;511;513;266;463;516;516;508;512;515;521;264;353;522;515;518;506;510;512;502;507;512;512;515;514;509;503;271;356;503;507;511;516;512;506;434;487;511;509;514;574;532;524;541;530;529;532;561
424;454;468;469;480;450;442;461;492;503;508;517;519;507;505;506;504;507;518;301;454;518;520;510;511;518;525;268;498;522;520;515;508;511;511;506;519;513;518;514;511;508;502;276;350;504;514;510;522;508;512;433;486;508;512;513;566;546;526;524;543;543;536;736
415;460;459;463;480;457;442;464;495;501;502;510;516;509;503;504;508;511;519;264;469;516;514;514;504;513;522;261;369;525;516;518;509;513;514;509;511;513;519;513;509;510;501;272;395;513;508;509;517;514;514;367;482;509;510;509;552;535;519;539;527;551;556;576
419;470;456;475;472;452;448;443;502;498;511;513;508;508;506;513;507;507;518;266;389;518;513;515;510;513;520;268;382;524;512;520;509;508;517;507;523;516;516;512;510;513;504;265;352;509;511;517;518;515;508;364;485;510;515;511;563;528;523;534;546;528;551;557
420;470;453;487;479;443;428;452;495;508;505;513;522;504;504;507;505;505;514;264;469;513;515;512;504;514;521;269;422;520;519;517;511;510;515;519;515;511;516;513;506;510;501;272;381;507;512;509;513;506;510;418;488;507;510;512;544;525;527;525;526;537;538;706
412;458;477;452;486;462;445;460;495;502;509;511;513;511;508;506;503;509;522;258;453;517;513;512;509;513;521;296;425;518;510;521;516;519;515;503;516;510;512;511;509;512;504;265;359;510;509;512;513;510;512;425;488;510;511;512;556;520;514;517;533;530;551;562
418;460;467;465;483;447;454;451;494;502;507;517;513;504;504;503;505;507;519;273;399;516;516;515;508;515;519;268;443;518;512;515;512;513;507;505;516;522;516;512;516;508;508;302;355;506;512;513;513;511;508;428;491;515;511;511;589;535;526;531;545;531;547;601
434;456;451;472;497;459;441;451;500;502;507;526;513;507;507;505;508;506;511;255;453;518;513;513;510;516;520;260;381;516;513;519;512;511;520;502;514;517;515;515;514;510;502;269;386;508;509;512;511;508;510;433;484;512;513;506;572;560;541;529;544;532;536;564
426;451;457;498;481;445;456;458;502;497;505;519;528;503;506;509;508;513;517;268;458;519;508;508;508;510;524;291;380;522;514;522;508;510;513;507;517;509;514;512;515;509;500;275;395;512;512;508;510;514;511;377;484;507;507;514;563;534;526;532;522;530;548;594
429;458;459;473;468;456;452;445;493;500;506;516;516;506;502;505;507;512;514;264;462;515;517;513;511;514;521;254;424;518;513;518;507;513;519;521;511;511;517;514;512;507;505;272;358;511;510;512;519;512;508;367;484;504;508;517;554;530;522;533;532;524;582;574
422;460;453;1190;490;456;441;432;497;502;515;507;509;505;506;511;505;507;519;269;459;518;513;520;513;513;520;267;351;521;515;518;511;514;513;496;514;514;516;509;514;511;507;282;353;512;512;514;515;511;510;391;484;505;506;511;627;531;544;540;546;534;540;591
426;464;462;494;481;454;446;450;495;497;510;519;518;506;499;504;508;505;514;301;455;513;511;516;509;515;524;266;368;520;518;512;511;511;510;511;515;514;518;513;515;510;503;303;356;511;516;511;512;507;510;422;487;508;515;514;559;531;526;517;542;530;537;590
431;451;466;488;476;447;447;451;499;501;508;518;513;506;509;509;506;509;520;261;469;515;516;516;509;514;520;266;414;521;512;519;513;511;513;510;509;510;517;514;516;507;502;273;383;510;514;516;515;515;507;426;483;506;515;511;568;530;532;539;551;535;542;551
423;466;466;471;467;460;439;442;499;504;503;515;506;508;510;511;506;510;515;260;460;512;514;517;510;514;527;252;428;525;516;517;510;515;521;501;515;512;514;511;511;512;501;286;385;512;510;517;513;504;509;425;482;512;508;515;578;521;524;536;544;539;540;747
424;463;456;458;470;452;453;437;495;500;511;527;517;508;499;507;502;510;511;257;462;511;511;509;509;515;516;265;422;521;518;519;506;509;518;504;523;513;512;516;509;503;505;310;352;514;510;513;511;507;511;397;481;511;504;513;562;530;525;520;535;533;542;557
428;456;455;465;490;450;451;440;499;501;506;501;514;511;508;499;510;507;517;271;392;518;515;511;510;514;519;266;366;517;519;512;511;513;512;515;515;510;513;511;510;510;502;307;350;513;511;512;515;507;509;430;486;512;513;511;546;532;540;533;532;535;550;603
426;463;452;463;476;456;447;434;498;502;506;519;520;507;504;504;505;512;513;265;463;516;514;511;507;513;522;264;350;521;521;516;511;509;519;500;516;514;515;512;513;504;511;275;357;506;506;513;518;515;510;423;486;504;515;512;561;542;525;533;532;522;544;545
426;460;459;475;473;456;446;450;497;500;506;519;518;507;506;507;510;509;519;260;443;513;514;511;511;515;523;294;371;521;507;511;512;511;507;516;514;512;517;510;508;510;500;264;348;515;508;510;515;510;508;367;486;507;508;510;570;519;528;528;543;552;528;587
427;463;455;495;468;465;443;448;501;496;510;516;503;504;510;506;509;506;513;266;459;519;511;513;513;516;518;261;373;525;521;515;508;512;516;506;516;518;513;512;512;508;507;302;350;510;509;512;511;506;509;366;490;505;509;514;570;558;523;524;528;529;544;583
427;471;458;476;476;469;446;437;497;502;508;516;516;515;505;501;507;516;512;258;450;519;515;514;510;513;518;254;428;522;516;517;507;515;515;506;518;514;517;513;512;505;508;264;354;506;512;512;506;507;502;367;485;509;511;514;551;521;535;536;542;533;551;573
423;466;445;474;466;456;458;455;493;507;510;505;513;511;504;506;506;508;521;303;469;518;514;510;508;515;517;260;341;526;517;517;513;511;515;507;521;513;509;509;510;507;501;277;357;515;510;513;514;508;509;370;493;508;507;515;576;520;523;534;529;526;538;559
424;469;455;465;467;449;451;441;499;501;506;524;519;507;504;509;505;510;516;253;460;518;510;518;510;514;520;261;429;520;518;517;514;519;516;497;517;507;519;513;510;511;505;297;355;511;512;515;515;511;506;424;485;508;514;512;551;542;523;527;547;532;546;561
424;453;450;466;472;448;455;445;497;502;509;514;513;511;508;507;507;514;519;263;410;514;514;514;513;516;521;264;354;526;518;521;513;510;514;517;515;512;514;513;513;510;497;302;354;508;512;512;517;516;511;393;488;505;515;509;554;529;530;534;525;531;592;713
423;465;456;469;471;464;455;454;501;498;506;518;517;510;506;509;508;504;517;266;459;512;512;516;505;510;518;260;429;525;512;518;505;516;513;515;512;515;514;511;508;508;503;299;356;507;509;511;511;508;511;371;484;512;509;512;549;530;535;521;528;532;539;614
414;454;454;460;486;441;456;447;498;503;513;518;513;504;503;504;507;513;515;302;445;513;515;514;502;516;517;262;352;522;517;518;508;507;509;511;514;513;517;512;506;512;502;273;387;510;507;515;506;513;498;427;487;518;511;513;549;536;528;524;547;527;534;593
418;459;438;474;480;455;443;446;492;502;509;514;520;507;502;505;509;511;511;255;461;512;513;514;506;514;523;265;425;516;521;519;510;508;513;507;514;509;513;512;511;510;507;262;386;514;506;511;512;510;510;363;483;512;508;515;549;530;537;532;527;529;542;707
430;452;473;465;486;446;445;450;497;508;509;520;511;509;501;509;507;511;518;264;456;513;515;512;510;516;520;260;404;519;514;516;509;516;511;506;520;516;514;515;508;511;508;302;351;512;509;514;507;510;506;362;484;508;510;516;587;536;520;521;529;536;532;575
431;462;459;456;483;443;445;446;494;503;511;515;520;507;502;507;508;508;517;306;458;511;517;512;509;513;520;263;429;520;513;519;505;510;516;499;513;512;518;516;511;508;503;307;350;512;509;512;514;515;504;417;485;511;506;516;547;532;527;520;529;530;545;572
427;455;465;465;484;452;440;450;500;498;511;530;501;508;505;505;507;512;521;260;456;512;515;510;507;517;515;273;427;520;517;517;515;518;511;505;513;511;513;509;508;509;501;273;365;507;515;519;513;503;505;422;484;515;512;509;549;530;526;531;526;530;579;582
426;453;457;466;471;466;447;449;502;499;514;511;506;504;502;507;506;511;520;260;452;513;511;509;509;517;521;289;432;520;515;520;511;514;520;510;521;510;512;515;513;508;509;301;352;511;505;514;513;507;508;429;482;509;512;512;572;534;538;540;531;535;555;584
426;453;463;494;487;449;452;454;495;506;508;513;515;509;507;501;510;505;512;279;469;517;507;512;511;513;518;269;416;520;518;523;506;514;512;507;513;516;519;514;503;508;502;304;354;507;513;512;513;509;506;426;480;507;506;513;668;540;524;537;550;552;548;737
422;462;461;483;490;451;457;423;499;502;506;515;513;508;502;502;508;509;521;303;378;512;512;508;511;517;520;262;429;518;514;520;514;512;511;503;516;518;515;515;507;509;505;306;347;510;510;509;511;510;505;371;489;508;509;512;558;529;528;536;525;528;549;603
437;463;461;473;496;455;445;461;505;499;510;521;521;508;501;505;506;511;517;264;463;515;513;515;511;516;520;268;370;522;515;518;508;510;515;522;516;511;514;511;514;516;500;272;358;508;506;513;508;509;504;367;482;515;506;514;570;535;548;536;539;531;546;583
429;467;456;474;478;454;441;435;498;504;504;513;517;510;501;509;505;509;519;252;458;518;513;517;510;514;524;297;372;519;515;519;509;512;519;515;510;512;508;512;508;510;500;267;381;510;507;507;514;513;512;428;490;508;504;518;547;548;545;524;545;527;575;581
419;457;459;484;469;458;447;445;504;501;509;516;527;506;499;503;506;507;518;270;472;516;516;512;510;516;519;291;420;521;514;519;508;515;517;515;519;517;520;513;515;507;501;264;356;511;510;512;504;510;505;357;479;512;508;515;541;530;524;524;541;536;553;604
413;459;450;464;476;452;446;438;499;501;509;509;513;506;508;508;505;508;521;266;466;513;514;512;506;515;526;255;386;524;516;517;513;512;512;493;514;510;515;515;509;511;505;274;346;509;512;513;509;506;506;431;483;511;512;511;569;531;522;533;527;532;532;549
433;461;461;469;485;459;443;452;495;498;506;516;515;509;504;506;505;508;515;272;461;512;512;515;510;513;522;261;369;525;516;521;509;509;513;504;523;508;515;511;509;510;506;263;352;512;515;509;512;508;505;367;482;510;510;512;551;534;525;533;531;538;537;728
419;453;473;457;496;459;436;455;495;502;511;524;509;507;506;510;498;513;519;257;467;513;516;511;510;519;516;294;406;523;517;516;510;515;516;509;513;508;516;513;508;511;505;264;354;502;511;514;515;510;510;375;480;510;507;512;551;529;555;533;533;534;570;588
420;470;453;461;489;455;446;443;494;501;506;513;516;501;511;507;507;510;519;264;397;514;514;513;511;514;519;270;356;517;520;508;510;513;516;505;519;511;513;513;510;508;508;264;363;511;510;510;517;505;509;365;484;509;511;510;570;530;538;535;542;537;570;589
428;464;450;485;482;461;444;454;497;504;509;527;514;508;506;504;508;510;516;307;451;514;518;515;508;511;523;261;426;521;516;521;511;511;515;506;516;510;513;506;506;509;506;305;393;509;512;514;516;514;511;430;490;507;511;509;554;541;519;540;530;529;547;578
422;469;457;456;466;456;448;452;498;502;506;526;520;510;508;508;508;510;524;255;468;513;515;510;511;514;519;266;425;521;520;516;504;511;512;513;512;510;512;517;510;509;503;304;350;510;506;511;508;506;509;429;484;505;515;508;557;551;530;531;535;524;543;587
426;462;463;477;484;452;446;436;498;503;506;519;507;507;507;511;505;507;516;252;455;516;514;515;507;513;518;267;351;522;516;515;511;512;512;513;512;510;517;516;517;504;508;305;356;507;514;511;508;510;507;422;483;510;514;512;564;556;521;520;534;540;538;599
421;458;462;492;476;447;449;447;496;498;507;518;513;505;503;504;506;505;520;262;393;514;508;512;512;513;526;251;425;525;512;521;511;514;512;512;506;513;515;509;512;513;500;308;356;508;514;509;518;512;509;395;486;512;510;512;544;538;542;516;524;533;555;559
413;464;452;462;504;461;447;435;495;504;507;519;513;507;506;508;506;508;514;265;415;517;515;514;507;512;522;264;336;518;518;517;517;508;517;502;522;509;514;514;509;511;507;259;348;507;508;512;508;504;503;427;483;506;514;508;545;528;525;536;534;531;544;563
419;458;469;472;471;459;451;439;496;503;511;521;527;505;503;509;509;509;516;258;463;515;517;515;509;515;524;265;342;521;513;521;511;509;513;505;516;518;513;512;509;508;495;260;349;513;510;509;518;508;509;430;484;516;510;515;558;536;521;523;533;532;530;608
424;465;455;472;460;454;448;426;500;500;504;521;518;508;507;509;508;511;513;265;454;516;512;513;501;513;521;264;377;521;517;518;509;509;514;500;517;511;512;510;512;507;506;299;349;509;504;515;511;513;505;366;484;505;514;513;554;553;524;523;528;527;526;587
430;465;468;460;482;444;447;455;501;501;510;521;519;514;503;504;503;511;515;264;471;517;511;515;507;516;521;265;383;516;516;517;515;508;513;509;518;513;513;517;509;506;507;260;395;508;512;520;517;514;514;431;486;507;508;515;558;544;524;531;530;528;551;714
430;476;452;494;476;466;441;432;493;505;511;518;509;506;506;508;509;508;517;265;458;520;514;513;511;518;521;264;426;519;513;515;508;512;512;495;519;513;513;514;511;513;511;311;343;514;506;509;508;517;504;428;490;508;509;511;575;547;526;524;530;537;543;577
422;457;456;468;488;456;440;456;494;499;501;531;513;506;507;509;510;508;519;268;467;518;512;513;512;518;523;272;350;522;515;515;511;514;521;507;523;512;515;515;508;510;497;273;349;510;511;511;510;509;506;395;486;512;510;513;547;543;519;523;539;532;535;608
419;455;452;458;484;447;452;448;497;504;504;516;517;510;502;505;511;511;519;255;448;517;514;515;511;513;520;263;428;519;517;514;511;512;510;504;518;514;512;512;512;510;504;272;386;511;510;506;514;514;507;428;489;509;508;514;561;529;541;521;526;533;540;717
430;458;478;465;494;453;445;446;499;502;506;518;522;503;504;505;507;514;513;310;455;516;512;512;511;512;525;266;387;518;510;515;509;513;516;503;517;515;517;515;513;506;498;269;389;509;511;512;513;510;513;440;485;503;510;513;556;526;542;521;555;550;547;565
426;464;471;473;475;450;457;450;496;502;506;514;510;506;503;506;506;506;514;258;465;514;514;510;508;518;516;265;378;522;522;522;515;513;514;517;508;512;507;513;505;511;506;303;392;514;510;511;517;510;506;373;485;505;512;509;611;529;525;520;531;536;551;599
412;468;453;474;482;446;446;442;500;500;504;518;504;503;503;514;504;505;516;272;460;514;512;512;505;514;520;259;373;523;518;513;512;519;518;509;511;512;515;512;515;505;498;270;391;513;507;511;517;506;506;368;486;510;505;511;548;539;520;527;530;528;539;544
427;470;458;473;480;453;454;456;493;500;509;515;522;504;506;507;504;507;519;255;457;513;511;515;512;513;517;253;363;519;514;515;512;512;515;504;519;514;512;515;515;511;501;298;343;514;510;509;517;515;509;422;485;505;511;513;550;551;543;522;530;550;580;736
414;449;465;451;486;453;457;443;494;503;506;504;507;508;503;504;510;508;521;251;457;521;511;507;504;510;529;314;374;519;513;513;504;516;514;497;520;514;510;516;516;516;500;271;389;512;510;512;515;518;510;370;485;506;508;517;522;537;527;522;533;526;549;594
424;454;461;476;489;451;447;450;497;499;507;506;513;510;506;507;509;511;517;261;464;517;507;514;512;514;521;264;375;519;516;517;509;518;515;504;514;513;511;511;508;510;503;304;383;510;508;515;513;506;512;370;490;515;508;515;577;523;546;537;533;552;531;745
416;451;456;470;479;453;451;451;501;501;509;504;517;508;506;507;508;510;519;254;463;511;511;511;508;514;520;265;424;519;513;517;510;516;511;508;517;514;517;507;514;517;504;306;354;504;509;514;517;509;514;424;478;516;508;516;553;554;527;525;528;536;536;576
429;465;461;455;487;449;434;444;499;500;507;515;517;507;511;506;508;507;516;252;424;515;514;509;512;517;524;251;347;519;513;514;510;511;511;516;516;510;519;513;509;510;511;270;392;510;513;508;514;507;507;366;482;510;514;514;576;529;524;520;550;536;577;555
426;456;460;465;470;453;453;447;501;502;518;513;519;508;502;506;505;507;510;264;393;512;513;515;511;515;517;266;430;523;514;519;511;511;516;513;522;516;515;514;508;506;508;257;390;506;507;507;509;515;506;374;487;509;515;514;541;527;524;531;533;532;580;578
433;453;465;471;476;454;443;450;498;500;508;514;523;510;504;503;508;511;517;287;452;518;513;513;508;516;522;268;412;517;518;519;508;513;514;502;519;510;515;509;510;515;502;303;362;509;507;515;509;508;507;367;487;509;511;509;531;554;527;519;545;530;543;720
421;467;453;474;490;453;442;427;490;504;502;513;519;510;505;505;507;509;516;260;419;512;517;516;505;517;522;265;348;522;514;515;511;513;513;509;518;515;513;515;508;509;503;273;346;510;508;509;518;513;509;421;483;509;512;513;574;533;523;523;522;548;526;715
426;458;446;465;478;454;449;443;499;501;508;506;509;508;507;510;505;507;518;266;464;513;511;514;509;513;520;266;355;519;513;520;512;509;521;509;516;512;512;518;511;509;506;262;351;511;509;509;507;517;513;434;485;505;514;511;574;537;523;531;526;533;548;553
429;460;455;478;478;451;450;454;500;503;515;513;514;510;507;500;505;510;517;258;451;510;515;516;511;506;523;294;374;521;508;517;510;513;514;507;514;506;511;509;513;510;502;305;352;510;510;516;510;512;507;423;478;510;509;509;571;555;525;519;526;551;522;574
426;454;452;461;481;452;439;447;495;500;504;521;513;504;505;507;504;507;520;303;455;511;511;514;505;517;517;265;365;525;513;517;510;517;514;511;518;513;512;516;508;506;503;304;347;512;507;515;517;509;512;367;488;509;512;515;574;527;527;538;561;532;569;730
418;468;461;465;477;465;446;435;496;502;510;515;521;511;506;505;503;510;519;304;512;521;514;512;511;512;518;259;377;524;517;520;508;509;516;514;520;516;514;508;511;509;500;259;355;507;511;514;509;514;506;434;491;509;508;512;572;534;517;519;538;547;533;708
419;460;451;477;475;453;458;456;499;498;510;516;517;505;507;506;506;507;511;256;465;508;512;516;506;513;521;312;369;514;520;517;512;513;513;508;517;509;511;517;510;509;506;262;354;511;509;512;510;513;501;369;485;510;506;516;577;523;521;531;547;540;548;576
414;456;454;493;497;452;449;452;499;501;508;523;514;507;505;507;507;511;511;262;388;513;511;512;510;517;521;261;379;520;515;519;510;513;518;504;521;513;515;516;506;509;503;299;351;512;511;516;514;507;507;389;485;512;512;517;544;546;542;520;540;531;550;559
426;453;460;488;481;455;448;448;499;504;499;511;507;506;510;508;508;508;516;300;445;514;517;514;505;517;520;268;368;520;518;514;513;512;511;511;516;513;513;515;509;507;509;272;349;513;511;512;512;506;509;422;485;514;519;515;549;539;523;529;545;523;549;576
432;469;459;461;473;451;448;453;503;506;511;515;520;509;506;507;504;510;517;260;456;513;512;512;512;514;522;265;346;518;519;516;507;516;513;514;503;510;513;511;515;509;506;303;395;508;511;505;515;507;507;371;481;514;507;518;552;543;517;521;531;555;581;576
417;453;454;460;480;448;451;440;495;501;507;519;512;508;502;509;506;508;515;255;386;512;508;513;509;512;518;267;369;520;513;517;513;513;513;498;520;507;517;509;505;506;504;276;394;507;509;513;513;509;513;423;484;514;512;511;552;531;524;526;531;529;552;745
427;456;458;468;476;459;450;454;497;505;507;494;506;509;506;506;502;509;518;257;470;517;516;514;510;511;520;315;375;516;515;516;513;511;512;506;510;518;512;508;515;514;504;293;355;508;505;510;514;515;512;372;486;506;508;510;545;535;518;522;525;530;540;587
419;466;468;462;475;450;452;436;503;503;509;517;526;507;498;507;508;509;522;283;446;515;514;518;508;515;519;263;426;517;519;516;510;510;518;506;514;512;511;518;511;513;510;275;362;509;513;513;507;511;511;423;481;506;514;516;552;536;526;526;541;525;542;570
404;454;451;461;489;456;449;435;498;501;510;512;515;504;505;507;504;503;517;252;466;517;515;514;505;515;519;269;353;521;515;516;508;516;515;498;513;511;515;512;512;508;506;271;388;507;514;510;514;515;511;430;483;508;508;514;544;531;519;523;544;549;585;555
434;463;463;461;480;450;436;436;499;505;508;519;512;502;507;502;510;508;515;258;459;518;510;513;508;518;523;260;351;520;517;515;512;513;519;499;514;507;511;512;513;514;498;260;385;509;512;514;509;508;512;369;481;509;508;521;584;555;525;532;530;533;539;567
431;469;463;486;483;453;441;443;504;497;502;507;507;511;506;509;509;508;514;264;455;514;511;518;506;517;525;267;367;521;512;516;509;513;511;514;510;510;512;516;509;512;505;272;351;509;515;509;513;512;504;438;480;511;504;513;569;565;522;525;548;529;527;611
433;458;459;465;490;457;441;447;496;501;506;520;523;514;509;502;508;508;517;313;446;512;516;517;510;514;520;260;370;520;512;520;516;509;516;510;518;514;511;508;503;507;512;272;394;509;515;513;520;513;507;417;483;508;512;514;555;529;530;534;532;524;548;583
419;457;458;474;474;463;438;448;499;500;507;515;519;507;506;504;506;511;512;307;454;514;513;513;507;514;524;261;335;517;518;516;510;512;516;503;523;511;511;505;509;511;507;278;353;504;512;513;514;508;503;429;485;515;515;512;563;531;539;532;531;526;552;733
432;462;458;462;482;456;440;445;496;502;501;516;526;505;510;508;506;507;523;305;464;514;508;511;510;518;523;261;365;527;516;522;509;516;517;516;517;513;515;512;513;514;506;276;356;513;512;512;509;512;512;420;486;514;506;508;566;563;525;519;527;543;553;712
419;463;457;480;484;451;438;450;495;501;507;515;508;509;504;504;505;508;520;256;388;514;515;515;511;513;518;266;436;528;520;519;514;510;512;504;512;512;513;512;516;511;498;305;356;511;509;512;517;508;506;435;487;508;508;513;546;536;527;523;545;548;533;720
428;455;467;461;473;443;453;446;499;501;506;514;510;511;504;512;506;513;520;265;462;512;511;517;509;517;519;293;366;523;514;519;509;513;510;512;517;510;515;509;509;518;503;269;388;510;511;513;510;504;506;427;489;511;508;512;572;536;522;539;551;554;538;556
421;459;456;455;483;452;441;453;500;506;510;518;518;505;499;505;504;511;513;253;462;512;510;513;510;514;517;265;364;522;515;517;508;513;517;504;515;514;516;516;508;511;504;301;357;508;505;511;513;507;508;363;484;510;512;512;550;531;540;533;530;537;542;552
422;468;461;469;479;447;444;441;497;504;510;509;515;505;508;504;506;508;515;283;386;511;511;514;511;522;523;264;418;519;518;519;512;513;512;511;511;514;516;511;512;503;500;272;387;511;515;511;511;516;507;362;484;506;511;512;545;524;525;531;530;529;546;582
417;465;460;479;484;457;438;450;500;499;507;506;516;507;501;507;504;507;516;266;451;512;516;512;509;514;521;273;437;517;518;521;510;517;511;502;523;514;517;512;505;501;505;316;349;511;508;510;514;513;507;372;480;512;511;518;548;528;542;536;529;535;529;587
422;465;458;479;491;453;451;445;503;504;514;505;522;507;503;506;507;509;523;267;453;516;514;512;510;515;518;296;353;520;513;515;507;514;513;521;521;508;513;511;510;510;506;306;353;511;511;510;511;516;507;370;487;509;513;511;578;556;524;527;544;522;533;713
419;458;462;473;487;462;457;438;500;500;507;511;517;508;504;504;505;509;520;267;466;517;511;511;511;517;518;263;374;521;522;523;508;512;510;524;522;513;516;515;508;511;498;264;387;508;512;514;517;510;504;428;487;510;510;509;589;533;520;516;532;531;543;612
426;457;458;465;483;444;444;445;497;505;510;510;518;508;503;511;505;503;517;289;449;518;518;514;507;518;522;266;368;521;519;516;509;508;517;504;513;511;516;509;514;511;495;270;344;505;508;515;509;510;511;422;484;507;518;513;568;529;529;530;530;530;550;560
422;463;465;489;468;450;442;439;499;501;507;508;524;504;506;507;505;509;519;266;454;521;517;516;510;515;518;268;366;519;520;519;508;513;515;502;508;512;511;512;507;514;512;305;343;510;511;512;514;505;513;431;485;508;510;514;614;569;539;522;533;553;553;707
423;467;452;453;471;439;443;438;500;503;506;511;516;504;500;506;505;508;515;256;451;515;514;513;509;510;519;265;346;518;514;516;510;515;521;509;510;516;508;509;509;513;508;270;345;512;510;514;516;511;511;428;485;510;507;515;559;538;533;522;541;531;537;732
422;464;455;478;483;451;448;448;495;500;506;524;520;501;505;504;508;508;513;257;395;513;514;512;507;512;529;265;343;523;518;516;516;516;512;512;515;513;513;512;511;510;497;272;380;506;509;512;514;511;510;363;492;509;511;516;570;530;538;528;545;525;550;563
413;463;452;455;479;462;440;449;494;500;507;517;516;507;497;508;506;516;513;303;451;512;510;511;509;516;520;260;500;521;513;513;513;509;514;501;508;512;516;515;505;509;501;271;344;514;510;512;517;515;513;429;488;513;511;513;549;570;542;535;547;531;560;597
430;451;467;463;469;460;448;445;499;501;508;518;517;503;505;503;509;512;517;254;456;510;513;511;505;517;520;263;378;521;520;518;513;513;507;504;512;511;516;514;513;507;506;279;349;512;508;513;511;504;505;393;489;511;510;512;562;559;539;526;529;552;530;573
426;450;452;454;486;458;447;449;499;504;509;519;519;509;505;505;506;507;517;302;392;515;513;516;511;512;519;265;367;523;517;518;506;512;515;512;516;513;512;511;510;506;503;270;351;512;513;513;509;510;509;426;486;508;510;516;575;545;542;519;532;528;552;714
427;461;458;458;489;451;441;443;503;506;510;499;523;506;504;508;505;512;513;266;450;518;510;512;513;515;525;260;436;516;513;519;512;511;512;507;517;515;512;506;513;507;505;271;344;507;509;512;513;504;509;434;493;504;513;511;567;529;525;535;528;550;551;588
425;457;461;463;478;452;448;447;498;498;507;519;522;511;504;501;506;511;514;288;460;511;513;512;507;512;519;297;412;521;515;519;504;511;516;499;518;516;513;513;508;507;511;276;354;500;508;514;516;512;508;433;491;511;511;511;568;538;544;522;545;521;531;564
429;463;466;462;474;452;448;458;495;503;506;513;504;503;500;511;510;510;517;262;461;517;514;514;508;519;522;263;370;524;517;519;508;508;519;514;524;516;514;517;505;502;503;274;347;508;509;516;513;510;506;394;488;512;508;522;566;536;521;523;543;530;553;732
422;450;455;464;481;450;446;454;501;501;510;517;513;508;503;505;508;513;518;259;466;519;513;513;510;510;516;263;443;517;520;518;509;512;513;497;521;513;510;514;512;506;503;260;395;508;511;508;518;510;512;367;486;509;514;509;577;543;529;520;528;536;542;545
434;467;458;468;487;447;450;450;496;501;515;519;508;505;506;505;508;512;516;266;459;518;519;518;512;518;523;268;356;521;515;517;508;508;512;506;518;513;516;514;511;512;499;264;356;507;508;513;512;507;510;368;481;512;510;514;555;539;536;534;529;545;554;717
429;452;452;473;487;457;446;459;497;502;506;508;516;504;504;507;504;513;516;263;461;517;516;513;511;517;526;264;370;520;517;519;507;508;517;509;512;521;509;515;512;516;501;262;365;510;510;512;514;503;508;368;489;511;511;513;540;531;539;522;532;528;527;580
428;453;455;474;486;456;439;450;501;503;502;514;511;507;501;510;506;510;517;270;516;516;517;511;511;511;519;253;370;521;514;520;507;514;518;502;523;518;515;509;509;511;505;273;339;508;511;509;510;509;510;375;488;514;515;506;549;527;524;539;546;529;553;595
410;462;457;451;495;455;441;436;494;504;514;522;517;506;505;511;507;510;519;266;391;514;516;518;507;514;524;263;363;520;515;514;510;511;515;511;511;515;515;515;509;511;501;263;359;509;507;513;510;510;512;367;482;510;509;510;552;540;536;518;529;529;551;570
421;468;466;470;497;457;449;432;499;501;506;505;513;503;503;504;504;508;515;268;466;520;513;514;508;511;517;262;366;520;518;521;515;511;516;505;509;510;513;511;507;506;503;302;393;511;512;513;513;513;509;365;482;517;513;514;578;517;521;525;528;532;539;584
420;462;459;460;482;457;446;439;494;500;513;508;516;508;506;507;504;508;513;267;444;511;512;516;506;515;520;264;344;521;518;516;515;512;510;499;518;513;511;516;510;514;503;306;351;513;508;515;516;510;511;427;488;506;510;510;562;559;526;523;528;538;560;578
417;465;463;461;489;456;446;443;499;502;509;508;513;506;507;508;505;509;517;249;447;515;514;513;509;513;520;262;374;525;514;520;511;512;511;501;520;511;517;519;509;512;506;302;360;512;506;512;514;505;511;432;481;511;515;517;545;563;519;535;557;551;539;706
424;465;456;478;483;445;457;453;492;505;513;518;517;506;500;506;503;507;517;303;466;514;514;516;506;513;518;293;349;523;516;522;511;512;508;506;512;511;511;511;510;504;506;272;351;506;509;510;515;515;510;424;487;508;510;510;550;536;536;529;553;533;549;592
419;453;456;467;478;451;447;453;497;497;505;511;511;505;503;503;505;507;516;261;402;511;514;512;511;514;523;265;348;514;515;519;512;512;511;508;511;512;517;514;508;510;502;305;351;510;510;509;516;509;505;428;481;511;510;512;570;558;542;522;526;530;546;593
418;459;463;480;474;450;430;443;500;498;508;507;513;507;507;511;508;512;520;258;465;515;513;513;510;518;525;263;366;516;519;514;514;514;518;510;520;514;518;513;511;507;505;269;379;506;511;510;513;510;501;424;485;511;515;514;548;557;524;533;534;532;544;594
409;462;463;466;491;450;439;439;498;504;509;515;510;506;505;505;508;512;522;261;394;515;513;513;509;511;523;265;373;521;517;513;516;510;511;505;524;510;516;511;515;511;502;307;389;503;508;516;512;510;510;428;486;508;514;511;554;536;537;540;531;530;528;732
425;460;467;476;474;457;439;443;497;497;508;520;510;512;506;509;505;514;518;265;399;515;509;513;507;515;520;256;421;519;516;516;512;512;519;518;511;513;508;515;505;510;508;277;394;514;513;515;516;508;511;369;485;509;515;515;569;532;522;519;547;527;524;601
405;459;456;469;480;453;443;446;495;504;510;508;511;507;506;507;508;510;514;287;454;515;513;516;514;514;519;265;343;521;518;515;508;511;517;508;523;516;515;515;510;508;503;297;347;514;503;512;524;513;515;425;487;506;509;512;546;557;524;534;532;523;580;575
429;469;456;467;486;456;440;446;497;501;508;513;506;505;508;504;508;511;514;257;508;518;518;516;509;513;519;266;435;522;517;520;513;512;513;502;520;515;516;513;511;508;509;272;355;507;511;514;510;507;511;361;493;509;508;512;560;536;527;516;537;529;546;644
414;468;458;458;468;456;446;418;497;500;512;521;513;508;510;504;506;504;518;258;451;513;515;515;510;514;523;290;434;520;516;516;511;516;516;515;521;511;510;516;509;512;505;272;389;509;504;514;509;508;504;364;482;511;514;509;571;556;540;519;561;537;543;561
422;448;467;466;468;451;447;447;491;499;509;515;516;505;504;506;509;510;520;262;458;516;517;513;510;507;520;268;439;520;518;516;508;516;517;507;514;507;517;510;508;511;509;267;392;504;511;512;517;508;504;364;482;510;516;516;560;545;548;535;546;531;532;589
428;458;454;456;487;456;447;461;496;497;509;499;507;507;504;507;508;513;518;258;459;515;515;517;508;517;517;267;376;524;520;513;512;512;509;501;514;515;512;516;512;509;506;299;390;506;504;511;511;511;511;431;486;512;511;510;701;560;528;522;541;527;557;559
422;458;454;464;470;449;447;447;497;498;508;520;521;509;502;506;508;507;516;265;459;518;509;512;505;514;522;261;346;518;513;518;509;511;520;504;513;510;513;517;508;506;505;283;355;509;509;511;517;512;508;363;480;510;513;510;543;528;541;522;543;530;535;708
430;453;467;479;502;452;450;451;502;500;504;523;517;504;508;507;507;513;520;287;449;512;514;515;508;516;522;270;436;522;518;519;513;514;518;499;515;513;515;509;510;515;501;303;359;509;504;512;517;512;508;373;483;510;512;512;548;557;529;535;546;558;581;719
424;468;461;477;488;450;446;453;498;498;508;511;510;506;505;501;512;514;518;260;441;511;511;517;503;519;523;270;345;520;512;516;514;513;514;505;522;513;513;512;510;509;502;260;360;510;508;514;519;511;510;433;482;509;509;512;703;542;516;520;526;557;543;705
408;462;454;485;483;458;445;455;492;501;505;512;509;508;510;507;513;509;519;268;392;520;515;506;512;514;515;292;359;520;513;522;513;513;515;511;516;512;513;511;517;506;510;298;385;511;506;507;512;509;506;432;481;511;511;507;555;540;524;527;532;555;556;585
422;454;458;484;472;448;445;452;500;501;510;509;529;510;509;507;512;509;517;263;457;512;512;511;505;511;521;265;365;522;515;517;515;507;517;512;518;511;514;512;509;513;500;306;384;512;505;507;516;508;510;424;483;508;509;511;562;527;522;516;527;533;536;571
418;470;447;465;476;453;448;445;497;507;512;520;520;507;505;503;502;507;515;269;457;520;512;514;508;515;518;286;356;517;513;517;508;514;513;502;511;517;517;510;516;510;501;275;359;509;503;512;512;510;508;367;484;512;512;512;555;532;529;522;548;536;540;553
424;448;459;485;488;449;453;439;497;501;506;522;522;505;506;511;509;507;517;304;463;516;512;512;514;515;523;264;357;518;512;517;510;516;518;506;515;514;514;512;510;507;505;248;354;510;511;513;515;515;503;422;484;512;509;513;554;534;522;529;529;528;546;575
416;464;462;445;490;448;447;457;496;502;509;502;519;506;499;503;508;509;516;285;449;515;511;514;508;513;521;263;432;522;517;517;511;510;516;514;515;512;513;517;515;506;512;272;355;509;508;514;516;505;513;372;487;507;512;513;574;562;523;532;530;554;557;562
419;451;452;455;483;462;457;452;494;500;509;517;515;510;503;507;509;510;516;262;452;519;512;515;507;516;522;290;371;526;519;516;510;512;513;507;515;513;515;515;508;509;499;272;352;508;513;514;519;507;511;426;485;510;511;510;556;523;519;532;540;525;534;659
425;458;456;460;462;458;450;454;496;502;503;518;511;506;505;504;507;513;518;256;386;518;515;516;508;514;524;264;356;525;516;518;515;511;516;513;519;515;514;515;517;515;506;297;394;509;512;513;512;509;509;430;486;505;514;513;543;534;536;522;536;558;562;723
425;465;459;474;497;451;445;454;500;504;511;508;517;506;508;509;510;513;515;255;392;513;513;515;502;508;527;265;356;522;512;522;511;508;514;506;516;508;516;503;513;512;508;296;397;509;514;513;511;506;509;429;483;504;516;513;554;539;527;537;528;530;557;592
423;453;474;461;477;450;445;440;499;506;506;524;509;508;502;504;504;511;516;255;455;517;514;514;508;519;519;265;364;521;518;516;508;516;519;501;515;520;513;510;511;512;501;307;389;510;516;514;514;511;513;434;489;511;510;515;566;519;524;523;533;554;551;601
425;454;453;463;487;451;451;437;494;507;508;522;508;505;506;504;507;507;522;265;462;516;509;514;512;519;524;265;367;521;512;511;512;508;513;500;519;514;513;515;518;510;503;299;389;510;511;512;511;515;513;426;482;516;513;516;544;534;541;534;523;532;542;591
420;452;455;478;466;450;447;440;496;497;504;525;514;508;508;507;506;512;512;252;388;515;511;516;507;512;524;266;425;523;520;517;514;509;517;516;509;509;515;511;508;513;509;272;392;511;514;514;508;508;508;486;479;511;511;514;560;555;526;536;513;529;542;584
418;465;464;473;465;452;449;449;494;504;506;512;511;507;503;501;508;508;511;257;386;514;511;514;509;517;522;261;420;522;516;514;511;512;512;508;515;508;517;514;507;518;502;305;361;511;507;509;513;507;506;364;480;513;508;512;556;530;520;532;531;533;529;640
429;460;447;476;474;458;436;435;495;505;510;489;514;506;505;506;508;509;515;265;444;518;515;512;506;514;521;292;443;524;513;514;509;512;516;513;518;516;509;517;512;510;504;294;358;509;515;506;512;512;505;394;487;511;509;516;552;532;543;534;533;556;551;598
422;456;458;481;489;454;452;447;499;503;507;506;508;509;506;508;506;511;516;271;473;516;512;511;511;516;523;261;411;524;508;520;512;508;515;512;512;513;515;515;507;508;496;268;350;513;505;508;511;509;508;427;489;510;508;516;552;543;524;522;529;533;553;595
434;459;453;481;482;449;445;451;500;497;509;521;512;505;505;511;507;510;515;263;458;514;519;513;509;519;519;258;367;519;515;517;513;512;514;514;520;512;513;510;510;512;513;296;385;509;513;512;511;511;503;419;485;506;507;514;553;536;530;539;550;530;587;573
431;465;461;478;491;463;446;452;501;503;510;506;507;507;506;508;504;506;515;259;454;512;519;513;508;517;526;261;359;522;514;520;507;510;515;500;510;513;513;515;505;509;503;259;386;510;510;507;512;510;516;368;488;517;511;512;551;544;543;516;548;526;538;606
431;456;457;476;476;454;447;452;498;504;509;518;504;505;508;506;508;511;516;263;471;511;508;517;506;517;521;266;371;523;514;515;511;510;519;509;508;516;506;515;510;512;502;272;351;506;511;516;512;509;509;365;494;506;514;513;549;531;526;527;531;534;544;554
422;467;459;476;476;442;444;458;494;503;516;524;520;503;500;505;508;509;514;260;454;517;516;512;513;512;521;268;367;517;517;520;510;513;519;510;515;510;515;511;518;510;503;299;393;512;506;514;509;507;505;420;485;513;511;517;545;527;525;521;529;537;544;544
433;461;455;483;484;448;441;447;499;500;512;523;517;505;505;509;505;510;512;253;453;515;510;515;511;518;524;266;369;517;516;517;508;513;516;503;504;512;515;509;512;509;508;271;395;510;509;512;514;507;510;426;478;509;509;518;581;520;547;537;515;536;555;579
428;454;457;477;483;456;441;442;498;502;501;516;515;506;503;510;510;511;517;284;465;516;515;516;507;517;523;265;344;521;515;513;509;513;514;517;512;513;521;515;509;513;511;300;352;513;509;509;514;507;507;364;488;512;513;514;552;538;522;533;549;530;545;548
428;451;456;464;477;446;446;456;495;499;508;515;521;504;505;509;502;511;515;256;464;515;512;512;510;511;517;268;357;519;511;520;512;512;512;517;517;514;518;519;506;509;503;276;350;508;508;511;509;516;508;424;481;513;511;509;561;530;520;524;532;552;546;584
415;454;464;465;481;447;446;444;496;497;506;518;517;510;503;509;509;508;515;302;472;515;513;514;511;516;521;270;345;521;520;513;509;513;517;500;514;511;513;511;512;506;508;298;387;510;505;514;509;511;508;369;486;508;510;515;565;514;525;530;527;528;532;580
410;454;454;475;459;455;437;452;498;502;507;534;512;510;506;509;506;509;515;283;392;523;508;513;505;505;520;264;365;521;515;517;509;511;518;515;516;515;512;519;514;516;499;271;361;510;510;509;506;513;511;435;483;507;512;516;578;563;529;540;527;532;541;654
430;454;453;481;483;452;450;441;496;504;511;522;508;509;504;506;505;511;516;255;465;519;515;512;513;518;517;292;424;521;512;517;508;510;514;521;517;506;515;510;513;507;509;302;398;510;509;510;514;512;509;369;483;509;507;511;555;534;532;537;531;535;548;743
419;460;457;491;471;454;441;454;494;504;506;519;512;506;502;512;508;512;518;254;451;523;513;512;510;512;518;265;343;519;514;516;508;514;516;509;509;515;518;515;515;511;502;271;387;512;509;509;513;513;508;362;490;515;510;517;561;532;518;529;527;553;538;559
422;451;456;462;485;459;457;438;498;506;512;518;518;506;499;505;506;511;514;268;456;516;512;513;508;518;522;262;342;520;516;522;511;510;515;503;514;517;513;511;516;506;509;298;394;511;512;508;508;512;514;367;485;514;507;513;567;560;522;520;547;529;539;715
427;450;460;467;481;454;453;456;496;505;510;499;514;509;506;504;505;510;507;311;452;513;512;513;507;513;519;265;361;512;519;517;509;512;516;513;520;514;520;512;507;505;503;273;351;510;510;509;511;505;510;438;485;515;515;514;570;534;527;521;538;530;555;578
424;457;455;468;474;452;448;443;499;503;505;518;505;504;506;508;509;509;516;265;387;515;514;513;510;515;519;267;359;519;520;518;509;509;512;506;523;511;513;511;508;511;506;297;392;509;508;512;515;513;509;424;490;508;512;511;700;540;539;525;525;527;551;577
428;461;459;476;487;447;447;443;496;504;506;531;516;502;508;505;506;507;518;267;459;514;515;515;506;518;523;264;371;521;518;515;515;510;508;509;511;515;514;513;504;508;502;272;362;512;512;509;513;516;510;366;488;508;510;513;558;548;529;529;543;527;552;577
430;461;456;483;484;461;445;452;493;503;506;519;511;510;505;508;501;509;513;263;451;512;516;513;509;518;517;270;364;522;515;517;511;518;514;507;510;513;519;514;514;508;502;304;339;511;508;508;511;508;509;416;488;510;514;514;568;564;525;534;541;531;551;710
428;462;457;480;489;456;442;456;504;504;509;490;520;516;508;507;503;508;519;306;471;512;514;511;509;519;518;263;352;522;514;521;516;509;516;507;516;510;516;507;511;503;503;276;365;507;513;516;513;509;508;423;484;508;512;515;569;529;528;533;542;531;547;732
425;459;457;458;484;449;445;436;497;501;506;494;515;502;498;509;506;514;522;301;451;516;514;514;507;516;521;268;365;522;509;520;515;515;514;499;513;510;509;513;507;511;508;300;395;508;504;516;510;508;510;375;485;513;506;517;567;531;523;531;543;529;545;591
433;453;445;468;470;462;445;459;502;499;508;515;513;506;507;507;507;511;520;266;380;518;515;514;509;518;521;263;368;515;519;516;512;517;513;511;516;509;511;506;508;509;502;271;392;514;504;517;513;509;516;489;492;509;504;511;625;564;540;530;544;553;565;624
435;454;465;478;480;462;445;460;498;500;509;496;520;506;502;507;505;507;523;272;387;517;517;512;504;514;520;269;353;518;514;515;505;511;515;506;521;508;512;510;508;500;504;304;356;509;515;514;507;504;512;440;488;512;507;513;559;539;531;533;547;562;535;594
438;462;472;471;461;448;444;458;496;499;510;507;506;505;499;509;508;509;512;267;458;516;509;513;511;517;522;267;370;519;516;521;511;504;510;500;510;509;518;510;510;516;511;300;354;506;506;509;514;501;507;368;477;509;509;509;613;553;541;534;536;517;523;723
425;447;453;475;476;453;453;425;493;501;503;511;515;502;501;503;510;510;517;306;453;513;515;516;508;506;519;261;352;520;513;518;512;511;517;506;517;508;516;515;509;507;501;272;358;509;501;517;514;514;507;429;484;513;512;514;571;537;519;534;545;532;548;728
427;463;461;454;469;451;439;443;492;504;509;518;513;507;508;508;505;507;514;259;448;518;512;519;510;512;521;262;372;524;517;518;506;516;514;518;517;512;517;516;506;510;501;265;392;511;510;510;515;507;508;367;490;509;512;514;552;544;543;535;533;525;541;575
419;461;459;460;468;462;445;449;496;503;510;515;520;507;508;504;504;512;522;266;387;514;510;517;509;515;524;289;340;521;519;514;512;512;511;504;514;511;516;516;507;517;499;261;352;512;506;510;513;511;506;421;484;506;511;516;568;535;530;522;531;532;521;561
417;456;475;477;496;467;449;459;499;501;502;521;506;507;503;510;509;510;519;257;465;515;510;512;509;511;526;265;367;522;519;518;510;509;518;515;519;510;512;507;511;511;505;273;362;511;511;516;512;512;508;363;486;509;508;515;582;547;541;534;544;524;528;585
430;461;453;489;469;456;448;423;496;503;507;520;518;506;504;510;509;506;515;304;398;513;514;515;509;516;520;266;380;521;518;519;507;514;511;510;516;516;511;516;513;517;502;268;378;501;504;512;513;512;509;368;486;510;509;512;575;534;521;516;545;531;544;572
435;454;463;462;472;456;444;445;497;502;507;509;516;505;503;508;512;504;516;261;471;518;511;517;511;512;519;263;380;521;514;516;510;510;511;504;517;508;511;509;512;513;508;271;349;508;507;516;516;514;510;425;490;508;512;511;550;562;545;533;542;555;581;594
414;464;490;464;488;447;442;451;499;504;504;511;516;508;502;506;508;510;512;266;453;515;513;512;509;518;518;261;356;521;514;515;512;508;513;520;520;511;514;513;501;506;502;270;353;512;513;512;514;510;509;372;477;507;505;510;564;546;540;509;543;531;587;580
424;473;461;459;475;450;449;435;498;505;506;506;515;509;500;509;504;510;514;279;415;514;511;512;504;518;520;297;359;519;521;520;504;509;511;497;516;517;509;514;510;517;507;273;386;510;507;512;512;508;502;361;481;509;511;515;544;539;544;514;536;530;526;632
434;456;462;483;469;449;442;454;500;500;509;502;514;507;503;503;505;511;522;253;467;513;511;513;508;519;516;259;351;520;515;516;509;513;514;516;510;510;516;515;513;506;504;260;360;506;506;512;512;511;510;431;487;509;514;509;567;539;525;532;544;531;548;700
426;459;461;476;475;448;437;449;501;503;507;521;515;502;501;506;507;512;521;269;452;515;513;509;512;514;519;270;432;525;513;520;512;520;519;525;507;508;517;510;512;508;505;303;346;506;507;511;516;509;506;371;480;512;513;509;563;522;525;531;532;536;550;727