427;466;452;448;451;461;448;448;502;507;508;521;518;511;508;510;515;513;523;499;511;518;522;511;513;515;524;490;504;528;518;520;513;519;519;489;495;520;519;519;517;515;512;483;500;517;517;518;518;516;516;512;517;513;515;515;572;529;523;523;540;556;559;547
429;468;460;450;458;454;452;443;499;501;506;520;514;512;504;511;508;516;515;491;508;518;517;516;511;520;519;484;479;528;518;521;516;517;514;479;493;514;516;519;508;508;514;480;488;512;520;516;511;516;508;514;515;514;516;516;562;535;546;527;538;532;552;561
428;461;456;454;463;462;453;430;499;506;508;519;513;506;505;507;509;515;514;492;513;522;515;519;512;515;520;483;486;522;519;523;515;513;513;476;492;521;516;521;514;510;510;480;491;517;511;515;515;510;520;512;513;508;515;513;562;554;527;528;548;540;546;736
429;461;460;449;458;452;450;462;500;503;506;523;522;510;514;514;512;510;521;489;513;519;516;515;513;519;518;484;488;523;516;517;516;517;514;477;492;515;519;511;517;511;518;482;490;516;510;517;520;513;512;511;510;515;514;514;574;563;528;528;539;531;563;670
434;463;455;447;463;465;446;445;502;508;506;518;514;510;510;508;508;514;519;496;516;517;516;516;515;519;520;483;492;523;516;523;516;514;513;478;494;514;519;510;515;518;509;487;493;514;513;516;522;517;512;507;516;512;514;519;552;541;524;523;547;532;563;746
426;458;460;445;471;455;451;437;500;506;505;517;510;515;506;509;509;514;511;500;520;519;519;515;514;518;523;485;482;520;523;517;516;513;517;482;485;514;516;515;516;512;509;485;493;515;516;512;516;518;511;510;510;521;519;511;567;527;527;524;533;533;569;753
424;465;460;454;472;457;446;447;498;505;506;511;513;509;507;509;511;511;520;493;511;518;514;520;513;519;517;472;482;519;517;520;515;515;518;479;489;520;514;515;519;518;517;479;490;515;505;513;514;512;512;512;513;509;516;517;567;527;531;526;552;540;531;743
434;460;449;462;468;453;441;462;497;504;507;518;516;512;509;508;511;511;513;484;505;515;514;517;506;519;521;483;486;518;523;516;515;516;516;478;488;517;515;514;516;516;505;487;482;516;512;512;516;507;512;512;512;514;515;517;547;530;524;521;523;527;557;559
426;461;454;452;459;456;450;444;498;512;506;514;508;508;510;507;507;512;510;487;508;515;515;513;513;514;523;490;492;518;520;522;513;515;517;485;495;517;516;516;514;510;512;483;485;513;508;518;520;515;511;510;508;512;507;514;560;531;529;543;534;530;546;588
433;466;449;449;462;461;455;441;492;501;507;520;513;507;507;512;511;512;512;488;514;518;516;518;510;516;518;483;492;525;513;517;513;518;513;482;489;515;516;520;512;512;509;483;493;512;514;516;519;511;510;509;510;510;515;514;548;539;530;538;546;549;543;565
426;469;454;431;469;460;448;441;505;501;509;523;512;510;510;513;507;510;509;497;512;518;519;515;511;522;523;477;489;523;520;517;518;518;516;475;494;518;518;517;514;511;508;482;495;515;516;512;514;513;511;514;512;511;512;513;558;542;527;526;543;531;534;569
440;467;456;457;470;461;456;453;501;509;510;520;510;507;510;504;509;515;516;493;505;516;512;514;511;519;518;483;483;521;520;523;510;513;515;478;500;516;520;518;515;511;515;479;494;517;512;515;506;513;512;516;509;512;515;518;563;541;548;520;527;542;575;541
420;474;456;450;465;461;443;439;500;502;506;516;513;509;504;509;512;514;517;494;515;518;514;514;513;516;521;481;491;523;521;524;508;513;513;475;487;515;515;521;514;513;513;483;491;513;511;517;512;509;514;513;512;512;515;518;566;546;536;524;534;529;550;577
426;459;450;449;462;454;450;449;500;502;511;510;515;507;508;508;507;516;520;494;506;517;516;519;514;518;526;484;492;521;517;524;517;514;510;481;497;517;519;519;523;507;508;485;494;509;517;514;517;513;515;510;514;513;515;516;557;543;531;517;552;527;559;655
437;463;456;451;461;468;440;456;503;504;504;525;509;510;505;510;514;510;521;490;510;516;516;517;512;512;520;485;483;523;519;523;511;510;516;478;492;518;519;511;513;514;509;491;492;515;515;510;514;514;506;512;510;514;511;515;549;542;522;536;529;532;539;744
431;460;459;455;452;449;440;442;500;500;501;506;509;508;510;509;507;511;514;492;499;519;517;514;513;519;522;473;490;521;518;518;514;515;517;483;496;516;517;515;517;510;510;483;492;513;513;515;514;518;512;514;517;517;518;513;553;560;528;522;531;536;539;589
429;468;457;456;457;453;444;451;498;503;505;517;513;509;510;509;509;509;518;491;511;515;517;516;516;518;524;487;485;520;520;523;514;515;514;480;487;514;515;512;515;513;512;482;487;512;513;515;516;514;513;513;514;509;511;514;565;529;523;526;549;526;536;580
429;461;459;434;465;457;445;459;499;502;506;510;511;505;512;510;509;511;517;486;513;517;515;512;512;519;520;480;490;524;520;523;513;517;516;481;496;514;516;513;513;512;514;473;486;516;515;514;512;512;512;515;510;514;512;515;561;539;522;522;530;529;528;576
432;458;459;452;465;462;447;444;502;505;504;516;515;505;509;510;509;508;517;483;515;515;516;516;509;525;516;477;485;521;521;519;513;514;520;482;494;518;517;519;512;516;514;485;490;512;518;514;515;511;510;514;520;512;518;519;559;539;543;523;532;537;539;548
429;469;466;459;471;453;454;448;500;506;506;516;519;516;509;504;511;511;519;498;509;518;515;513;512;517;523;483;491;515;522;522;508;513;517;480;494;515;515;519;521;509;513;485;488;513;518;520;514;512;511;513;513;511;513;516;567;561;544;538;540;554;578;743
426;455;456;451;460;454;446;458;496;506;511;518;514;508;507;512;508;511;515;489;512;519;518;516;511;520;519;487;493;517;515;524;518;516;519;476;494;516;514;517;515;513;509;484;488;515;513;513;515;519;512;508;514;513;511;516;562;544;529;522;559;535;546;581
429;470;456;462;465;459;455;448;498;507;501;518;513;506;504;506;514;515;513;491;510;515;515;517;507;518;517;489;487;519;521;512;515;520;513;481;483;514;517;512;518;517;515;491;486;514;512;517;519;508;514;513;512;513;513;514;565;533;524;539;527;525;554;597
428;469;457;456;463;460;443;451;507;508;506;514;515;507;504;508;508;507;508;495;514;517;518;516;515;519;523;471;493;521;521;518;513;514;517;482;500;514;517;512;510;510;511;482;491;510;508;515;515;514;508;515;510;514;512;514;553;536;540;536;529;536;552;745
429;472;459;449;469;455;448;453;501;507;503;514;515;509;514;510;511;510;515;493;515;515;517;515;515;520;517;474;501;525;521;518;516;515;514;480;489;518;516;516;508;509;512;488;489;513;515;515;517;512;515;514;509;520;515;517;573;529;531;530;525;533;551;739
436;467;461;449;470;456;455;454;499;502;508;526;506;513;510;504;506;514;515;486;513;514;516;515;510;516;523;470;503;521;518;522;515;519;515;480;493;517;516;514;511;507;510;486;487;513;513;515;512;511;516;515;510;515;511;516;561;544;524;536;532;533;589;600
428;471;454;440;480;456;447;449;497;500;508;512;517;511;510;506;508;513;517;501;500;515;518;517;516;513;522;470;492;520;518;519;514;515;514;475;496;518;518;514;516;513;520;483;493;517;511;512;516;512;516;511;507;511;513;511;608;540;549;533;556;526;548;592
423;471;455;451;456;469;460;456;499;498;504;510;512;514;505;505;507;513;517;495;516;518;517;518;510;517;519;463;493;524;514;522;510;519;513;483;498;512;517;512;516;516;508;486;501;512;512;514;518;513;514;514;516;510;512;520;556;542;524;541;547;526;579;572
434;465;465;447;457;453;444;465;505;510;504;520;510;511;507;506;510;515;519;504;511;520;515;511;513;523;519;475;499;524;515;517;517;514;520;476;488;515;519;513;515;512;513;485;488;513;514;517;511;513;514;513;516;507;512;519;576;537;545;539;528;541;543;728
422;462;458;453;471;468;444;441;503;506;508;522;512;509;508;506;509;514;520;507;509;515;519;515;510;519;521;473;498;527;521;523;512;512;515;479;496;521;520;508;514;515;509;483;490;513;504;515;518;517;513;512;515;519;517;518;539;529;527;525;531;552;539;704
435;460;453;447;462;459;445;460;500;507;509;515;514;515;507;507;513;512;514;500;513;518;512;514;516;520;517;462;500;524;515;520;512;515;517;484;490;521;514;519;515;511;512;482;486;520;513;520;523;513;513;516;510;512;512;519;567;535;524;528;539;534;534;590
432;458;456;447;463;455;456;452;500;506;512;518;511;511;508;509;511;512;516;496;510;515;520;517;515;520;523;474;502;518;523;522;513;508;516;473;493;517;513;512;513;512;511;478;490;514;512;514;514;508;517;511;517;513;519;519;553;538;521;523;535;539;532;571
428;468;456;436;468;454;457;456;501;500;507;519;514;508;507;513;510;515;513;487;510;519;518;515;510;518;520;469;503;523;522;520;516;518;518;480;491;520;517;514;514;516;511;482;489;512;509;516;519;514;512;513;509;513;512;520;573;526;519;524;549;538;548;578
429;464;458;460;465;455;448;453;500;511;508;519;511;507;506;506;509;514;520;497;514;514;519;514;519;520;519;472;492;518;520;518;517;516;515;489;491;513;515;516;513;507;513;482;489;512;514;513;512;509;513;507;519;511;516;510;548;545;532;526;554;528;537;583
446;471;448;448;461;457;451;460;503;502;507;518;511;507;506;515;509;513;511;489;518;515;523;517;515;520;524;472;497;527;522;516;510;514;522;476;491;519;511;517;518;514;512;489;492;512;512;511;520;516;511;513;511;513;511;513;555;561;525;521;553;537;548;563
444;463;456;451;458;454;453;440;496;507;510;518;520;508;509;509;514;512;516;494;518;520;516;516;511;516;519;465;503;519;516;524;515;519;513;476;493;518;517;512;505;514;513;488;491;514;511;511;519;515;515;516;513;510;513;516;554;528;545;525;549;539;590;574
440;469;462;454;460;459;448;454;499;507;508;528;512;508;508;509;513;510;516;491;513;517;520;517;510;513;516;477;501;528;524;517;513;517;513;481;490;516;519;511;513;511;510;487;492;513;522;519;521;512;512;511;513;510;508;518;689;539;534;527;553;560;537;613
435;465;462;455;462;455;438;447;501;510;507;516;519;512;510;507;512;511;515;499;510;516;517;513;509;523;520;465;495;524;521;521;508;515;512;474;501;518;523;516;513;507;509;483;492;511;515;515;520;515;516;514;511;514;517;509;568;536;530;544;525;537;540;575
424;450;448;447;455;472;443;456;502;501;509;516;513;507;507;513;508;515;516;498;509;514;517;518;513;520;526;471;499;521;516;521;517;511;517;469;499;514;518;512;513;511;511;490;492;514;513;514;517;508;510;509;513;515;508;514;550;564;544;522;541;543;552;592
425;467;459;449;457;462;442;453;496;507;505;513;520;514;510;507;511;511;516;498;515;519;516;515;509;522;520;471;498;519;523;516;511;514;513;480;491;518;517;512;511;513;508;483;482;514;510;517;517;517;505;515;512;511;514;511;558;563;525;528;551;561;561;567
430;453;456;452;464;455;446;456;501;507;506;514;521;505;511;508;510;510;522;495;514;513;517;514;514;517;518;475;496;523;522;519;512;519;519;486;498;512;516;509;517;509;508;485;493;508;514;515;510;516;513;514;516;510;515;520;553;541;547;523;524;525;538;583
419;451;460;453;469;458;448;449;496;506;511;514;516;512;502;508;507;517;512;496;512;514;516;517;516;517;525;471;494;519;520;523;511;515;518;476;492;516;522;511;511;511;508;488;492;513;514;516;510;511;510;512;508;519;513;514;572;525;530;524;552;530;538;732
429;457;448;442;463;453;450;452;501;505;505;524;509;511;510;509;510;512;516;487;511;514;513;513;511;515;522;475;500;519;523;522;509;512;516;473;497;519;515;512;512;510;512;481;488;511;516;513;515;514;514;508;513;516;510;520;538;539;528;520;534;537;546;716
436;466;460;458;450;452;452;436;497;504;503;518;514;506;503;507;509;509;521;493;516;514;516;515;508;517;519;468;494;526;523;521;513;514;514;478;499;515;517;512;516;513;513;479;491;513;511;517;515;515;512;509;514;509;515;514;556;531;521;525;531;529;544;614
433;456;454;447;454;464;452;443;503;505;507;516;518;506;509;512;509;516;518;487;511;516;516;516;516;515;523;470;504;523;519;519;515;514;516;484;500;515;517;518;512;511;514;482;494;510;511;513;514;513;511;512;513;509;517;510;581;533;525;537;550;529;544;586
430;468;457;447;456;460;457;457;496;505;506;512;514;509;508;506;511;509;518;503;508;517;521;518;509;519;520;474;491;523;515;523;514;513;516;470;499;512;516;518;514;514;519;481;496;513;513;512;518;507;511;513;511;509;514;516;574;529;530;530;526;534;558;591
432;467;455;456;454;459;449;461;500;502;502;508;515;512;508;512;507;511;517;495;514;518;514;517;508;514;520;470;499;523;520;525;512;515;516;475;498;516;518;513;512;521;514;487;493;509;513;512;517;512;511;509;512;514;516;514;576;541;529;539;544;536;542;589
431;461;459;450;475;455;459;441;501;504;509;514;513;513;503;511;509;516;515;495;506;517;516;515;511;517;518;476;494;525;520;522;516;516;514;475;488;515;514;517;510;514;512;491;484;511;513;515;520;511;507;513;512;515;514;513;584;530;533;528;548;530;544;574
433;470;452;446;460;461;448;459;500;508;507;518;510;506;507;511;508;508;516;511;508;514;520;522;513;521;517;465;496;520;519;525;513;516;518;468;494;515;521;511;516;516;512;488;484;512;515;518;513;512;518;512;518;512;511;517;573;544;518;531;546;555;553;734
433;460;456;441;465;459;448;451;498;502;507;520;506;511;510;507;507;515;521;497;515;523;515;515;511;519;522;466;500;520;520;521;511;509;515;475;497;520;520;516;519;511;512;484;492;515;513;513;519;512;506;508;512;511;514;515;582;523;545;525;533;534;547;722
433;465;454;450;463;462;440;430;502;511;507;520;514;507;504;513;508;511;515;494;516;512;517;516;512;518;520;480;492;523;522;521;515;507;516;474;496;517;522;516;518;513;513;479;490;506;516;513;517;518;509;515;516;512;511;515;578;551;549;519;527;554;550;594
431;468;459;443;459;464;452;441;500;505;505;525;510;512;505;504;509;512;513;505;516;512;513;517;510;520;520;473;500;522;516;520;508;514;515;474;493;515;519;514;511;511;507;490;495;512;506;522;517;517;508;513;510;508;515;513;560;536;530;529;536;561;550;576
427;469;456;444;469;452;454;447;501;504;504;512;519;516;510;508;502;514;514;494;508;518;516;513;513;519;520;472;491;521;518;521;518;518;514;476;491;515;516;519;511;513;511;490;489;514;519;513;514;515;511;514;511;512;509;513;578;530;522;541;526;539;575;611
432;464;457;453;458;454;451;451;503;505;502;514;519;511;507;512;508;514;518;485;512;517;517;516;516;519;520;472;496;523;523;521;507;521;512;480;494;516;518;511;507;513;508;479;496;513;514;518;514;519;509;511;510;515;512;514;548;536;532;533;551;531;548;593
416;469;461;455;457;475;457;446;499;506;505;521;511;511;503;511;510;514;508;495;521;516;519;518;513;518;520;466;506;522;515;521;515;518;517;469;487;518;513;515;516;514;508;481;494;514;509;515;516;508;512;511;509;513;512;520;560;524;548;534;525;528;551;597
431;456;454;454;459;450;448;450;497;507;505;517;513;506;501;505;508;516;517;496;512;518;517;514;514;518;523;469;500;526;516;519;512;516;512;478;484;515;516;510;514;514;513;470;497;511;513;515;514;513;511;510;515;514;519;512;578;539;528;529;533;538;548;713
428;471;463;459;458;459;444;454;499;509;506;521;513;507;510;505;505;512;515;503;509;517;519;517;508;520;521;469;496;521;517;515;514;515;517;478;496;515;512;513;511;512;502;484;497;512;515;516;513;514;521;514;514;514;514;518;569;526;524;542;530;533;581;737
432;465;448;448;462;453;457;441;502;510;509;521;519;503;505;508;512;515;512;498;508;521;512;515;513;513;521;468;498;528;515;521;511;517;521;475;492;517;520;512;513;510;511;487;487;519;511;515;520;507;510;509;511;510;518;519;542;543;523;530;554;541;548;719
425;465;461;453;466;454;455;463;502;507;507;510;520;510;514;508;506;516;511;507;517;519;514;515;510;519;519;469;501;522;516;522;515;513;521;482;492;515;517;513;518;511;505;482;493;517;513;515;520;515;505;502;514;515;516;518;544;561;524;537;542;553;549;571
436;469;451;460;458;460;451;448;498;501;511;509;513;504;506;512;511;512;517;494;516;514;521;516;510;521;517;474;503;522;514;519;518;517;513;477;485;516;513;517;513;512;507;484;488;516;511;520;518;508;507;513;514;516;514;514;570;544;542;519;536;534;548;570
429;456;458;443;459;453;438;442;502;510;507;517;508;506;508;511;511;512;517;501;518;514;519;514;510;517;520;476;499;523;520;522;514;516;517;478;493;516;518;519;514;521;508;488;491;514;514;513;523;510;517;511;510;511;512;520;580;529;538;540;535;531;584;718
421;462;452;445;461;456;451;454;501;505;510;517;516;510;510;513;512;513;512;493;525;517;519;511;509;514;519;478;500;522;524;521;516;519;516;483;494;513;520;512;514;519;515;482;494;513;514;512;518;511;506;508;517;510;513;518;588;544;523;536;534;528;538;711
431;468;464;453;453;453;451;463;499;507;505;522;522;508;508;507;509;515;513;513;515;516;518;515;508;515;514;472;498;524;524;521;515;517;517;479;495;516;516;515;516;508;508;487;487;514;512;513;514;512;515;509;512;508;516;522;551;531;543;536;524;529;546;581
435;469;463;464;467;453;448;455;499;503;509;519;520;508;512;511;510;511;519;496;510;522;513;515;515;513;519;471;493;521;518;520;516;517;515;476;485;517;519;508;512;512;509;479;489;515;513;514;518;516;513;513;509;518;516;511;554;536;526;524;535;557;548;586
435;466;468;451;459;461;444;444;507;505;514;508;508;510;514;510;504;511;516;500;509;517;516;515;510;519;519;476;497;523;519;523;520;518;519;474;495;516;519;519;512;516;509;486;487;515;511;518;512;520;512;511;510;515;512;512;546;539;535;542;545;548;534;600
422;463;454;446;462;455;459;446;502;503;506;513;509;511;509;510;511;516;518;504;520;514;516;515;511;519;520;464;496;523;519;519;517;514;514;483;484;511;520;513;519;516;512;487;488;511;512;514;511;513;511;511;509;513;512;515;555;534;526;522;526;528;587;569
432;455;466;454;464;454;458;450;504;504;505;512;523;507;515;507;509;511;518;493;505;516;516;516;512;519;522;471;487;518;519;524;514;515;513;474;495;514;521;517;511;507;514;474;491;514;513;517;513;508;516;512;519;516;516;512;550;523;529;521;545;534;554;570
425;467;458;446;461;456;462;457;500;509;503;516;512;509;509;504;509;514;511;492;511;517;516;512;513;518;524;469;499;527;521;516;517;513;514;483;491;518;520;514;520;508;514;482;493;514;512;517;512;512;512;508;513;515;513;513;582;559;521;539;528;537;555;574
428;467;464;446;466;463;458;440;503;505;504;515;507;511;509;507;508;515;510;497;513;517;515;511;517;521;516;473;501;522;526;525;516;514;516;481;494;515;514;510;511;513;516;484;488;512;511;517;516;517;514;514;510;515;511;513;553;533;530;527;525;537;549;605
424;457;450;451;465;456;446;440;500;505;510;517;514;509;510;515;508;517;513;503;517;522;517;513;507;519;518;486;503;523;517;517;512;518;519;484;493;521;517;514;515;510;512;487;491;514;514;515;511;512;512;512;515;515;513;514;547;551;527;525;544;541;541;553
434;456;458;444;462;472;453;450;498;505;509;522;515;508;513;508;510;519;513;492;513;519;518;518;508;520;520;474;505;521;524;518;517;512;515;475;493;519;513;516;513;511;511;489;492;509;512;516;511;514;511;508;519;513;516;515;555;551;539;522;530;551;573;582
429;465;450;440;458;460;449;459;495;503;508;510;517;506;509;514;513;510;512;497;513;514;517;518;511;518;520;472;496;518;519;522;515;514;512;482;496;515;518;519;514;514;511;485;487;506;513;515;514;511;514;510;509;512;508;513;573;560;522;527;543;532;533;545
426;465;459;462;455;458;450;450;505;510;504;519;511;505;509;513;512;506;515;498;502;517;514;513;515;517;522;471;505;522;514;515;504;518;519;480;491;519;516;516;508;513;512;478;495;516;511;518;519;512;511;517;513;513;506;515;548;532;529;539;546;552;582;556
430;468;460;447;471;462;451;446;500;508;504;512;518;504;504;506;509;515;519;500;510;524;517;516;513;518;518;466;500;521;517;515;514;515;518;479;495;515;514;514;514;513;507;490;486;518;514;512;512;511;514;511;518;519;510;510;552;541;540;530;547;532;548;605
425;468;462;439;462;457;451;449;498;504;499;512;513;512;509;509;512;512;523;492;516;514;520;509;510;514;522;472;507;524;522;522;512;515;514;479;502;511;515;515;515;518;509;489;488;515;517;518;521;510;510;512;508;515;515;513;574;533;547;532;547;557;532;599
441;453;462;455;460;461;458;445;499;505;504;519;518;506;506;509;513;514;521;503;513;515;520;513;509;522;521;470;495;524;522;516;516;519;515;478;487;514;521;513;510;516;516;487;492;510;515;513;516;516;506;510;511;511;510;516;552;531;517;528;537;539;545;709
427;453;465;446;466;456;447;457;498;502;504;519;512;507;512;512;508;508;517;490;516;515;516;519;511;511;523;472;495;522;518;523;515;513;512;475;490;517;520;517;514;511;509;491;485;509;514;515;512;512;515;512;509;513;510;516;576;540;541;525;551;528;550;750
432;458;446;452;467;452;456;455;501;505;506;513;517;509;507;504;509;516;515;496;515;518;519;515;513;517;520;470;495;520;519;518;508;519;516;486;487;512;519;517;515;515;511;489;495;510;514;516;514;510;510;516;513;518;512;517;546;532;532;530;552;538;529;713
436;458;460;445;456;465;449;454;498;503;508;515;513;507;508;504;506;508;515;501;514;517;516;515;516;520;522;473;498;518;523;520;508;518;513;477;498;518;516;509;513;508;511;487;487;509;513;515;515;512;509;511;513;515;512;518;569;534;542;523;524;540;564;643
435;464;456;452;471;460;448;460;500;503;504;520;509;506;508;509;509;514;516;491;513;514;521;515;511;522;521;463;501;522;518;520;514;517;515;478;491;516;521;514;512;509;507;482;489;514;515;512;517;513;509;508;512;508;509;519;580;529;546;526;531;553;545;705
438;463;454;441;469;463;467;444;500;503;505;516;513;505;508;509;507;514;521;495;505;516;525;512;505;518;525;466;496;525;521;520;515;518;515;477;492;513;510;513;511;510;507;482;492;513;515;513;512;515;510;511;513;513;511;515;559;544;530;526;551;553;585;614
428;457;457;462;458;455;450;458;501;504;507;523;505;510;505;509;512;513;514;495;507;516;516;517;511;516;520;472;502;525;517;518;515;514;517;488;487;520;519;515;507;504;512;479;489;510;514;511;518;513;515;514;512;511;515;512;576;558;548;536;537;534;550;584
434;471;453;438;452;450;447;451;502;507;507;513;516;511;506;507;513;514;512;508;515;518;516;512;510;517;518;479;505;517;524;522;513;512;514;476;485;517;513;511;511;507;514;487;487;508;511;515;526;516;515;518;511;510;510;516;680;565;539;539;530;531;553;720
429;471;450;453;466;453;450;442;502;506;506;512;515;506;509;514;507;514;522;513;515;518;516;514;509;518;526;482;504;522;519;522;515;514;513;482;486;512;516;512;514;510;510;489;490;515;517;517;521;511;511;513;511;517;510;521;546;536;543;542;536;536;532;565
427;462;453;459;458;449;449;447;498;505;508;508;516;511;507;513;512;511;513;491;511;514;513;515;510;523;521;467;496;521;515;521;515;513;514;478;490;518;517;520;518;509;514;487;488;516;513;514;517;516;512;511;510;508;514;517;560;529;543;534;528;537;552;583
425;470;458;458;454;455;453;452;497;503;506;522;517;507;508;507;509;518;509;495;511;516;518;517;514;515;518;474;495;525;514;522;510;515;515;476;502;513;518;515;510;516;512;483;491;509;515;520;517;513;510;507;512;512;519;515;555;524;522;516;529;533;557;585
432;465;471;452;461;457;452;452;498;504;509;521;515;509;508;507;509;516;515;495;512;521;515;516;509;515;519;464;498;525;519;515;515;511;517;472;489;515;521;511;513;511;509;478;492;517;505;517;524;521;511;520;516;514;510;516;538;532;522;526;555;540;546;582
426;470;462;441;464;459;456;447;502;503;509;516;519;512;506;516;510;514;519;507;516;516;513;515;513;517;518;477;499;520;522;521;518;514;516;483;488;518;515;513;510;517;512;471;491;512;510;515;513;512;514;514;511;511;515;514;551;549;528;522;552;536;558;643
430;453;456;464;463;452;457;444;498;505;506;510;520;507;509;508;508;510;513;502;520;516;514;518;510;515;524;473;497;519;517;519;515;513;514;486;488;512;517;518;512;511;508;478;489;520;512;515;517;506;507;509;514;516;513;512;571;560;555;516;525;534;539;653
428;465;462;463;477;453;453;468;499;509;510;519;512;511;505;512;508;510;516;497;515;516;516;517;508;518;522;473;500;524;516;522;516;514;515;481;490;518;518;517;508;511;508;480;488;517;511;513;516;516;513;512;514;511;512;516;581;539;547;520;533;526;581;592
424;473;458;431;458;450;440;461;497;504;506;519;519;509;510;514;510;515;515;496;514;517;521;517;504;519;519;474;500;528;519;527;518;513;518;478;494;516;520;521;511;511;512;480;493;507;511;516;516;514;512;509;511;512;513;516;547;561;531;542;554;539;589;572
426;466;464;450;457;455;446;441;503;508;510;512;515;508;511;511;507;511;518;489;512;514;517;515;511;515;520;472;491;525;522;522;513;515;516;481;491;514;517;516;515;514;513;482;487;512;513;513;517;504;511;510;508;511;512;517;553;568;542;542;535;532;529;594
433;459;454;444;467;448;446;448;502;512;505;517;520;507;509;506;508;514;516;490;505;514;518;518;512;509;520;484;484;524;518;521;516;515;511;481;481;511;520;518;512;509;507;485;493;510;508;518;516;512;512;512;509;511;517;515;625;535;532;522;535;531;548;678
434;458;466;472;458;457;453;450;504;509;506;516;510;512;508;507;506;515;514;493;511;519;519;518;512;517;521;477;494;520;521;518;515;513;521;485;489;524;517;514;512;510;514;477;491;510;514;517;516;506;511;507;512;510;513;514;580;545;526;520;525;538;544;588
417;466;462;455;476;456;453;474;494;502;511;528;514;507;513;511;508;514;513;506;512;514;514;518;504;517;518;488;497;519;521;517;508;515;515;486;491;518;524;511;514;510;509;477;490;518;515;517;513;514;514;512;510;508;512;510;561;564;521;534;527;534;534;590
425;462;456;451;463;458;448;451;495;509;510;529;512;506;510;508;509;510;514;488;511;517;516;515;509;517;522;480;484;521;519;518;515;510;520;476;495;517;518;513;512;513;512;478;489;516;509;516;512;511;510;513;516;507;517;513;560;553;521;535;528;536;565;726
428;468;458;451;465;463;453;451;495;502;506;515;517;510;505;511;516;513;518;495;510;522;516;518;514;518;517;490;490;520;518;518;508;514;517;475;496;519;518;513;513;511;516;479;488;514;515;515;517;510;503;516;517;517;514;519;552;543;528;528;544;552;544;721
429;475;455;441;462;459;453;447;495;505;511;514;516;507;506;510;510;516;515;487;513;515;515;515;517;518;518;479;492;518;514;521;516;514;519;475;485;519;513;517;508;509;508;484;492;516;513;514;513;518;509;506;517;509;512;516;557;560;528;527;526;548;529;717
424;476;461;448;461;465;448;451;499;504;508;515;511;513;511;511;506;512;515;493;518;516;519;516;508;515;520;483;493;522;520;520;517;513;510;481;491;520;521;521;515;511;508;489;492;515;514;514;515;509;516;509;512;516;512;521;574;543;546;538;539;536;536;640
424;449;459;447;472;465;442;445;501;503;508;520;513;508;511;512;511;514;514;489;512;515;513;517;511;514;525;490;490;523;520;521;521;514;518;485;493;508;520;522;517;514;507;478;487;514;509;515;514;513;511;510;511;507;510;516;566;569;536;539;533;541;557;741
428;465;458;448;453;459;458;448;500;504;504;514;516;509;506;514;512;516;516;492;515;515;517;516;512;519;520;475;497;521;517;523;509;513;519;477;487;517;511;516;510;514;510;478;495;510;515;514;518;515;515;510;517;509;512;512;567;541;530;523;545;531;542;595
424;463;458;457;455;456;447;445;502;507;502;517;515;508;502;508;512;512;516;490;516;515;517;516;515;523;519;485;489;523;517;521;517;512;520;482;491;513;522;514;514;510;513;491;489;517;515;508;514;509;512;514;515;512;516;516;560;533;525;523;532;538;592;742
430;470;444;440;460;467;448;442;498;511;507;519;514;507;504;512;509;510;520;490;509;511;519;518;510;519;518;491;491;518;514;520;514;515;514;481;485;517;518;517;514;504;511;484;490;514;512;511;518;514;517;512;509;514;517;521;549;541;536;520;533;531;573;616
422;461;450;462;458;453;458;446;500;507;510;513;511;507;505;509;508;508;515;494;510;515;517;519;517;517;521;484;487;522;521;525;515;516;516;490;493;514;515;509;514;513;508;483;493;519;513;517;514;510;507;510;512;513;519;516;566;526;528;526;552;539;544;596
430;456;460;447;452;447;448;431;499;508;505;512;515;507;511;510;510;511;511;486;513;515;521;518;512;521;521;486;480;522;521;521;510;516;519;478;489;520;521;515;517;513;509;479;489;506;509;512;512;511;513;512;517;509;517;518;549;560;524;532;544;554;540;577
424;450;465;447;453;460;448;455;499;505;507;516;518;511;502;510;512;514;514;496;511;517;514;513;512;519;520;487;487;521;521;525;517;515;514;481;488;521;519;514;516;514;510;485;494;512;515;512;518;513;512;512;515;510;514;515;563;546;546;538;546;531;540;586
433;471;454;450;460;456;454;450;497;503;502;519;516;511;512;508;511;511;510;495;513;517;513;514;511;520;526;480;494;517;520;516;508;516;521;473;498;516;518;516;520;517;514;474;490;512;511;515;520;511;517;514;509;508;513;516;728;539;541;542;542;552;550;655
428;453;450;444;455;452;445;450;500;503;511;527;513;508;505;509;508;511;516;494;510;515;520;515;510;517;517;488;495;522;520;521;515;516;513;475;486;525;520;515;510;512;516;481;492;513;512;514;522;513;514;510;511;515;515;516;552;529;539;524;549;555;555;720
431;463;455;454;460;458;453;454;499;501;508;523;517;510;510;510;506;511;516;491;516;523;514;511;516;522;525;477;494;519;519;517;514;517;519;477;493;513;517;513;512;515;510;472;487;514;516;515;517;513;513;520;514;513;517;513;634;563;523;538;529;555;560;731
432;456;462;456;468;463;452;450;498;508;507;521;511;511;510;511;509;514;521;494;515;512;513;517;508;519;521;478;497;520;526;517;515;514;519;480;483;517;518;513;518;520;510;487;491;512;511;520;520;512;509;512;508;516;515;517;551;530;530;535;548;564;583;576
430;467;460;445;460;454;442;443;502;505;504;506;519;510;509;511;511;511;513;490;513;515;519;521;517;516;522;480;494;522;519;522;516;513;514;474;492;515;515;519;514;509;513;482;493;515;513;515;519;509;511;512;515;513;514;514;550;527;530;539;552;538;535;647
438;469;461;442;471;455;457;459;504;509;509;514;509;508;505;509;507;512;515;488;509;514;518;514;516;519;523;482;493;521;519;519;511;513;518;481;493;513;515;517;516;511;508;490;492;516;513;517;516;514;514;512;515;511;512;512;567;561;528;533;545;539;534;593
423;463;454;460;471;454;438;466;500;507;507;509;512;514;509;507;508;514;514;482;515;517;516;514;511;520;517;480;496;521;516;520;512;517;516;484;497;513;517;512;519;509;511;482;487;511;510;519;523;511;509;512;516;508;517;519;575;538;527;527;546;537;589;646
441;463;466;442;467;458;454;461;501;508;508;520;517;506;507;510;506;510;515;490;507;515;517;515;510;520;512;484;489;525;523;521;512;515;506;475;489;511;512;515;515;513;513;483;488;510;515;512;518;514;513;511;513;509;515;526;569;527;540;537;534;525;525;568
430;458;459;452;455;449;452;452;497;510;507;519;514;510;506;501;517;516;516;500;521;511;522;515;508;513;516;476;496;521;518;525;513;513;518;472;491;518;516;512;514;512;510;481;493;512;517;518;517;518;506;511;512;511;516;513;554;543;538;539;548;532;532;711
426;462;453;445;462;455;445;454;502;510;507;510;514;508;512;509;510;510;519;495;518;518;521;515;514;517;522;472;491;523;520;524;514;518;517;479;491;516;513;516;508;514;508;476;494;513;514;513;516;514;511;510;513;512;515;515;553;540;547;533;530;531;547;573
429;468;452;443;460;463;445;448;496;509;505;516;515;512;508;508;509;510;516;486;500;518;519;519;511;515;517;475;491;521;519;521;517;519;517;485;489;518;515;515;514;511;512;487;492;514;515;514;509;507;510;515;512;519;506;507;569;537;531;540;525;536;544;578
431;464;454;449;467;459;455;450;495;505;504;523;517;509;512;510;509;518;512;492;510;518;518;518;510;519;524;477;489;530;522;518;514;515;521;486;486;514;514;519;518;514;512;479;491;507;507;512;512;515;508;506;518;512;517;512;549;531;541;534;536;531;543;643
422;471;449;454;468;461;445;435;496;501;502;518;511;512;510;505;510;514;515;503;514;519;517;516;513;514;523;492;491;522;516;520;515;516;515;484;494;518;516;516;516;511;512;483;488;517;513;513;514;508;506;518;515;509;511;522;552;535;538;548;530;533;545;710
428;467;465;451;462;458;449;450;504;501;507;513;519;509;505;508;506;511;511;486;514;514;519;518;515;516;521;481;492;519;522;526;515;517;513;477;488;513;517;513;515;511;506;486;492;517;513;513;519;513;508;518;515;518;513;518;569;538;542;524;546;531;523;707
435;467;471;450;468;444;447;444;501;506;509;515;513;506;507;507;503;512;512;496;517;521;516;511;512;516;515;488;483;513;518;527;511;515;517;490;490;521;515;518;511;510;510;478;495;510;516;517;514;510;510;507;508;508;511;518;609;537;530;526;531;551;591;641
422;460;451;447;468;457;458;462;503;504;505;523;513;508;504;514;510;515;512;485;511;517;521;512;505;521;521;480;491;520;524;521;511;517;516;482;494;515;521;516;515;515;511;477;488;516;515;519;522;511;516;508;508;509;511;517;552;529;543;519;534;554;550;603
432;470;463;434;468;456;470;453;500;505;506;528;515;510;511;509;511;512;515;484;508;522;521;513;512;519;522;489;495;520;522;523;509;517;513;482;484;513;520;516;513;511;515;482;495;506;511;515;514;510;511;511;512;511;515;514;540;545;525;533;529;532;546;699
438;469;459;456;453;445;454;453;505;501;505;522;513;506;510;508;509;511;517;503;514;512;515;514;514;514;521;473;488;521;521;520;519;519;512;472;492;515;513;518;517;508;511;490;494;513;513;515;521;512;514;516;523;511;516;510;555;537;530;544;548;533;565;718
429;452;463;446;455;450;444;437;501;506;501;514;513;508;506;510;506;514;511;496;512;517;515;515;511;516;521;467;492;520;520;519;515;512;513;481;488;514;516;514;516;510;515;482;493;516;516;513;518;511;512;513;514;510;509;514;630;542;529;539;558;546;588;600
434;469;458;460;460;453;449;454;497;506;501;522;513;507;504;508;509;509;514;488;510;520;521;518;512;519;520;467;491;521;519;520;515;517;516;477;486;518;517;517;509;508;504;485;498;511;513;509;514;512;511;514;513;511;511;515;545;539;538;535;540;558;546;724
421;456;462;449;461;459;453;458;497;509;506;512;517;513;508;509;509;516;521;491;515;515;522;514;517;520;520;478;490;523;520;518;510;520;509;478;487;515;516;516;514;509;511;486;488;516;514;513;516;515;512;517;516;521;515;511;586;531;543;542;526;534;560;593
434;455;458;443;463;455;445;456;496;506;509;517;520;510;508;508;510;513;512;494;505;519;517;513;511;517;520;478;495;521;525;521;522;514;513;481;494;517;516;515;514;512;509;481;487;512;515;515;521;515;516;511;512;515;510;514;573;536;542;540;544;537;559;581
440;465;450;458;465;455;447;444;500;506;503;521;517;507;505;506;506;517;520;493;512;515;516;515;515;516;516;477;500;521;519;525;518;518;518;482;493;516;517;513;512;513;513;481;487;512;515;516;515;512;518;515;512;513;512;517;619;561;545;533;556;548;585;708
431;473;460;458;462;456;450;460;500;507;506;518;509;504;507;514;510;505;522;496;514;518;518;516;514;514;524;483;487;520;525;519;512;517;518;478;489;518;519;513;514;511;510;482;491;511;515;512;521;511;512;511;513;511;509;512;550;542;526;539;557;556;545;642
426;455;454;458;466;458;456;439;503;501;507;524;511;512;506;514;511;516;515;499;509;516;518;515;514;516;524;481;498;521;519;521;514;517;516;483;500;520;518;519;517;515;509;482;489;516;511;511;518;517;515;510;514;514;517;515;578;545;530;534;545;555;537;586
433;464;456;455;461;456;461;450;496;502;513;514;512;508;504;513;511;523;515;487;517;519;511;517;511;519;521;480;490;521;518;519;513;516;511;481;491;517;515;514;514;517;511;491;490;513;513;515;513;514;516;516;511;513;510;512;578;547;552;539;543;527;538;599
444;467;457;450;466;450;462;468;503;508;508;512;517;508;507;512;510;514;518;490;520;517;517;518;508;515;521;481;489;523;521;519;520;511;521;488;488;517;517;515;515;520;507;479;495;510;516;519;518;515;509;508;513;521;518;515;571;537;541;519;547;539;549;725
430;470;465;453;460;459;453;471;500;501;502;516;513;512;507;508;509;516;518;490;509;516;517;513;510;520;524;489;494;523;520;523;509;514;521;485;484;514;519;516;515;515;512;479;492;510;516;514;518;521;513;511;506;514;511;516;565;533;542;538;549;536;532;644
431;467;450;452;469;454;442;446;503;508;505;513;512;507;507;508;506;512;516;506;511;516;518;518;508;521;521;488;495;522;522;524;509;511;516;478;493;518;515;510;512;511;514;473;493;512;516;512;506;509;507;519;514;510;511;517;550;544;531;527;555;535;547;719
424;461;449;445;456;464;452;465;501;506;506;521;519;512;510;508;508;512;513;491;508;516;515;512;513;522;519;480;490;521;519;514;514;516;518;486;489;517;516;514;515;512;506;483;497;513;514;519;512;513;513;507;513;516;509;517;576;538;528;540;557;538;545;599
430;458;459;444;452;462;443;451;499;508;506;521;506;512;508;509;508;511;516;495;510;513;517;519;509;518;520;479;500;525;525;521;520;516;513;469;488;517;512;515;513;511;509;489;495;514;517;514;518;510;510;513;511;515;519;516;553;524;540;522;521;529;552;659
429;462;456;452;461;474;457;464;499;507;507;521;513;508;508;515;511;514;515;494;513;516;515;515;512;523;517;484;495;518;523;522;514;513;514;487;492;514;520;510;515;514;513;482;494;510;515;517;515;510;512;508;513;510;511;520;543;523;530;534;555;527;531;720
422;469;460;443;471;458;445;437;498;509;508;521;517;504;511;507;507;511;518;504;512;513;515;518;512;513;521;492;489;520;518;523;518;515;519;485;493;514;516;512;515;514;511;477;491;510;513;514;511;512;516;506;515;511;512;516;581;539;523;540;533;535;561;610
429;456;459;452;466;463;451;446;498;508;505;518;513;513;504;508;512;510;516;495;514;516;521;517;510;522;519;484;487;523;519;522;515;516;512;477;492;517;513;514;514;519;509;483;493;511;515;513;517;514;514;509;515;510;516;507;560;539;520;527;529;526;536;591
431;468;465;451;459;457;451;458;501;506;504;515;513;507;504;507;508;511;517;501;515;517;513;518;512;517;516;481;481;523;521;520;512;520;515;482;494;517;516;514;512;509;509;484;494;512;514;517;514;511;510;509;513;509;511;523;550;544;546;527;525;533;529;575
427;470;456;448;465;458;446;450;507;508;507;521;507;507;502;512;508;511;517;484;517;513;520;513;509;520;520;473;498;524;517;521;513;513;509;474;493;517;515;517;512;515;504;486;490;511;512;507;515;505;510;515;514;511;514;512;555;533;530;524;543;546;549;652
438;457;457;447;460;453;448;432;500;504;504;521;512;507;506;510;509;510;518;493;512;515;516;516;511;517;524;469;496;516;519;526;512;514;513;480;492;515;517;519;519;509;509;486;498;508;510;515;513;509;512;512;512;516;512;521;574;548;541;539;550;530;550;590
439;465;465;447;464;456;459;453;503;508;505;522;513;506;506;509;514;509;519;487;513;511;512;520;514;520;519;480;494;518;518;514;514;516;513;476;494;516;519;517;513;517;517;477;486;518;512;512;513;515;510;512;514;511;512;515;556;549;520;533;528;554;540;665
419;460;459;448;453;464;458;458;502;504;508;525;520;509;507;508;504;513;516;505;506;516;514;516;510;518;521;476;496;525;520;521;509;519;514;480;494;517;517;512;508;512;510;487;494;512;513;518;514;508;506;512;517;514;512;514;562;538;526;524;546;556;587;585
431;459;462;442;463;453;453;454;499;503;511;523;513;511;503;510;508;515;520;496;511;516;515;514;513;520;519;484;499;520;518;517;515;515;515;488;501;516;523;520;516;513;510;482;490;513;513;515;512;507;513;512;511;512;509;517;551;544;520;540;528;552;562;595
435;462;460;453;465;469;453;451;497;500;507;522;511;505;506;514;514;511;517;489;511;517;514;515;514;516;519;479;481;526;520;521;520;517;519;489;491;519;523;518;512;513;508;486;490;508;516;512;516;517;513;512;516;514;514;516;552;546;528;526;547;533;550;615
434;459;456;433;462;457;447;445;502;503;508;510;515;512;505;507;508;512;514;496;516;515;513;511;512;519;518;481;490;520;520;523;513;513;516;486;491;516;516;511;515;512;512;490;492;509;513;520;519;513;512;513;513;511;521;511;554;536;522;525;548;534;553;741
428;461;462;442;458;461;448;456;498;504;508;512;509;508;508;507;510;514;516;487;506;519;519;518;511;518;524;483;484;524;519;523;516;517;513;472;490;515;513;511;508;517;510;485;490;512;508;510;515;516;517;514;517;512;511;516;543;554;525;529;556;540;557;556
424;460;460;443;463;455;453;460;499;507;506;518;523;508;505;505;507;513;515;487;507;513;511;517;512;514;520;475;496;522;516;519;515;514;520;478;497;517;517;516;512;520;509;481;492;511;510;514;519;510;514;515;518;513;511;513;554;531;544;534;526;537;531;594
430;459;453;443;458;450;449;457;502;502;502;513;508;508;511;510;509;507;514;490;513;513;518;512;513;512;520;470;503;521;520;519;514;513;517;480;494;519;521;513;512;518;507;482;492;514;512;517;522;513;513;512;516;517;511;518;563;531;527;513;545;540;585;574
424;458;452;449;462;462;446;450;500;504;505;517;519;510;506;513;513;507;513;491;515;515;517;515;509;519;526;471;495;525;517;520;513;514;518;477;495;514;516;513;516;514;516;483;489;510;508;517;516;509;510;506;516;510;512;514;556;527;539;545;535;543;545;588
441;468;459;452;462;457;437;440;499;503;503;525;513;507;510;506;507;513;519;484;516;514;519;518;509;519;522;475;500;522;518;515;513;514;515;475;491;517;518;515;519;509;510;482;496;515;513;513;514;511;512;515;515;513;512;515;577;530;530;523;549;554;541;598
425;470;457;441;462;448;451;442;498;503;504;509;514;510;507;513;511;512;516;490;512;519;513;514;512;518;520;470;506;526;520;522;512;513;517;482;493;511;513;518;517;515;509;484;497;510;511;512;513;512;514;510;512;513;512;517;561;552;531;535;532;553;539;584
427;468;456;440;454;457;436;451;500;504;504;517;513;514;508;511;506;512;517;492;511;515;512;520;512;522;521;478;494;522;521;523;515;515;515;476;484;518;517;515;518;506;513;485;502;516;513;521;514;506;515;510;519;517;513;510;554;542;517;520;530;533;577;741
432;464;453;448;461;456;451;450;503;508;507;521;515;513;509;507;509;512;513;494;514;517;516;517;513;518;520;479;490;522;519;518;515;514;512;477;492;514;521;518;515;518;510;480;489;518;509;519;517;510;511;515;513;511;512;515;548;530;529;539;539;530;557;707
423;464;458;451;458;452;449;460;505;504;508;519;525;509;507;509;512;514;516;489;506;514;514;512;510;514;523;470;494;525;523;520;514;517;517;473;492;518;515;516;517;515;515;478;495;516;510;518;518;512;516;514;516;514;511;514;555;530;529;528;521;534;574;727
422;463;463;449;453;455;453;458;507;504;505;525;510;514;511;513;514;510;518;488;512;517;516;512;511;519;518;484;485;521;515;520;514;513;520;481;493;516;518;513;511;510;513;485;495;510;511;515;514;513;519;510;512;512;514;515;548;560;549;525;546;530;535;725
441;470;452;447;453;459;451;448;502;505;505;517;513;514;512;509;508;509;517;492;517;523;520;515;513;516;520;480;487;526;519;522;519;516;520;468;493;517;514;515;518;511;510;480;490;517;511;516;512;515;510;513;511;511;513;518;550;529;527;536;535;536;525;571
437;466;450;444;461;451;460;452;498;504;505;510;510;506;504;509;512;511;518;493;514;520;516;517;512;515;518;471;493;522;517;522;512;514;512;474;494;516;517;519;515;510;512;472;488;516;511;515;515;514;513;507;515;512;510;510;556;573;523;522;534;554;549;566
423;462;453;434;452;456;444;453;498;504;504;513;511;510;503;504;510;516;516;490;513;517;515;520;513;517;518;495;493;523;521;521;516;516;516;470;490;517;518;517;511;515;511;489;490;513;517;511;516;514;508;513;515;511;518;514;575;540;542;525;528;546;549;611
428;470;457;451;462;459;446;455;503;510;503;511;514;507;504;509;509;514;513;494;516;522;519;518;519;519;522;479;485;521;519;519;512;511;515;478;494;515;518;513;511;515;512;478;493;512;517;517;517;512;512;513;514;513;517;514;560;552;527;519;536;534;558;709
434;462;458;459;466;460;454;460;503;503;502;510;511;511;508;512;516;511;521;492;515;514;520;515;511;510;521;475;495;525;518;517;514;517;514;472;491;514;515;518;513;515;510;485;490;515;513;516;521;519;511;510;514;509;511;513;549;537;541;534;534;561;535;714
425;466;458;454;450;466;455;458;496;510;509;519;519;510;508;511;510;518;517;498;500;518;522;515;518;517;518;478;492;524;513;523;515;516;515;479;495;518;517;519;510;516;507;489;488;514;512;517;516;516;508;513;512;508;515;512;545;545;527;534;536;538;537;749
432;453;458;452;462;458;456;449;505;506;501;521;515;511;516;512;512;514;518;488;511;515;519;512;513;516;518;482;487;523;523;522;515;518;517;489;494;517;513;514;509;516;511;481;493;513;505;515;517;513;518;512;505;513;513;519;552;541;545;546;530;534;531;551
424;469;451;451;452;454;454;450;502;504;512;517;510;508;507;510;509;513;515;485;512;518;520;519;512;516;521;482;488;522;518;522;511;516;516;481;488;514;515;515;520;520;513;486;495;512;515;517;519;513;509;509;514;509;514;516;567;532;530;540;550;532;531;551
434;463;458;457;457;457;451;450;503;506;505;523;515;506;512;508;516;511;516;505;509;520;517;517;508;519;519;485;497;518;518;524;513;512;515;481;484;510;514;517;515;513;511;481;495;514;508;519;520;512;514;516;511;508;513;519;558;530;544;531;551;531;559;556
420;465;457;451;467;462;445;443;500;504;503;512;511;511;507;507;512;514;516;492;517;514;516;517;511;520;522;476;493;519;520;519;515;517;515;477;491;519;520;512;511;515;510;482;490;518;515;518;514;515;516;515;514;512;516;514;573;567;536;541;529;559;551;746
426;459;454;444;458;453;453;449;495;507;505;518;505;512;501;513;510;517;519;492;515;516;519;515;509;520;520;473;492;523;519;521;509;519;515;471;491;517;517;516;519;517;508;481;486;511;511;515;520;519;505;515;518;512;512;516;613;527;529;523;530;569;548;590
431;461;458;451;457;455;443;449;499;509;507;526;511;507;507;510;507;512;514;494;509;513;517;518;515;524;521;483;488;522;523;525;515;513;516;482;497;516;513;512;514;511;513;482;488;512;513;522;519;508;510;509;511;513;515;519;552;543;542;534;526;542;546;721
436;465;458;452;471;464;450;453;500;505;504;516;519;510;505;511;508;513;514;485;515;515;519;516;510;517;526;476;491;524;520;517;513;511;515;484;491;520;516;516;518;508;511;471;486;512;514;517;521;516;511;512;516;509;519;514;569;532;525;535;548;534;536;580
424;476;454;455;460;457;448;449;499;506;507;515;526;506;509;505;506;515;517;482;505;516;518;515;508;521;522;480;496;523;509;519;515;517;513;474;496;516;514;515;514;517;513;484;492;516;506;517;514;514;512;513;513;515;508;522;557;527;531;522;538;535;545;599
425;458;453;451;452;464;451;442;497;504;500;517;510;508;505;504;509;517;514;493;508;515;517;512;511;519;518;479;486;520;519;521;519;512;511;476;494;507;515;518;512;507;510;483;493;512;511;515;516;515;518;513;513;510;517;518;551;575;527;517;549;545;544;601
427;468;452;445;464;457;440;445;495;503;506;516;513;512;506;509;507;514;515;494;517;519;516;514;509;517;521;468;498;526;515;522;515;517;516;474;491;512;517;515;510;510;518;481;489;514;510;519;518;516;512;514;510;516;513;513;596;536;529;526;547;555;546;717
427;465;459;444;462;457;453;444;506;504;505;513;508;509;509;509;506;513;517;500;511;521;516;518;516;515;521;470;501;525;514;522;515;513;510;484;488;514;516;516;515;511;519;485;492;515;508;519;517;512;509;509;509;511;517;517;573;546;522;519;549;546;547;591
424;468;453;449;472;457;452;440;503;503;508;520;513;509;502;506;513;509;519;498;516;517;518;515;511;519;522;478;486;524;522;519;514;514;509;470;486;515;517;517;511;512;514;481;498;515;511;516;515;513;513;512;514;513;512;515;552;533;549;530;532;557;530;740
433;467;466;454;458;456;445;457;504;509;508;520;509;507;508;508;514;513;513;488;515;512;521;515;510;516;521;478;493;523;521;520;512;518;516;481;491;515;519;515;522;513;509;481;489;512;509;514;514;514;513;517;513;513;512;514;546;529;529;525;552;539;550;749
424;458;459;449;459;452;448;451;503;506;505;510;515;509;504;510;509;510;514;482;509;518;518;515;517;520;518;478;487;521;523;521;512;516;520;485;490;518;516;517;516;510;506;483;493;513;511;510;520;513;512;516;517;506;508;517;550;532;527;526;550;543;536;595
436;461;464;437;462;458;458;447;505;509;507;517;514;504;504;510;513;514;518;503;511;518;521;513;512;516;520;485;489;524;524;519;517;513;511;479;490;511;516;521;506;511;513;471;491;511;510;517;520;513;510;513;511;513;509;511;566;533;542;522;529;538;538;616
425;456;460;452;458;458;457;459;506;508;511;515;515;508;510;512;504;513;516;490;512;515;519;517;509;516;521;475;495;525;519;523;507;519;513;475;497;518;520;516;511;512;514;482;492;513;514;514;518;512;513;513;513;509;515;516;569;562;528;541;524;534;544;580
427;475;460;453;455;464;468;440;495;506;510;513;514;505;513;510;508;516;516;509;506;517;519;519;512;512;528;486;489;523;522;518;519;514;517;478;494;521;522;508;511;511;504;480;499;523;515;514;515;516;518;515;518;519;515;514;584;537;522;529;528;534;534;556
428;462;458;463;471;459;453;453;499;501;503;513;508;505;503;508;512;513;522;495;511;520;518;513;513;519;519;488;495;524;516;524;511;518;520;476;493;514;520;516;512;510;504;484;492;511;516;513;519;513;509;510;514;513;515;515;558;538;531;525;529;534;549;737
433;470;448;444;460;453;451;436;499;507;506;520;519;509;508;510;503;512;517;493;517;520;516;518;515;516;520;486;484;519;519;522;511;513;516;484;491;518;520;514;514;517;511;481;494;508;516;517;517;512;516;515;511;503;512;513;540;551;532;524;541;528;532;716
427;462;457;449;467;456;453;444;498;503;509;513;513;505;506;505;508;512;518;487;514;517;516;517;508;517;522;478;487;526;520;524;512;519;515;484;494;511;515;518;512;512;511;479;488;518;514;513;512;519;511;511;514;512;513;512;549;541;527;526;534;537;553;721
431;458;466;443;456;456;441;450;496;507;508;510;508;509;511;511;509;513;513;489;508;520;516;517;506;516;516;476;494;521;512;523;510;517;514;476;498;520;520;515;512;512;504;481;489;513;511;512;515;513;513;512;520;513;514;514;554;530;520;522;527;529;548;726
441;454;460;449;470;453;453;463;499;507;502;518;510;506;510;509;513;509;518;493;515;516;514;514;516;520;522;481;493;519;518;522;514;518;514;478;490;513;514;515;515;515;507;482;491;516;513;511;522;508;512;504;513;513;511;516;557;531;524;537;551;536;545;722
413;471;460;452;475;459;451;438;500;500;502;528;509;510;510;513;508;508;519;483;513;516;519;516;509;517;525;485;486;523;520;525;509;517;516;480;494;515;521;511;517;512;505;479;498;511;512;517;513;512;507;510;510;510;515;517;573;541;525;522;548;535;549;590
433;454;453;452;467;461;452;456;506;505;509;516;512;510;505;504;512;514;519;488;505;514;518;519;515;516;518;477;492;517;517;518;514;513;509;477;486;513;517;515;514;517;516;478;486;516;507;517;513;517;518;511;515;514;512;512;578;539;530;526;551;535;551;592
430;458;455;458;472;455;449;449;500;501;509;510;511;510;510;504;507;512;517;488;518;514;513;517;511;520;517;476;496;523;519;522;516;515;516;479;489;519;516;510;511;516;504;483;490;512;511;516;514;511;509;514;517;516;519;507;584;549;542;535;529;534;541;705
442;467;454;473;461;453;451;442;504;507;508;514;515;507;506;510;509;514;514;490;512;512;516;517;511;520;521;481;492;524;523;520;515;516;515;471;494;513;518;513;514;513;512;480;491;511;512;516;517;507;511;511;518;516;513;514;558;568;532;520;550;530;540;592
431;449;453;450;460;457;448;446;497;503;506;517;515;511;512;507;508;516;508;481;506;518;516;515;511;516;519;481;495;522;520;521;512;516;516;474;494;514;516;516;514;506;518;481;485;506;509;511;520;517;509;513;513;516;515;516;577;536;547;542;556;529;544;736
435;457;449;447;464;453;445;451;505;504;506;525;516;508;510;507;508;512;511;489;509;515;516;516;512;513;518;477;497;525;518;522;518;515;519;481;489;519;520;511;510;514;505;473;488;513;513;514;516;512;514;512;507;512;511;515;571;526;523;532;526;562;548;570
412;472;454;452;457;453;461;456;501;505;500;513;513;506;507;511;512;513;517;501;510;517;520;509;509;518;521;483;490;515;523;525;514;518;514;474;492;515;518;515;509;513;510;482;490;511;514;516;513;515;508;508;511;509;517;517;570;546;520;519;546;534;555;715
434;472;460;458;468;457;457;446;496;506;503;514;513;510;508;512;508;514;513;491;519;515;517;514;512;514;520;483;492;527;516;520;515;513;511;484;494;517;513;513;514;516;511;480;491;514;509;514;519;518;510;517;513;516;514;516;548;539;524;526;544;533;535;556
431;469;460;458;448;446;458;451;495;508;506;517;514;509;506;507;509;512;513;489;520;516;519;522;512;514;523;480;486;521;518;524;515;518;514;485;493;516;520;514;513;512;506;477;493;515;515;517;522;513;510;506;515;515;514;510;549;527;542;536;544;535;544;566
434;467;452;449;457;465;451;453;497;508;506;519;520;511;506;505;513;514;519;483;512;515;518;517;512;517;523;479;480;517;517;522;512;512;514;476;494;518;521;515;515;523;513;484;489;511;509;515;518;517;512;513;512;515;517;512;559;537;530;526;549;539;563;582
435;475;460;451;460;463;444;448;500;505;506;517;513;509;507;512;510;507;517;487;514;514;521;522;511;519;524;485;487;524;519;519;513;517;516;481;498;513;512;517;517;513;502;486;486;513;507;515;516;513;515;509;508;511;515;516;540;536;544;537;533;529;554;586
430;468;461;444;475;453;449;441;493;508;508;511;513;508;507;509;515;514;516;493;511;519;516;515;516;519;523;473;490;520;515;522;518;516;511;483;488;520;514;519;509;509;514;487;488;514;510;515;519;509;516;512;513;508;511;514;575;536;539;522;527;522;531;575
435;470;464;462;465;446;448;442;504;509;504;505;508;511;508;512;506;512;514;482;507;517;520;519;512;514;521;482;489;529;524;519;516;518;517;478;496;517;516;511;514;509;514;485;492;520;517;521;517;513;511;510;516;512;512;519;565;528;535;538;543;535;535;556
425;462;459;449;462;458;446;436;498;506;506;511;507;508;504;512;510;513;512;497;507;511;516;511;510;513;520;478;486;518;517;522;516;512;518;481;494;512;511;510;519;512;507;483;492;514;514;518;515;511;513;513;510;512;518;518;564;535;545;526;528;540;536;569
424;461;463;455;450;455;444;447;501;507;506;517;504;507;507;509;509;515;520;496;514;513;514;517;512;517;521;485;492;523;522;519;516;518;516;484;484;515;516;515;512;506;516;476;487;517;518;509;514;514;508;516;514;516;513;513;564;542;537;537;544;556;542;592
427;464;464;452;464;452;456;447;503;507;510;520;519;508;508;512;514;515;511;492;521;519;518;515;511;514;524;487;488;521;513;528;515;516;515;477;497;507;516;517;515;508;513;485;491;514;513;517;518;510;509;519;512;513;508;517;557;532;527;522;523;534;550;718
428;462;460;444;459;465;460;447;504;502;506;523;506;510;507;512;508;510;515;486;511;515;516;514;510;515;519;476;487;523;523;521;514;518;515;469;491;518;517;512;516;511;508;487;487;512;513;519;512;508;514;506;509;511;513;515;570;544;526;538;526;528;548;559
429;470;454;450;461;467;444;462;496;501;506;516;512;507;506;511;509;518;515;494;513;516;512;520;514;516;522;486;488;520;517;517;514;518;516;479;496;512;514;516;514;514;508;488;493;510;509;512;514;513;511;510;512;511;514;521;585;537;540;523;532;539;532;578
441;467;455;458;460;465;448;442;498;507;504;512;516;506;505;504;512;518;515;496;513;516;518;517;513;522;520;474;494;518;515;519;518;514;515;483;493;516;514;511;515;514;512;475;493;516;510;510;512;513;515;508;513;515;505;522;543;562;524;525;536;560;547;584
426;468;463;460;452;462;451;453;496;504;497;519;515;507;505;511;513;514;515;494;503;511;519;518;512;520;517;478;482;522;524;521;511;509;521;481;487;514;517;512;516;514;507;484;491;514;509;517;520;511;507;514;511;510;512;513;550;546;527;532;528;554;546;544
434;468;453;441;465;449;448;458;499;501;507;515;513;511;502;507;511;512;513;484;508;516;520;514;515;521;516;483;491;523;519;519;513;514;517;484;481;514;523;517;513;518;510;478;491;516;504;515;515;506;513;504;508;510;516;514;548;537;525;542;530;548;558;574
422;467;453;466;465;453;451;443;500;511;506;521;518;508;504;512;515;516;511;484;513;517;518;517;513;518;520;486;488;526;519;523;512;513;517;483;492;517;514;517;514;506;508;476;490;513;513;516;521;507;506;513;510;515;516;517;563;527;545;538;545;539;581;607
434;465;453;446;461;458;447;450;501;507;505;519;517;516;510;508;510;517;517;500;512;515;514;516;510;515;523;484;494;528;524;520;517;517;515;482;491;516;521;515;519;514;516;487;488;513;511;517;517;520;511;510;514;509;506;517;556;537;543;530;548;539;538;602
439;465;454;455;454;460;451;459;501;505;507;521;515;507;503;508;512;512;511;503;510;517;515;516;511;519;520;481;494;521;516;522;514;514;519;486;490;516;517;518;513;514;509;477;489;513;513;519;514;513;512;510;515;518;509;522;570;528;522;539;543;547;526;706
431;465;465;454;469;462;450;450;498;499;505;513;515;507;506;508;507;511;520;494;509;518;518;520;511;519;521;482;488;523;519;519;519;514;516;483;490;516;513;519;515;516;511;478;498;512;511;521;518;515;517;514;510;512;516;516;563;539;534;524;534;560;542;573
411;467;468;443;468;454;451;450;500;507;510;516;513;510;504;514;510;517;516;494;506;516;516;515;514;517;516;473;493;525;520;526;514;518;518;484;490;518;521;513;508;510;511;482;494;512;515;518;514;511;509;511;516;516;514;514;550;535;539;520;528;539;554;575
425;456;458;450;466;461;445;447;504;506;505;516;508;510;507;509;509;515;515;490;511;514;514;516;512;512;519;486;491;524;513;521;519;513;517;473;495;515;523;515;520;514;514;487;490;513;507;517;519;505;512;508;514;513;510;516;540;528;542;525;522;529;545;600
433;448;453;447;463;460;454;447;502;508;506;522;516;506;504;507;514;514;512;493;513;520;519;517;511;519;518;476;495;524;519;523;515;517;515;481;489;519;514;514;516;514;510;481;491;515;514;517;513;511;516;511;513;502;515;517;568;540;526;536;549;536;536;587
438;463;460;435;459;449;453;452;504;507;505;521;520;503;509;511;508;514;515;491;513;517;514;513;514;517;524;476;494;528;519;521;513;513;519;475;490;520;515;519;513;511;514;480;490;518;512;515;511;509;514;507;510;515;516;511;565;544;526;528;529;552;554;606
429;473;468;446;466;459;447;460;499;506;503;514;511;507;508;509;511;515;514;492;506;518;514;520;509;518;524;482;492;519;522;523;512;514;519;479;487;520;514;510;514;519;511;480;494;515;509;513;521;513;516;514;514;513;515;515;569;535;552;522;535;540;553;739
428;463;462;452;456;461;444;447;501;504;507;515;514;511;508;510;513;510;515;499;507;521;515;517;518;522;523;475;493;524;518;519;513;518;516;474;490;517;519;513;506;510;514;480;491;513;508;517;514;516;510;506;517;512;519;510;546;566;549;522;533;527;548;590
430;461;451;454;474;458;459;456;500;512;505;516;514;509;512;509;508;512;518;489;521;516;516;512;513;514;521;478;489;523;525;521;519;515;510;482;493;515;516;511;520;512;511;484;492;514;510;516;516;512;512;509;514;518;515;514;558;538;527;531;528;545;529;596
423;458;458;457;463;457;454;440;502;507;507;518;513;510;510;509;516;511;515;483;510;518;512;514;515;521;514;486;491;524;521;522;514;513;515;471;499;517;524;514;516;507;509;478;493;516;511;514;512;515;511;506;512;514;514;516;556;535;531;521;546;534;559;733
425;468;469;451;464;454;451;449;501;503;509;525;516;509;509;504;509;513;513;488;507;519;514;517;511;517;520;485;496;524;522;521;513;512;517;486;495;517;522;515;516;514;513;486;491;511;512;519;517;508;514;510;516;513;517;517;563;564;522;525;549;533;542;575
432;448;446;472;468;453;454;451;503;507;505;515;517;511;507;514;511;512;514;484;502;516;518;516;512;518;521;474;487;525;519;523;509;518;519;475;496;515;515;509;514;513;517;484;495;509;511;512;514;511;509;511;511;513;515;514;559;534;546;529;530;539;558;578
432;456;460;443;459;463;449;442;495;499;512;520;514;507;504;509;504;513;517;492;509;517;519;515;514;520;519;477;485;519;519;522;509;518;515;476;491;517;518;518;517;519;515;487;497;516;513;513;513;508;515;518;506;520;520;516;545;567;525;536;522;535;584;711
427;471;463;444;465;457;443;454;505;511;509;519;505;511;500;505;510;516;518;502;514;521;516;512;511;519;523;475;491;523;525;526;510;518;517;483;493;516;516;511;511;516;513;480;490;517;517;514;512;513;514;510;513;513;513;513;546;566;541;522;530;532;551;731
432;468;456;450;458;455;441;462;505;508;506;519;512;507;506;509;509;511;513;497;509;516;521;514;514;519;520;487;498;520;522;521;514;514;511;468;497;516;520;510;510;509;514;478;498;514;512;516;513;506;511;517;512;514;511;512;579;541;526;524;536;537;561;588
426;460;457;442;459;450;448;452;499;506;510;511;522;507;508;508;507;511;518;489;513;511;518;513;509;514;520;473;492;520;519;521;511;516;518;478;496;518;514;513;512;517;507;483;494;510;511;516;519;512;510;511;512;513;517;516;555;531;540;531;528;530;555;584
426;466;460;451;457;459;446;455;501;501;504;515;517;510;511;511;509;513;514;486;519;519;514;517;513;514;518;473;495;518;516;523;510;513;515;474;491;515;518;515;515;515;506;484;492;515;515;514;522;511;511;514;510;513;513;519;570;562;528;526;551;538;538;563
429;466;457;451;459;458;443;458;502;507;506;509;510;513;511;510;510;516;521;480;515;520;518;513;512;516;518;471;494;518;514;523;513;513;513;481;488;514;512;517;508;503;511;482;493;513;510;519;517;512;512;509;513;514;511;522;553;534;516;539;529;534;543;587
429;463;461;450;458;455;448;461;501;505;508;515;516;508;508;509;506;514;512;495;517;517;514;514;512;516;520;472;496;523;520;521;515;513;513;484;491;513;519;514;512;511;510;479;485;513;514;513;520;513;510;517;513;504;517;514;566;537;530;538;542;543;560;754
432;469;460;452;454;456;456;452;504;506;503;514;511;512;506;510;512;511;518;483;513;515;514;516;513;519;522;487;496;526;524;519;514;514;514;478;492;513;515;522;511;506;517;480;494;512;515;516;521;520;515;516;510;516;517;512;548;540;531;533;536;532;531;559
431;462;457;447;460;459;454;446;499;502;506;521;515;509;503;513;507;513;519;484;516;512;516;520;511;521;516;484;486;525;513;520;515;515;518;482;490;515;515;515;513;515;514;488;491;515;510;518;514;514;503;513;510;515;512;509;571;534;526;542;532;532;552;570
432;472;457;455;471;450;447;447;505;503;507;510;514;508;508;514;507;514;518;500;518;515;514;516;512;520;521;484;486;522;516;520;514;516;518;473;502;513;514;518;506;514;514;475;490;516;512;514;512;504;511;511;508;519;513;519;554;562;524;535;537;533;557;583
425;471;461;464;461;456;453;456;500;501;507;515;521;510;510;505;512;516;515;487;513;516;518;516;513;519;522;478;490;522;524;516;512;519;511;479;491;516;518;513;508;517;510;481;491;512;514;515;515;508;512;515;509;510;510;518;589;542;550;536;545;549;544;561
431;461;460;457;467;461;445;449;500;503;509;526;507;506;513;504;510;517;513;482;512;515;516;518;512;516;520;469;488;520;517;520;513;514;516;481;491;516;519;516;508;515;510;481;491;515;512;511;523;506;512;508;513;517;514;514;542;532;527;516;545;534;556;580
430;474;467;454;455;460;449;452;501;504;505;517;517;510;509;508;503;512;519;484;515;516;516;515;515;518;519;487;500;519;516;517;515;522;515;474;496;518;516;513;511;513;513;478;494;510;510;517;521;508;508;515;515;512;517;514;572;543;545;524;545;539;546;570
441;456;456;452;463;458;448;447;504;510;506;513;519;509;509;512;513;514;515;487;511;515;513;515;511;518;521;477;493;522;517;519;517;514;515;487;490;513;513;517;516;506;510;483;484;513;518;516;513;508;507;514;514;511;514;519;549;566;525;526;533;531;545;590
422;451;458;438;459;454;456;453;498;508;505;525;510;506;508;511;512;513;514;490;517;515;520;522;506;518;522;477;498;518;522;518;521;517;516;477;491;520;513;518;514;512;513;481;491;515;515;521;514;512;505;509;510;510;515;519;552;548;535;527;517;534;528;557
429;466;457;445;456;458;458;454;501;503;504;512;505;512;503;512;510;516;518;489;504;519;520;516;511;513;521;479;488;522;519;525;515;509;507;481;497;518;516;513;513;512;510;486;499;515;517;510;517;517;511;510;511;516;511;511;553;538;531;524;551;557;562;577
434;466;473;450;465;460;446;440;500;505;504;510;512;510;506;511;507;509;516;483;515;518;515;517;513;519;523;481;495;523;519;524;514;515;513;478;489;510;519;516;509;515;514;482;494;513;513;511;512;513;512;509;507;514;518;512;578;539;526;523;535;531;542;556
423;453;459;451;466;449;452;448;500;505;506;513;507;507;509;512;511;513;517;491;511;519;519;521;511;518;522;481;481;521;519;524;517;514;505;471;496;515;519;522;522;512;514;487;494;511;518;517;514;512;509;512;515;513;510;515;560;536;547;544;545;531;547;600
428;459;466;439;467;457;445;452;499;507;508;516;509;512;506;507;512;511;516;486;517;513;516;515;510;515;517;478;490;521;518;518;512;517;517;476;493;517;516;515;514;515;509;479;496;512;511;514;517;516;515;521;512;516;513;514;556;532;534;519;531;535;583;589
430;463;451;455;472;445;442;449;496;511;508;523;517;510;510;510;512;513;522;485;509;515;518;517;512;520;517;472;506;520;518;524;518;517;516;480;493;522;518;515;513;515;512;477;489;512;516;507;512;516;509;513;513;518;520;517;570;541;523;525;554;526;545;557
440;477;452;444;462;457;463;451;503;508;502;525;517;509;507;508;509;515;513;490;512;519;516;514;511;514;521;476;493;519;523;523;509;517;516;478;499;520;519;516;513;514;507;475;489;519;513;514;520;511;511;510;518;509;511;514;580;558;539;520;532;535;547;739
430;469;459;450;458;456;445;442;497;506;511;526;517;512;508;509;511;513;512;498;510;516;515;516;511;518;520;480;490;521;515;524;515;512;522;475;495;514;519;521;512;511;516;488;494;516;515;514;516;514;512;515;509;516;514;515;565;536;528;538;549;562;555;711
434;465;454;446;457;457;448;454;504;502;507;515;515;510;504;509;517;507;513;487;513;518;516;518;517;513;521;490;488;523;517;518;511;516;515;467;495;522;519;518;515;519;502;479;489;509;510;512;521;513;511;510;510;511;514;514;548;564;529;522;542;555;534;742
425;463;464;450;462;457;443;434;502;504;504;511;516;509;507;509;504;517;514;490;508;518;518;514;513;516;517;477;489;524;518;522;519;510;519;477;491;520;515;513;512;511;505;487;494;510;510;518;521;504;514;508;514;515;512;508;570;539;522;540;545;535;544;591
426;452;457;444;453;456;453;455;501;509;506;518;511;506;511;509;511;514;519;495;519;517;515;517;515;520;519;478;485;520;519;521;519;512;517;482;493;513;514;513;516;510;505;486;495;514;516;518;517;512;509;513;517;509;516;519;558;535;526;540;533;556;548;591
426;467;456;450;467;472;444;450;495;504;505;518;511;510;508;512;508;513;516;488;510;517;518;517;511;511;524;484;492;518;519;521;513;515;524;480;495;518;510;516;514;513;511;480;496;515;515;513;514;506;512;513;512;512;517;519;559;535;540;532;527;531;548;571
450;455;449;445;467;457;448;437;500;503;507;513;508;511;505;509;507;512;512;499;512;513;516;513;509;518;518;475;488;524;521;524;508;518;518;477;488;516;517;517;511;510;512;483;494;518;512;513;517;519;516;511;512;516;509;519;578;525;526;536;531;534;543;600
425;467;459;443;466;458;453;446;502;509;506;524;516;505;509;509;514;514;519;490;513;523;517;514;513;518;521;479;491;527;523;522;517;516;515;475;497;516;515;511;508;508;516;477;490;510;509;516;516;515;512;511;513;513;513;515;551;529;526;523;524;532;558;575
434;461;454;457;456;459;447;466;500;505;507;516;517;507;506;507;512;515;514;493;513;513;513;515;512;517;520;482;486;526;522;520;514;506;515;487;485;516;516;517;513;514;508;481;491;514;513;515;515;508;508;509;513;513;515;516;559;539;529;537;546;558;544;549
426;462;450;453;471;466;442;459;498;504;511;506;513;507;510;511;509;514;514;494;502;511;521;512;511;519;523;479;483;521;519;521;512;518;514;482;487;512;522;512;509;516;512;483;489;511;512;515;510;515;511;509;511;508;517;520;588;543;527;523;520;540;539;603