463;464;446;317;375;464;462;458;490;490;470;341;423;491;497;494;501;496;473;341;425;501;507;497;495;499;494;390;476;506;504;500;489;486;479;454;479;490;496;486;489;491;488;490;487;484;493;489;491;491;492;488;492;493;494;489;505;550;512;514;513;486;517;486
465;463;444;328;373;467;462;453;485;485;468;346;419;493;492;487;493;492;466;344;421;499;501;497;496;499;486;391;470;501;503;500;487;482;479;451;486;491;493;487;488;490;483;477;487;486;486;488;493;493;489;481;493;489;488;484;597;787;533;518;510;499;490;508
462;465;443;326;373;469;463;454;489;487;469;342;433;494;494;490;489;495;466;336;422;499;497;491;495;499;477;390;473;503;503;499;485;487;478;453;476;493;488;478;488;485;485;483;489;492;487;490;488;492;488;489;489;487;489;489;581;560;513;501;505;506;493;492
458;466;450;326;373;466;460;453;486;486;471;338;417;493;494;492;498;496;472;343;422;500;501;493;492;497;484;390;470;508;501;500;486;482;480;458;475;487;491;484;484;486;484;490;486;487;486;489;495;488;495;491;490;491;490;490;501;515;522;521;511;502;509;498
461;466;438;326;363;459;462;454;489;489;472;334;414;492;496;489;491;494;469;341;422;503;502;497;494;499;488;397;474;504;510;500;484;485;479;455;480;487;491;482;488;488;486;483;487;485;489;484;494;488;489;491;489;488;490;493;588;536;516;511;512;490;514;487
465;471;441;323;379;467;462;450;489;490;468;334;420;496;490;491;494;497;464;341;423;504;502;501;492;496;483;391;472;509;503;501;491;486;482;458;478;487;493;487;490;486;485;480;490;490;484;487;492;488;485;487;484;486;491;496;505;789;507;517;510;506;489;500
463;475;449;326;378;469;457;458;483;489;469;339;421;496;494;493;493;500;472;339;420;500;505;498;497;501;486;390;474;502;503;500;486;488;484;457;478;488;492;486;495;480;488;481;486;484;491;484;496;492;487;491;484;491;485;497;500;791;503;519;500;504;486;495
460;471;448;328;372;462;462;453;490;485;465;339;431;496;493;484;494;496;469;340;413;504;500;496;492;495;487;392;470;506;499;502;487;483;486;457;486;491;488;489;485;490;487;481;486;486;491;487;492;491;489;486;494;495;494;487;500;541;528;503;513;499;498;511
463;468;449;323;374;469;458;460;486;486;468;338;423;491;491;487;495;492;467;344;424;503;500;495;492;497;486;392;472;501;502;503;487;482;480;453;484;493;489;485;486;486;488;482;488;489;490;489;490;494;493;492;490;491;492;489;598;519;516;503;519;506;491;487
458;466;439;326;375;466;461;450;488;484;472;338;420;496;493;490;498;495;468;344;420;500;503;492;494;496;487;392;473;504;502;502;483;490;484;454;484;492;487;487;487;483;487;480;484;494;490;488;495;483;484;487;487;496;492;490;500;782;529;510;515;515;496;471
458;469;446;325;376;469;458;437;485;485;467;339;430;494;493;484;494;490;468;341;424;502;501;496;500;496;484;396;472;500;503;497;484;486;484;456;475;489;488;477;492;478;487;481;486;486;488;487;492;490;485;493;496;492;496;486;588;514;531;505;514;503;505;819
462;465;448;327;374;466;465;442;490;487;471;341;421;497;495;493;496;495;467;338;419;498;499;494;497;494;486;386;469;502;503;503;483;486;487;456;481;489;496;484;489;490;481;483;487;492;489;486;499;490;488;487;492;491;493;487;500;521;526;517;510;515;491;482
465;473;444;322;381;469;460;454;484;486;469;339;414;495;489;488;493;500;472;338;420;504;499;494;492;499;488;389;472;507;503;499;484;488;483;454;482;491;490;485;490;488;483;487;487;487;485;487;493;491;491;487;489;493;488;487;500;525;510;513;514;513;499;492
469;470;440;328;377;467;462;445;488;493;463;340;422;496;489;494;492;496;465;341;416;504;500;493;494;499;488;392;474;505;502;499;487;485;486;454;481;485;491;491;491;491;487;483;484;490;485;485;496;490;491;489;490;490;489;494;597;520;507;509;512;512;510;499
463;461;443;330;375;465;457;449;487;485;468;342;414;495;490;491;494;494;471;341;424;505;500;497;494;495;484;390;475;505;497;500;487;490;485;453;478;490;491;484;490;482;486;482;486;489;487;490;496;485;491;490;489;489;490;487;506;539;524;515;499;507;512;488
461;469;445;327;374;458;463;452;487;485;470;334;420;495;491;486;494;490;469;340;423;499;500;498;494;495;489;393;473;505;504;501;484;488;484;458;485;490;494;488;492;485;488;484;478;487;488;490;489;494;489;490;486;491;488;490;501;534;508;507;506;507;491;479
467;462;446;327;364;463;456;451;491;489;469;333;417;495;494;491;496;496;468;347;419;502;501;497;492;491;487;391;463;502;501;508;487;480;488;455;488;486;492;487;490;483;480;476;490;486;488;482;493;489;495;492;488;489;489;491;595;549;485;502;506;510;487;510
465;467;438;323;371;464;458;453;487;493;472;335;417;491;493;489;493;492;474;339;420;497;499;498;491;497;485;388;475;497;499;500;486;482;480;459;485;488;487;483;490;492;487;481;488;490;487;489;493;492;486;493;488;487;491;487;599;519;507;506;507;504;511;473
460;467;444;327;370;466;462;452;490;485;465;334;427;496;496;494;494;496;469;339;420;502;504;496;495;498;485;389;472;502;505;494;489;483;487;451;484;489;491;490;493;485;483;479;482;484;487;486;492;487;487;492;490;494;488;490;593;784;523;515;508;506;486;509
464;469;443;319;377;465;458;448;483;488;471;337;419;492;494;489;495;500;457;339;421;503;503;501;495;500;490;392;468;499;501;501;489;484;480;456;488;490;486;487;493;486;482;485;487;486;487;486;490;492;493;490;489;494;486;494;587;787;524;501;517;507;516;481
465;468;444;324;372;473;455;450;487;494;469;339;419;493;492;492;499;496;470;339;415;501;505;496;494;494;489;397;475;499;505;498;483;490;481;454;482;487;492;490;483;489;479;484;483;486;489;485;492;488;490;493;488;490;488;494;596;773;511;508;504;494;511;475
464;464;443;320;368;472;465;453;486;487;467;335;416;492;487;486;495;495;466;332;420;502;501;493;493;499;487;386;470;505;501;500;487;486;480;453;486;491;492;483;490;489;486;484;487;491;492;484;489;492;482;483;493;488;493;485;506;521;518;497;519;495;512;516
458;466;439;327;377;466;457;449;485;490;469;346;419;494;493;487;490;494;469;340;417;494;502;499;493;496;489;398;467;506;499;501;490;484;480;451;480;488;494;492;482;488;481;478;488;489;488;485;491;492;489;491;488;489;490;490;585;795;513;506;499;494;502;508
459;466;445;329;373;465;457;455;484;489;465;334;418;491;493;487;496;498;464;337;414;501;505;495;496;500;491;386;467;506;506;504;486;484;481;458;485;485;485;488;492;493;486;487;489;489;484;485;498;494;491;491;492;490;488;488;502;790;510;498;521;514;516;515
470;467;441;327;373;468;465;460;486;489;471;342;421;492;491;488;493;492;468;330;419;501;501;492;497;499;484;394;474;497;500;497;488;490;481;454;485;492;493;489;490;486;482;484;487;489;487;487;490;489;491;489;491;490;488;485;598;783;497;508;516;511;504;498
465;469;439;320;366;464;462;447;490;492;465;340;419;492;489;488;495;499;466;335;423;498;502;492;498;495;490;388;475;507;498;501;483;486;485;461;483;489;488;489;487;489;485;486;487;489;485;488;493;489;487;497;486;493;488;487;584;789;520;518;517;502;500;501
464;465;445;321;376;466;464;454;484;484;472;343;418;494;495;491;491;497;473;342;423;497;502;494;495;498;485;395;473;500;503;496;483;481;478;455;484;495;490;487;490;487;480;478;487;492;485;482;490;487;490;491;495;489;486;487;595;544;524;504;514;495;505;477
460;470;438;323;373;466;458;449;484;491;466;340;414;490;492;488;497;495;466;344;421;505;503;499;490;500;482;390;467;509;500;493;486;481;485;455;478;491;490;487;491;483;483;481;493;484;485;484;497;486;491;488;486;496;488;486;582;532;511;516;506;497;507;808
463;469;443;323;370;460;461;454;486;489;475;338;424;492;488;485;493;495;472;337;417;506;499;496;497;502;492;396;468;504;506;496;477;491;488;457;482;488;495;492;485;492;485;485;485;485;484;491;494;488;485;491;488;488;490;492;593;524;516;502;508;490;483;490
459;464;442;323;380;461;456;451;491;489;477;341;430;494;494;486;491;500;461;337;416;503;503;497;499;497;489;389;475;508;504;500;483;489;484;455;483;485;494;489;487;486;490;478;484;487;480;486;491;491;487;486;492;490;488;486;595;786;518;514;509;505;500;527
464;473;437;326;374;469;466;451;481;487;472;345;419;491;494;486;492;497;478;339;421;500;501;498;496;495;488;384;467;506;500;498;487;488;487;457;484;491;491;488;486;485;482;480;490;486;491;487;494;491;485;486;490;484;494;486;586;551;488;492;514;515;495;491
458;468;444;322;368;460;461;454;488;486;465;343;417;492;492;490;495;494;472;340;418;500;503;496;496;501;481;390;475;504;503;502;489;482;482;460;481;487;485;487;493;483;485;480;488;486;488;489;496;491;492;491;493;493;488;490;595;524;522;503;520;510;493;497
463;469;447;326;376;468;461;451;488;490;476;326;410;496;489;491;492;498;475;340;421;504;498;495;496;498;486;395;474;501;499;503;486;484;481;458;479;487;492;482;491;488;488;478;487;488;488;490;491;486;488;486;492;488;490;488;591;543;511;507;522;515;524;800
456;469;441;327;369;465;461;442;484;487;470;335;419;497;491;487;489;494;472;341;417;502;504;499;500;502;486;387;470;505;500;498;481;484;484;460;482;493;490;492;490;490;483;488;488;491;489;487;492;488;491;493;488;494;487;487;581;535;505;505;502;490;509;500
471;475;441;322;380;465;459;457;486;490;467;339;420;497;498;485;495;496;467;339;419;494;501;496;495;492;489;389;469;497;504;501;494;487;489;455;484;489;496;487;489;483;484;483;489;484;484;489;494;491;491;490;492;493;485;488;590;785;486;510;527;496;513;523
471;472;442;325;364;463;450;450;486;490;466;341;413;492;489;489;499;495;469;338;423;504;499;502;493;500;488;393;467;503;503;499;482;487;486;456;485;489;493;482;482;482;487;481;489;487;489;488;497;488;490;483;488;487;486;493;505;786;521;513;512;515;496;496
458;466;447;320;373;470;467;449;488;487;473;334;422;492;490;492;492;496;471;342;419;499;499;497;497;498;484;391;480;508;504;497;483;481;484;455;481;488;486;486;492;488;487;478;485;489;491;490;491;486;483;491;488;492;489;486;598;523;528;503;515;509;517;491
464;467;443;329;374;473;469;448;484;494;465;339;419;496;483;490;495;498;472;339;421;505;502;493;496;499;485;390;473;506;505;499;483;488;487;452;474;490;492;483;486;492;484;482;485;491;487;487;490;490;494;484;491;493;492;492;595;513;523;498;515;503;504;493
453;465;445;328;371;456;459;452;488;484;468;338;419;497;487;485;489;498;464;335;422;501;502;497;494;499;484;389;471;503;503;497;484;492;492;449;487;488;492;489;488;485;487;487;485;488;483;487;492;489;489;486;487;495;487;491;590;553;497;507;513;506;489;482
459;457;435;319;364;460;454;449;487;489;462;341;415;489;490;491;499;489;469;341;423;503;500;496;497;497;485;392;475;502;501;501;486;488;484;453;481;488;493;486;486;481;484;481;486;484;487;488;492;484;487;485;490;491;488;490;592;514;509;505;514;498;499;503
462;468;449;321;371;468;457;447;485;484;469;334;413;494;491;486;495;495;469;343;421;497;500;499;493;498;489;387;477;505;503;504;487;487;481;459;483;488;493;491;486;483;484;481;487;489;491;488;494;494;486;485;490;489;490;493;597;533;525;515;515;503;505;491
456;468;445;327;368;473;454;444;485;490;465;336;413;495;490;487;496;490;470;341;421;501;502;498;493;496;487;388;474;501;508;491;480;489;482;457;476;491;493;484;487;485;483;481;490;490;484;487;491;490;490;491;489;490;490;491;506;564;515;507;507;512;481;491
459;458;435;322;374;471;466;447;486;487;472;340;418;493;491;486;493;494;466;339;418;498;500;494;494;499;485;387;474;501;500;498;490;487;483;457;484;491;493;487;486;489;486;478;487;490;487;486;499;498;491;489;487;490;492;492;597;565;498;494;504;504;500;522
464;467;442;325;377;461;462;447;484;487;474;328;411;495;487;489;495;497;469;339;424;501;504;491;497;493;484;394;467;498;503;499;489;485;481;459;482;490;492;477;484;484;488;482;488;487;486;486;497;494;490;490;489;485;484;494;595;548;514;497;492;502;519;499
466;465;445;324;377;466;461;449;486;483;463;338;418;492;489;486;497;494;474;336;416;501;508;498;499;499;489;397;476;502;504;501;480;485;485;456;480;491;495;487;489;493;483;482;483;491;489;488;495;493;487;489;482;487;494;489;591;518;509;503;494;510;494;493
464;464;445;326;375;471;456;446;487;484;468;339;417;492;490;493;495;496;471;339;421;503;501;499;496;498;494;392;476;497;508;502;487;484;485;459;482;488;490;491;495;485;484;484;482;486;488;485;489;490;492;489;488;491;489;486;589;510;510;498;516;502;495;479
466;467;441;326;370;471;461;452;487;492;470;341;417;493;494;490;495;494;469;338;423;502;501;497;496;494;488;393;474;498;504;498;489;485;485;456;487;490;494;490;489;491;488;481;483;488;487;487;483;489;492;486;490;493;486;488;502;793;484;496;509;499;511;512
466;467;442;321;372;473;458;440;487;489;468;335;418;495;491;489;493;496;475;340;419;503;499;498;490;492;480;385;465;507;506;499;485;484;486;455;478;493;494;485;489;485;487;485;490;486;483;486;497;487;490;485;486;490;491;491;597;541;509;513;509;492;513;503
464;465;445;325;376;461;456;450;482;489;464;342;424;494;490;489;497;494;469;340;422;504;501;496;491;492;488;390;470;500;496;495;483;488;479;455;479;493;488;486;487;480;486;483;484;487;485;491;497;494;490;496;486;493;487;489;595;517;520;493;517;488;520;478
471;463;437;324;361;462;457;445;488;486;466;341;411;493;497;490;495;492;463;340;407;507;501;499;498;496;482;392;467;503;511;502;489;483;484;458;478;487;490;489;484;485;490;481;485;494;486;488;496;486;488;493;491;492;491;487;502;551;495;504;504;502;513;530
457;464;441;326;372;466;465;456;484;487;468;338;419;496;488;493;494;500;475;326;419;507;501;498;493;501;484;389;473;503;505;503;486;482;487;455;483;483;495;489;493;487;485;482;492;491;486;486;499;491;489;488;485;487;488;489;582;782;511;504;504;508;495;491
465;465;447;324;362;456;460;454;483;491;464;335;431;497;491;487;496;495;474;338;421;496;502;497;495;494;482;393;469;501;504;498;487;480;484;458;481;487;490;488;483;481;484;477;483;485;489;489;484;489;489;490;488;490;490;490;599;777;534;498;501;499;514;517
469;465;443;322;376;460;453;452;483;490;467;337;418;493;494;489;494;499;470;340;416;498;501;500;493;498;488;390;472;508;500;502;481;486;480;458;481;495;494;491;489;482;485;483;486;488;484;487;496;492;488;486;493;489;489;487;500;535;493;506;518;507;486;483
453;460;435;328;371;474;458;452;485;487;466;344;414;489;492;491;494;494;464;341;421;502;502;495;497;498;492;391;475;504;505;499;488;475;487;459;482;490;493;493;488;487;481;480;481;491;493;487;496;490;488;489;484;490;492;492;598;534;482;514;510;506;490;494
466;463;443;329;372;465;465;451;489;487;468;339;416;496;489;490;493;489;474;335;418;498;508;495;494;492;489;392;469;504;501;501;483;482;480;458;484;488;490;488;490;484;489;477;483;493;488;487;492;490;489;491;493;486;488;491;595;517;520;512;508;516;498;492
470;466;448;328;375;463;462;433;487;486;469;345;419;492;490;486;494;498;461;339;421;498;505;496;500;497;489;391;472;504;504;497;487;488;480;460;487;489;489;489;488;483;482;487;484;485;482;490;494;488;491;488;492;485;488;491;501;529;504;503;519;505;510;504
462;462;438;325;373;466;457;449;486;487;470;340;415;495;492;495;491;496;477;341;423;504;504;498;493;498;491;388;468;499;508;503;480;487;490;453;479;489;494;487;492;488;483;486;485;492;490;485;497;494;491;493;486;489;493;493;592;518;495;512;504;516;518;498
469;468;445;323;367;470;464;444;486;487;472;344;414;495;490;488;493;493;467;340;423;497;502;496;497;501;484;384;469;504;504;500;491;488;475;456;482;490;498;483;487;488;484;483;483;483;489;487;495;489;493;488;488;484;487;491;594;514;515;509;497;503;514;500
463;466;435;322;378;461;456;452;486;491;468;340;414;490;494;490;496;495;472;339;422;500;501;494;492;500;487;390;467;508;501;499;481;484;489;455;482;486;489;486;487;490;483;483;488;486;486;487;496;489;492;487;489;488;487;490;590;782;511;513;512;515;494;514
464;464;440;327;372;461;465;440;485;487;466;341;419;494;492;488;493;497;466;343;426;501;501;499;491;500;486;394;473;503;499;498;485;487;485;452;483;487;494;485;492;486;486;487;482;492;483;488;493;487;488;490;492;484;490;486;510;512;521;505;502;515;488;498
459;468;440;328;369;466;458;448;488;485;468;337;418;493;494;489;499;496;473;336;417;500;499;498;497;500;485;391;468;504;509;501;484;488;480;461;478;491;490;483;493;485;482;483;485;489;490;484;490;490;490;492;486;488;489;486;592;781;514;503;514;517;510;488
464;468;435;329;375;473;464;451;490;489;469;332;410;497;492;492;493;494;472;339;417;508;504;497;495;494;490;392;465;504;506;500;483;490;486;454;482;489;486;485;490;490;484;479;490;488;487;487;490;490;493;491;491;488;488;485;593;536;515;505;505;509;493;481
460;461;444;327;359;463;462;446;489;486;465;334;422;493;492;491;496;494;463;339;414;497;502;500;496;497;485;392;467;503;504;501;483;485;484;455;480;486;491;490;491;488;487;480;481;489;484;486;491;488;488;485;495;488;490;495;583;781;488;503;504;516;513;492
466;464;442;323;372;464;453;442;489;488;465;344;413;494;494;491;493;492;467;341;417;501;498;496;498;501;486;391;472;508;508;503;490;485;481;451;479;484;486;486;486;489;483;482;483;486;489;482;490;492;487;485;489;490;491;489;509;551;517;504;506;500;514;500
462;468;450;324;375;465;453;450;485;487;467;336;416;492;493;490;495;496;468;342;417;503;506;495;497;500;490;387;476;506;498;499;485;491;485;457;484;488;492;488;491;487;483;485;487;492;486;487;493;489;489;483;494;488;489;494;505;516;506;505;497;506;509;488
462;465;439;328;373;463;454;455;486;488;466;339;409;493;490;491;493;497;470;339;412;503;498;495;494;502;484;394;473;506;506;497;487;487;485;458;484;491;493;486;489;492;484;480;485;484;489;486;499;492;487;482;491;488;489;497;591;548;515;512;518;501;510;491
460;461;450;317;372;459;456;455;489;490;466;341;419;492;492;490;491;500;473;343;417;496;498;498;498;499;487;374;479;505;505;498;484;491;475;450;481;488;488;486;487;484;485;481;486;491;488;484;490;490;485;486;491;484;494;486;508;510;513;511;504;497;504;506
463;471;443;326;376;465;465;443;487;486;472;337;417;494;491;489;486;495;463;342;420;501;496;496;491;501;481;391;464;504;500;496;487;484;478;454;483;489;494;486;489;480;481;488;489;491;488;491;498;487;488;487;493;488;488;489;598;511;521;511;522;516;500;494
465;461;439;322;374;466;464;451;482;487;468;338;421;493;492;489;496;496;465;337;405;502;502;499;496;498;483;391;473;505;504;502;484;484;483;457;481;496;497;484;492;487;488;481;483;492;485;484;493;490;496;487;494;486;487;491;594;511;511;511;515;511;493;524
459;462;451;324;365;463;468;450;489;487;464;332;415;492;494;492;493;496;471;339;422;502;502;503;496;498;481;391;475;500;504;502;486;486;483;462;476;489;496;489;489;488;487;486;489;484;485;487;496;487;494;488;483;491;490;494;596;542;518;502;511;508;500;497
461;468;441;327;362;465;457;454;483;486;473;342;422;487;493;489;495;493;473;339;416;496;498;497;499;500;484;393;468;499;502;504;482;488;483;460;479;488;493;488;485;490;484;485;487;487;490;486;497;496;482;490;492;483;494;487;503;542;509;506;495;507;498;504
464;465;442;321;365;461;464;454;485;487;469;334;412;490;490;494;493;493;468;340;419;499;503;493;495;499;490;389;472;500;501;497;487;488;485;456;482;488;490;485;490;487;479;482;486;491;489;488;495;490;490;486;491;486;485;487;590;786;487;501;525;502;514;503
452;466;444;326;371;464;460;450;483;488;472;340;421;492;496;488;494;499;469;340;416;504;503;499;495;499;491;390;469;503;506;499;485;488;483;462;484;492;493;484;486;486;485;474;484;484;483;490;491;493;488;497;487;489;484;489;589;518;514;501;505;503;495;524
458;468;440;327;378;457;467;440;484;489;464;337;417;493;492;491;493;491;468;336;412;498;505;497;494;502;487;390;477;498;507;496;485;489;482;459;481;491;496;483;490;488;486;487;487;488;486;488;490;486;486;486;489;485;492;487;585;512;514;503;510;498;509;796
458;463;439;327;373;461;461;448;487;490;466;338;417;497;491;488;492;495;469;341;416;501;500;499;492;496;485;384;473;499;501;498;481;487;483;456;478;487;492;490;488;490;488;480;484;489;490;488;492;489;486;484;493;489;488;484;503;514;506;504;507;495;483;488
468;465;447;325;359;460;450;450;487;481;471;340;412;490;494;485;495;495;477;335;414;503;501;500;496;494;492;387;474;501;502;501;485;486;481;459;478;491;489;486;489;487;485;486;490;490;491;487;489;490;485;493;490;489;484;489;596;786;509;501;494;499;505;497
455;465;439;324;373;464;461;451;490;489;465;345;416;496;490;494;497;495;472;339;420;499;504;495;493;499;487;388;467;507;507;501;483;486;481;456;475;487;496;492;492;493;481;485;485;490;491;485;488;487;489;493;486;493;491;491;596;525;508;491;500;505;509;505
468;470;448;324;362;461;455;451;487;487;467;337;415;495;494;493;496;496;464;334;421;500;501;493;498;496;486;393;472;503;505;498;487;487;487;455;481;494;485;490;490;487;485;481;488;490;485;485;490;489;493;490;492;488;489;489;507;482;528;496;514;502;515;528
462;470;443;327;370;453;466;443;489;488;470;341;410;492;494;490;494;497;468;341;418;502;503;497;497;493;481;378;470;504;497;498;492;483;474;456;482;490;489;490;492;487;479;477;485;485;490;487;496;490;489;487;490;487;487;490;593;519;482;504;519;511;491;495
463;464;444;327;374;469;453;445;486;492;469;338;414;491;490;492;493;500;462;338;418;502;502;500;496;501;495;380;474;500;501;501;485;485;480;445;480;494;491;488;487;492;487;483;481;486;488;485;497;487;485;488;489;488;491;487;506;786;522;516;504;510;508;507
455;474;445;324;373;467;453;458;486;486;469;335;432;493;498;490;491;496;466;338;418;502;501;499;497;498;482;389;466;504;502;501;483;488;484;453;478;492;496;488;489;485;481;486;486;488;485;487;496;489;488;488;489;490;488;492;599;781;519;499;506;510;510;484
465;466;435;326;365;468;462;455;486;487;461;339;415;490;492;487;497;496;473;339;416;501;500;496;496;494;486;390;472;500;504;501;486;489;475;452;479;486;487;484;487;487;477;480;483;490;483;488;486;494;489;487;486;487;488;488;590;518;513;499;507;501;499;489
460;466;437;326;377;464;453;451;487;489;467;336;414;494;491;490;491;497;470;337;416;503;502;497;498;496;483;388;468;508;501;502;489;485;486;459;486;486;492;489;484;484;486;479;486;487;485;487;494;488;489;486;495;488;493;490;505;512;508;500;510;501;507;509
460;466;440;321;372;460;454;450;482;487;469;337;415;494;494;490;497;492;470;336;411;496;503;499;493;496;487;388;472;502;501;501;484;488;478;456;480;488;488;485;489;486;488;483;483;486;492;486;492;488;490;490;491;485;493;483;502;506;511;512;501;492;505;477
460;469;445;327;372;472;459;442;484;484;469;340;417;492;490;491;495;497;472;339;418;500;503;501;494;496;491;370;467;507;504;502;487;486;483;463;479;489;492;486;488;487;487;479;492;492;484;489;493;494;490;488;493;489;486;492;592;521;511;487;507;499;493;502
454;466;446;327;373;470;455;437;488;487;472;338;417;493;491;488;494;495;468;339;418;500;503;496;492;499;487;386;471;510;503;500;489;490;483;455;484;489;493;489;490;487;486;481;489;488;488;485;495;493;487;493;487;486;493;487;595;517;503;512;502;499;488;511
467;461;434;324;363;460;471;452;487;486;466;343;416;492;493;488;492;496;473;340;413;501;499;499;498;499;483;387;471;505;496;505;487;488;486;459;485;488;494;489;486;496;487;487;489;489;483;487;495;486;482;491;487;484;496;488;595;513;529;499;500;497;497;489
465;466;438;325;374;464;454;453;488;486;466;341;420;494;493;491;494;498;469;339;413;503;502;498;494;498;485;391;468;508;506;499;491;486;483;457;485;489;490;488;488;490;484;486;489;493;489;488;496;494;485;488;486;486;491;486;576;511;511;502;500;509;510;484
460;470;445;323;363;464;459;450;490;488;472;339;417;493;495;487;490;496;462;341;418;500;498;497;497;495;489;390;475;502;499;497;488;489;486;457;474;492;498;487;483;492;483;486;485;494;490;489;495;491;489;491;487;487;489;488;581;779;518;501;518;511;516;477
472;457;444;324;372;453;466;444;485;489;474;338;419;495;494;491;491;496;468;340;415;504;499;495;497;499;493;392;471;504;505;502;483;488;484;455;485;492;492;485;489;481;485;488;484;487;485;487;491;488;494;485;487;490;487;489;501;547;521;518;514;494;499;509
459;468;430;327;367;462;460;453;490;484;468;336;418;491;487;493;496;496;469;338;420;502;499;499;497;494;486;394;470;503;504;503;486;493;481;456;481;489;491;483;491;492;481;483;488;487;489;487;491;490;491;489;493;488;490;488;503;528;501;507;510;494;504;488
456;466;447;324;362;465;466;437;484;487;472;337;419;490;490;487;495;493;469;340;417;500;502;496;496;495;491;389;474;504;503;495;487;490;487;451;480;492;487;484;489;488;476;484;488;487;486;486;497;485;490;487;496;489;488;489;506;787;529;494;508;505;515;484
460;467;434;325;377;465;459;445;484;486;470;342;416;495;492;494;496;499;468;339;418;500;501;496;496;499;489;385;475;503;503;495;490;491;485;458;478;484;489;486;489;487;486;480;486;484;490;488;494;486;483;486;490;488;488;486;505;534;510;490;516;496;510;486
462;465;444;321;374;463;446;444;487;486;467;341;426;495;495;486;495;493;468;341;419;497;502;498;498;495;491;382;471;502;499;502;491;486;484;456;480;489;493;482;488;489;486;483;485;486;491;488;492;494;491;493;490;485;489;490;593;528;491;502;508;500;502;504
467;461;444;325;373;466;457;450;486;486;470;337;417;497;493;494;494;492;472;338;417;500;504;500;494;498;487;390;463;502;500;502;489;486;484;459;479;491;492;487;485;487;485;482;484;489;490;490;495;491;493;494;491;487;489;487;503;553;528;491;504;508;508;489
464;456;444;326;371;470;451;444;491;488;468;336;414;494;495;490;490;496;471;337;422;499;498;494;501;500;486;387;467;507;505;499;489;484;486;459;485;491;493;486;484;485;484;478;485;490;484;484;490;492;491;490;490;490;489;486;500;781;521;492;504;491;492;515
459;461;437;324;376;463;457;442;489;494;466;342;415;493;491;491;493;496;470;339;423;498;507;498;495;496;483;392;472;504;503;499;487;480;484;458;485;491;492;488;489;482;486;484;485;491;486;488;490;486;487;493;489;488;484;493;503;796;515;516;507;492;502;508
454;470;447;324;375;464;454;437;482;486;467;326;421;493;491;490;493;492;468;339;420;499;501;499;499;499;488;389;472;511;499;500;488;485;488;459;486;489;490;489;490;484;485;484;491;490;487;486;495;487;484;485;494;489;492;492;594;518;513;513;505;510;492;516
462;469;446;324;367;470;463;448;488;485;467;334;417;493;488;493;492;496;470;336;414;501;500;499;497;499;482;384;463;503;498;498;489;483;487;458;486;495;493;488;487;489;490;483;481;491;485;490;489;488;484;495;488;488;488;488;501;518;517;501;511;507;513;487
464;465;450;329;366;463;461;455;487;487;470;340;414;491;492;488;493;499;468;339;416;500;501;498;497;499;489;389;468;502;501;502;487;484;489;455;480;489;489;486;490;491;487;486;487;490;483;482;495;492;488;494;488;490;489;489;505;550;500;511;506;513;495;511
462;465;441;326;361;471;461;449;484;486;468;341;412;493;490;485;495;496;463;343;420;499;498;495;493;496;488;386;466;498;504;502;489;487;481;448;486;489;490;485;487;486;484;481;486;489;485;482;497;483;491;486;487;487;488;487;508;518;532;505;508;509;488;801
462;462;435;327;374;470;448;451;488;484;467;340;425;489;491;488;495;497;455;338;422;498;500;493;497;501;485;379;472;495;506;497;487;487;488;459;479;493;496;487;492;484;492;481;484;483;485;485;495;490;484;491;491;487;490;487;584;775;518;505;510;503;509;494
458;463;450;323;363;463;461;455;486;493;468;345;413;496;490;486;491;497;465;337;413;502;499;496;492;501;479;393;463;507;498;505;484;487;485;462;480;483;491;488;485;488;484;481;484;488;487;490;493;492;489;489;482;489;487;496;502;538;501;498;503;506;505;477
460;468;432;327;372;462;462;450;487;489;471;332;415;493;491;487;494;491;467;338;420;497;498;497;494;493;480;388;472;505;503;500;486;485;480;446;482;493;488;489;491;480;486;481;482;489;487;483;494;492;484;488;492;488;488;483;588;534;519;502;524;506;510;503
460;466;446;325;373;462;456;455;488;489;464;338;417;496;496;488;498;495;465;339;419;503;501;502;497;494;484;391;471;505;501;496;483;485;485;459;476;495;489;488;482;487;484;480;481;488;486;484;488;488;488;488;490;490;490;488;593;512;530;491;515;493;503;488
455;466;435;325;368;464;453;443;483;489;467;335;414;491;494;486;495;494;468;341;413;500;502;499;496;497;485;391;469;507;500;502;488;485;484;454;481;486;491;484;485;488;484;487;482;486;485;484;491;489;483;485;486;485;488;490;501;538;520;506;506;507;519;507
462;469;442;324;361;466;465;447;483;488;470;341;425;490;489;490;491;498;468;330;420;502;500;497;494;497;487;384;468;499;502;498;489;484;479;457;477;480;494;490;495;486;484;477;489;487;488;486;492;489;485;487;491;490;487;484;587;494;518;511;510;492;508;482
462;463;436;326;378;470;457;450;484;487;469;338;418;493;488;493;493;496;470;338;416;499;501;494;496;498;483;386;470;502;497;503;489;482;483;453;480;487;492;488;487;486;484;488;483;489;487;490;491;490;487;489;495;490;487;495;595;486;513;507;501;498;516;483
457;460;436;324;372;465;453;447;488;490;471;343;416;492;490;489;500;492;465;343;414;504;500;492;496;497;484;385;470;504;504;497;483;484;483;465;484;493;493;487;487;487;485;484;486;489;489;486;491;494;486;482;486;489;484;490;593;781;512;509;506;504;508;492
471;462;442;329;371;470;462;450;485;481;467;336;414;493;488;491;497;492;467;341;415;504;501;499;495;494;486;381;477;508;505;497;488;484;483;448;479;493;490;488;488;495;480;488;490;482;489;490;493;489;495;487;489;490;492;489;599;516;526;498;510;502;514;500
458;467;440;325;364;465;456;449;485;491;465;337;419;499;495;485;494;497;475;339;418;503;501;498;494;494;489;385;470;500;503;499;479;485;483;455;481;492;488;487;490;491;488;485;485;488;491;484;490;490;486;492;491;492;489;487;597;508;510;502;505;499;499;483
465;466;432;319;373;462;455;453;488;486;464;341;416;496;493;490;495;496;460;340;414;501;502;499;494;507;483;385;466;502;499;505;491;490;487;458;486;491;493;485;486;480;487;485;489;493;485;483;490;489;488;492;490;487;490;489;596;521;521;512;506;500;506;486
463;467;442;322;373;460;456;442;492;491;469;338;422;496;491;486;492;499;464;339;411;501;497;501;494;493;486;384;467;502;505;495;483;484;485;457;479;490;494;489;487;490;485;484;491;488;487;487;489;486;483;490;490;487;489;489;592;529;514;511;510;498;496;496
450;467;448;325;364;467;454;447;488;487;471;342;419;493;492;492;496;497;471;342;418;506;501;496;496;501;487;383;465;502;506;499;485;487;489;449;481;490;493;489;491;486;490;481;491;493;490;484;493;493;493;484;496;490;488;494;583;534;507;506;505;500;508;498
462;466;444;324;364;459;455;437;486;487;467;334;416;492;495;492;492;495;475;340;415;497;503;496;495;500;489;390;468;509;506;500;483;491;487;459;485;487;490;487;486;483;491;483;486;490;482;490;491;492;493;486;494;490;488;491;598;541;509;501;502;486;513;506
459;466;441;324;375;462;460;445;485;487;469;338;415;490;494;494;493;501;465;340;415;499;501;497;495;499;489;384;470;506;504;501;483;487;486;458;480;495;490;487;496;487;488;481;491;489;487;484;487;493;492;488;490;485;488;484;592;544;507;502;509;518;511;502
467;466;441;323;372;458;451;451;482;486;466;337;420;487;494;488;496;495;474;338;414;501;502;499;491;501;488;377;465;506;503;501;484;480;475;449;484;489;491;489;487;492;485;488;482;485;482;487;492;489;490;486;491;491;489;491;592;504;516;503;506;501;514;507
458;461;429;323;364;462;464;437;488;488;470;339;416;493;490;493;498;496;471;338;416;503;501;494;495;492;487;397;473;503;501;498;489;487;483;449;480;488;496;487;489;488;484;481;483;487;488;487;491;490;487;485;491;488;487;490;594;500;500;502;509;509;504;483
460;461;445;323;364;467;458;450;485;489;469;340;421;490;493;491;494;489;473;339;416;501;501;498;501;497;491;386;464;504;500;496;492;487;481;456;485;494;492;488;487;491;487;481;486;487;488;487;493;491;485;491;491;484;485;490;501;530;527;510;508;504;510;507
467;474;433;324;373;460;460;442;482;489;470;341;419;494;492;492;492;493;463;339;416;500;501;498;492;493;487;382;475;502;503;500;492;480;483;450;476;491;496;485;492;490;484;479;483;486;480;490;492;484;487;486;488;488;487;486;597;529;514;497;507;502;510;481
459;473;441;323;374;459;451;447;486;486;474;339;421;491;490;486;496;493;469;337;414;499;499;497;497;496;486;387;478;505;506;498;477;489;480;455;482;492;493;485;487;491;480;484;488;490;487;487;497;490;491;493;491;488;487;491;587;778;512;506;505;488;492;500
466;467;439;324;363;462;451;448;489;488;469;335;425;491;490;486;498;497;466;340;417;503;504;502;492;499;489;385;476;507;507;500;488;491;484;451;483;488;489;488;484;488;490;482;490;488;486;484;496;490;494;491;490;486;487;491;581;482;508;502;506;492;514;499
465;462;445;327;375;466;468;445;489;489;472;339;418;489;490;496;491;499;468;339;415;501;501;504;500;499;486;384;473;511;499;496;486;487;489;457;479;493;497;491;493;484;483;487;490;491;487;485;489;486;486;482;490;496;487;482;591;516;510;506;500;500;512;503
460;462;436;323;372;461;455;453;486;489;469;338;420;491;490;487;492;500;463;340;416;503;502;501;498;504;488;389;470;501;504;503;485;494;484;448;486;488;493;491;495;494;483;479;483;486;493;481;497;497;489;488;496;491;487;490;599;506;507;502;519;509;501;510
460;466;445;324;376;465;456;445;487;489;468;334;418;491;487;495;496;498;471;338;413;497;501;499;488;500;486;388;474;505;497;493;488;489;483;451;478;490;489;485;489;487;488;482;485;488;487;488;490;487;495;489;486;490;489;489;596;526;493;504;493;494;498;492
461;463;437;325;376;462;451;448;490;483;470;333;413;492;490;490;491;496;468;336;422;494;497;497;492;501;485;388;476;502;504;502;487;487;489;457;477;487;497;483;491;486;482;480;487;480;491;478;497;492;485;488;491;492;491;493;592;535;509;492;511;504;515;503
458;466;446;319;373;471;466;452;491;489;464;344;414;496;492;493;496;497;467;338;421;497;498;498;492;499;488;388;474;503;505;502;490;484;477;450;481;490;496;490;489;487;478;484;486;491;488;487;496;490;490;487;488;482;488;491;508;530;504;504;506;493;508;498
459;472;444;327;377;459;454;446;486;491;468;342;419;495;486;492;494;499;465;338;421;498;496;496;494;495;486;384;475;502;502;504;487;483;486;452;483;484;494;485;489;491;484;480;486;494;486;485;492;488;493;492;487;484;487;489;594;502;524;501;497;500;508;490
460;467;435;326;374;464;460;452;488;489;464;332;413;489;491;491;496;495;465;335;420;500;503;501;496;495;488;390;476;502;504;501;485;487;484;458;478;488;493;487;485;485;480;481;488;491;491;486;494;497;487;489;487;486;487;494;597;798;514;500;505;514;509;491
459;467;437;326;374;467;450;436;489;489;473;336;419;494;488;494;488;495;460;337;420;498;501;496;499;500;483;388;469;503;500;500;484;485;479;454;478;488;493;486;490;489;487;482;488;489;486;488;496;490;488;486;490;491;487;488;590;532;505;513;504;501;489;499
458;463;447;327;375;462;451;457;485;488;468;340;416;490;488;488;494;491;469;340;416;501;503;504;494;497;489;390;466;504;497;498;491;490;487;455;480;487;491;487;488;487;482;485;485;485;486;487;489;491;488;485;492;492;487;492;506;523;515;499;508;501;500;513
465;468;437;323;363;460;465;445;486;487;471;337;422;495;490;490;495;492;461;340;416;499;502;496;500;497;487;385;473;502;504;501;487;483;486;458;482;491;497;485;491;493;485;476;480;492;485;486;496;492;485;495;494;492;492;490;591;508;517;507;506;508;517;481
463;465;437;328;364;466;463;443;484;487;467;337;411;488;490;487;495;496;460;339;428;505;499;499;496;502;487;391;471;503;504;497;490;487;486;452;483;494;487;491;488;487;488;486;489;490;489;485;496;483;486;491;488;490;490;489;586;522;524;514;519;503;512;488
465;472;439;326;376;463;459;455;487;486;468;340;424;494;494;495;491;494;469;339;424;496;502;497;494;501;483;390;472;503;506;499;485;487;485;456;484;491;488;483;487;485;487;486;487;492;484;488;492;490;487;491;487;486;488;491;593;498;524;499;515;504;504;515
473;465;442;329;371;464;457;440;487;487;466;335;415;495;491;487;497;494;467;341;416;502;502;501;498;501;480;386;468;504;506;500;487;489;484;459;487;491;491;485;488;485;488;479;487;491;484;486;495;487;485;485;485;490;490;488;595;522;495;501;507;491;507;502
458;464;432;323;363;460;459;456;484;485;473;333;416;494;490;492;493;496;469;341;420;500;498;498;491;497;487;388;476;504;501;502;488;492;485;457;480;494;495;484;496;488;487;471;483;487;486;485;489;484;489;488;491;488;490;491;597;504;521;504;500;512;508;483
461;462;446;324;374;467;455;439;488;491;466;338;420;496;492;492;494;488;467;338;410;502;500;501;496;498;488;391;466;507;502;499;488;488;479;452;483;489;491;485;489;485;484;482;487;491;485;489;492;488;486;492;491;486;485;491;584;538;514;501;512;505;515;499
460;464;438;324;374;469;462;435;488;487;468;340;415;491;493;492;496;498;472;340;417;502;501;497;493;496;483;388;470;500;504;506;491;485;483;458;484;492;496;489;487;491;487;480;484;494;489;485;493;490;489;485;492;486;488;487;500;537;502;505;510;499;513;504
461;464;444;326;370;457;453;449;490;488;470;335;415;488;497;484;489;496;473;340;420;500;503;499;494;497;489;384;474;509;504;497;481;484;486;453;479;494;491;486;488;487;484;483;488;486;492;487;488;497;493;489;488;490;492;487;599;778;507;503;503;509;492;482
460;461;436;321;362;464;457;446;490;485;470;337;421;494;492;486;495;492;462;336;416;500;502;497;493;499;493;382;469;501;506;500;482;484;487;457;481;491;494;488;490;487;483;483;488;494;491;488;493;489;486;488;485;495;491;485;588;542;506;490;498;495;509;484
457;466;444;323;369;466;456;440;491;489;475;335;408;489;494;489;496;492;469;340;424;502;505;496;492;502;489;384;475;507;502;501;482;481;478;458;486;488;491;488;488;486;480;483;484;493;486;486;496;489;493;490;485;488;487;487;593;529;521;506;501;491;484;479
464;462;441;325;373;462;454;451;487;485;470;337;411;497;493;487;496;496;468;339;418;496;499;496;495;497;488;387;478;508;506;500;489;487;486;454;477;490;491;492;490;487;483;488;485;495;488;484;488;494;488;489;492;485;489;486;593;503;510;508;512;493;497;506
462;462;451;326;373;458;454;444;490;487;467;341;419;498;493;486;492;495;469;342;415;503;504;499;495;502;482;388;470;503;499;494;494;487;486;454;482;491;491;483;491;485;487;483;490;487;487;490;493;485;488;486;490;490;489;490;592;546;513;504;512;493;502;494
458;464;439;326;366;464;457;457;482;487;466;342;426;495;488;487;491;499;466;338;421;504;499;498;493;496;483;384;473;503;498;500;485;486;479;453;482;489;490;488;484;489;486;486;486;495;485;489;490;492;494;485;493;484;487;487;593;526;510;506;504;504;516;482
463;470;446;322;371;463;458;452;486;488;468;340;415;492;491;487;496;498;471;335;420;500;502;497;497;494;484;388;465;507;506;497;489;481;484;452;483;489;491;485;488;488;483;480;488;493;486;485;497;488;494;487;488;488;487;490;591;510;491;498;508;507;504;516
454;461;433;322;363;458;463;451;491;485;471;337;417;495;490;488;497;502;469;338;414;498;502;498;495;499;484;388;471;499;502;504;487;486;486;452;490;490;489;488;486;490;486;478;486;488;484;489;495;492;485;487;492;494;494;490;500;788;527;497;505;509;488;478
466;466;446;326;362;466;461;455;483;487;475;334;414;496;496;493;491;493;476;339;416;501;500;499;497;497;485;384;468;504;500;499;487;488;481;454;478;489;491;489;488;486;487;479;485;487;489;487;494;487;486;489;488;493;492;490;593;523;514;494;503;511;510;484
463;466;446;327;374;470;460;451;483;484;469;341;415;493;490;490;497;495;467;336;419;500;499;500;494;494;488;394;460;505;504;503;489;491;487;453;478;491;493;488;492;491;480;482;487;489;487;487;492;491;482;492;486;491;487;489;586;526;525;508;505;511;513;481
461;465;452;323;370;459;451;446;482;489;475;335;412;492;488;491;495;499;469;339;416;500;497;503;495;495;486;390;468;503;504;502;489;485;487;460;478;487;492;480;487;489;486;482;486;486;488;489;493;486;494;485;493;492;489;489;597;547;509;504;503;506;508;494
460;463;429;327;373;464;452;449;487;491;466;337;417;494;492;492;495;495;468;339;418;498;504;495;495;497;485;382;470;503;505;497;486;486;487;456;479;488;493;486;486;485;489;484;486;489;488;485;488;491;482;491;488;496;487;488;596;504;504;510;514;501;506;494
459;462;439;321;373;466;462;445;487;484;468;337;415;497;492;491;495;498;469;340;418;503;502;499;493;497;482;381;467;503;500;501;480;485;483;455;482;490;496;484;489;482;491;478;485;486;494;490;492;489;491;489;489;491;490;482;593;535;512;507;507;503;494;503
463;468;439;322;370;462;457;451;485;493;469;338;411;492;490;491;494;491;470;341;420;499;504;498;500;494;487;387;468;503;503;502;490;484;484;454;481;489;483;492;490;487;485;484;487;490;487;485;492;491;489;487;490;486;491;490;587;516;527;501;502;505;504;519
459;465;438;326;364;460;458;450;484;489;471;334;418;492;490;491;492;498;473;339;421;505;501;499;495;495;488;386;469;504;506;498;490;486;488;458;480;494;487;487;487;487;489;481;484;488;486;485;497;490;492;486;492;488;486;490;500;491;491;504;502;508;512;512
460;468;453;323;372;456;462;452;487;490;470;338;416;494;493;485;495;495;472;339;418;500;500;499;494;498;493;384;474;505;496;502;487;488;485;453;482;489;491;486;492;485;483;478;487;490;487;486;494;491;486;489;492;485;489;488;598;512;510;511;512;502;498;504
457;476;440;321;378;467;465;450;482;491;469;339;419;497;492;487;491;495;475;337;423;500;500;500;492;494;483;388;464;502;499;501;492;486;484;457;484;493;490;487;488;487;482;482;490;489;487;485;490;490;490;495;489;490;494;488;590;505;507;502;505;508;492;502
464;467;445;325;365;457;453;450;481;485;466;340;418;489;496;494;490;498;464;340;419;502;499;497;494;501;487;389;473;503;505;496;485;489;485;456;483;490;492;488;490;492;493;485;484;492;489;491;494;492;491;487;490;491;483;487;585;537;502;506;506;502;501;519
458;471;446;324;370;462;462;452;486;489;470;339;413;492;494;484;497;496;472;339;416;501;504;502;496;498;486;383;475;502;506;496;489;479;478;457;480;492;493;487;492;486;491;481;487;480;493;488;495;489;490;491;491;489;486;485;592;538;503;501;512;502;478;489
463;472;445;330;363;456;452;450;485;489;467;337;422;492;492;490;493;491;471;338;424;496;503;498;493;497;480;387;468;508;502;496;484;486;481;450;490;491;493;494;488;492;486;482;490;487;492;484;486;485;492;490;491;490;488;487;591;533;506;503;507;506;504;500
456;466;436;325;373;459;456;442;487;493;470;342;414;492;494;487;493;497;472;340;419;502;501;495;497;498;484;380;467;505;503;497;479;487;481;454;476;493;492;486;486;489;487;483;489;490;490;486;499;485;489;489;490;487;490;485;590;516;524;500;507;508;491;503
458;457;439;323;372;462;453;451;484;489;470;340;419;496;490;484;491;491;471;341;414;501;503;500;494;501;487;387;470;507;501;500;490;489;486;463;484;489;489;489;490;479;484;481;487;485;492;488;492;487;492;486;492;489;490;492;502;531;517;501;518;495;510;500
460;471;448;325;373;460;456;449;487;487;468;343;414;493;490;490;493;505;470;339;417;499;504;496;495;495;483;387;472;497;501;500;484;485;485;456;482;492;491;486;486;489;482;483;487;485;484;487;496;487;487;483;486;489;490;494;592;527;522;517;513;508;509;483
456;462;432;325;370;466;457;446;487;487;470;335;413;495;492;487;496;493;469;341;416;499;498;497;495;498;479;386;468;504;505;503;480;487;483;456;482;490;496;489;487;485;487;485;483;482;488;486;492;487;490;489;490;490;489;492;500;524;529;498;511;500;503;487
456;470;441;326;369;459;451;443;481;490;469;334;421;496;493;489;498;496;461;335;416;502;502;498;497;494;483;382;472;505;501;497;482;478;488;459;479;485;488;487;487;483;486;483;487;494;484;485;496;492;489;491;491;486;492;484;598;493;502;495;503;504;503;477
464;464;447;327;367;473;452;445;489;491;470;339;416;491;487;490;492;494;464;341;417;497;500;496;496;496;486;395;475;510;505;499;485;483;484;457;484;491;492;488;484;484;487;486;484;494;485;489;492;486;482;492;486;495;491;491;595;493;508;501;514;506;503;484
460;465;440;322;367;461;456;449;488;487;471;333;413;494;487;486;496;494;469;339;417;500;502;496;496;499;484;384;472;505;510;502;489;485;486;451;480;486;494;488;489;483;489;476;489;494;489;483;489;485;486;488;493;491;488;491;593;522;518;503;510;495;504;502
460;471;442;327;371;462;448;443;485;492;466;342;420;490;491;486;494;498;462;339;423;504;508;500;501;496;486;386;473;501;502;504;487;489;492;452;482;493;488;486;489;485;484;477;490;488;483;486;495;492;485;493;490;486;484;488;505;531;505;505;494;503;502;496
457;463;445;324;376;461;458;448;489;487;470;337;419;493;492;487;494;490;472;339;418;501;501;498;497;503;477;384;467;499;500;501;481;485;484;456;482;488;490;485;490;481;486;482;487;485;486;487;495;487;489;488;487;494;489;485;592;497;488;493;510;494;512;498
456;461;445;326;369;471;451;454;488;487;472;339;413;493;494;489;499;494;464;339;421;495;503;494;496;498;488;376;473;506;498;500;488;485;487;452;489;493;486;490;478;488;487;475;477;487;485;488;495;488;487;493;490;491;491;493;599;505;514;494;506;515;515;488
463;465;445;327;370;466;455;444;490;487;473;342;415;493;489;493;489;493;466;342;423;502;505;498;497;499;484;380;471;503;500;497;490;489;486;460;485;492;492;488;488;486;485;485;491;486;489;486;493;489;483;485;494;487;488;486;500;516;525;511;509;493;494;498
459;463;435;326;370;461;468;432;489;483;463;339;428;499;489;491;495;495;469;342;418;501;500;496;488;498;488;388;476;502;505;502;487;485;486;454;484;492;488;489;491;484;490;482;483;490;484;488;495;489;489;487;488;491;488;489;593;509;519;510;517;496;506;505
455;469;438;325;371;457;459;442;484;486;464;341;411;493;495;490;495;495;473;339;420;501;497;500;495;499;483;384;470;502;504;497;489;485;485;456;488;489;492;488;488;489;487;487;488;487;487;487;497;490;489;486;488;490;491;491;599;530;507;496;494;504;483;526
459;463;437;323;370;463;457;442;486;489;468;340;414;496;492;491;494;496;473;343;419;500;503;494;498;499;488;383;471;504;502;496;481;492;481;451;481;492;492;488;494;489;486;481;487;489;489;484;489;489;489;493;491;487;493;492;594;507;504;509;515;510;510;495
463;465;441;323;366;469;466;447;485;488;469;337;419;497;493;487;498;496;464;341;425;498;501;499;493;498;485;382;474;505;503;496;483;486;484;446;481;491;494;489;490;487;483;482;488;493;489;487;492;486;492;489;487;489;490;485;595;536;512;500;520;501;497;485
463;462;440;328;372;465;455;440;486;486;470;339;413;491;495;491;492;503;470;337;425;502;503;495;497;498;483;378;471;499;500;501;488;487;490;452;483;491;495;486;487;484;487;481;484;488;488;487;496;493;490;495;492;492;490;488;502;792;521;508;506;501;504;513
454;470;440;328;374;463;465;451;482;490;469;338;418;497;492;489;492;497;468;337;421;497;503;496;496;496;487;385;471;507;501;497;490;482;478;454;481;496;493;490;487;485;485;479;488;484;484;485;490;490;484;490;495;489;489;490;595;503;506;513;514;491;499;508
459;471;446;325;372;459;455;448;487;487;468;339;411;496;490;490;493;496;462;339;428;498;499;499;495;497;484;385;475;508;507;502;486;486;485;450;484;490;492;484;489;487;482;480;487;489;486;490;494;487;495;490;492;490;486;488;591;513;500;503;506;498;498;488
458;466;440;323;374;466;460;447;487;485;470;340;420;493;495;490;495;494;466;338;419;501;502;498;499;498;489;386;469;510;507;499;487;488;482;453;478;488;492;486;492;494;483;486;485;492;488;489;491;492;485;492;488;490;490;488;588;529;497;491;508;499;511;509
459;467;447;322;364;473;461;451;486;487;469;337;419;494;492;491;496;497;465;340;420;499;502;497;497;501;483;386;473;501;499;500;483;488;480;451;480;492;490;487;492;487;485;483;489;489;491;484;495;488;485;484;492;490;491;487;553;561;508;503;508;490;497;510
467;469;434;326;376;463;452;450;486;492;470;335;422;495;490;491;492;501;466;341;418;502;503;497;497;501;485;385;465;503;501;501;482;494;481;454;482;489;490;488;492;485;486;482;487;488;488;487;491;489;483;491;490;490;489;487;503;505;511;507;517;501;489;494
457;465;445;324;374;461;465;456;488;488;465;337;414;490;494;488;493;499;467;339;421;504;502;494;496;499;485;384;477;504;504;501;488;489;481;458;482;489;488;486;493;484;486;488;486;492;488;487;497;491;491;486;492;492;492;483;595;495;511;506;516;499;505;477
460;464;435;319;369;465;457;452;486;492;464;341;418;493;494;489;491;492;468;341;418;498;500;497;496;501;483;383;461;507;501;500;489;486;482;454;484;489;490;486;488;486;482;482;492;486;489;484;490;487;487;492;488;491;490;486;500;511;527;498;510;498;513;493
467;466;443;323;377;454;452;439;495;487;472;341;414;491;493;489;496;495;467;336;412;503;499;496;496;497;487;382;469;506;500;498;488;491;485;455;482;491;493;486;487;486;484;481;487;489;486;487;492;480;490;492;492;492;487;489;598;532;506;509;521;493;508;504
454;467;443;327;363;465;454;450;488;489;468;335;413;494;491;490;497;497;468;338;421;501;501;497;494;500;485;390;469;503;505;502;483;487;485;456;483;494;495;484;492;487;490;477;484;488;486;487;486;490;492;488;491;493;494;487;506;525;500;503;506;500;509;480
460;467;440;324;377;463;458;442;486;488;466;340;419;492;497;488;492;496;465;337;419;499;504;494;495;495;487;388;471;507;499;499;484;486;481;451;490;490;490;494;489;491;483;483;487;491;491;490;493;487;494;487;488;492;490;490;505;497;510;505;502;507;510;509
457;469;435;328;374;466;450;442;492;492;466;344;418;489;493;488;495;500;465;337;419;504;497;497;497;498;482;377;464;501;504;497;481;481;481;459;481;491;495;487;489;484;484;486;486;483;487;487;485;489;486;490;495;489;490;491;595;499;515;498;504;497;509;483
458;470;433;322;372;457;451;450;488;488;473;342;428;490;490;488;497;497;467;342;422;504;501;498;495;497;489;382;474;507;501;501;487;483;481;456;483;492;492;490;485;488;483;478;490;486;489;486;492;489;491;486;487;487;489;490;594;498;511;497;504;489;512;520
468;468;435;325;373;465;457;453;486;491;470;341;424;493;490;489;493;493;470;339;420;499;502;496;499;499;486;386;473;508;499;497;490;483;486;457;478;491;498;491;491;488;486;479;485;488;483;482;490;492;485;488;494;487;487;485;593;531;520;512;507;496;505;487
466;466;444;326;369;465;456;445;489;491;470;335;419;492;491;489;491;494;461;343;415;501;500;492;499;503;479;383;468;501;508;502;483;489;478;453;484;488;488;485;483;480;487;482;488;493;487;484;495;489;487;491;487;489;488;488;580;518;524;509;508;514;506;503
455;470;433;324;375;465;453;437;489;487;472;342;421;494;492;490;493;498;474;339;423;501;501;493;495;501;488;378;472;508;504;505;488;488;476;461;484;490;493;485;490;492;491;486;489;488;484;485;495;489;487;490;488;487;488;488;597;738;517;507;514;513;504;512
464;461;442;322;377;467;453;448;490;486;467;341;413;493;494;489;488;502;467;340;422;501;505;497;492;500;484;384;468;502;500;500;487;487;483;451;481;487;491;484;495;484;486;485;489;491;489;485;487;494;490;486;493;486;493;485;508;533;513;504;515;504;512;509
461;462;442;323;366;470;468;447;487;486;471;339;418;496;489;492;495;496;470;337;423;506;496;498;499;500;486;381;461;503;499;503;487;485;484;449;481;489;491;484;488;484;485;478;484;489;483;488;494;486;485;485;487;488;494;492;594;546;515;510;498;508;513;481
454;465;434;322;373;464;454;446;484;485;470;337;416;492;490;493;492;500;476;337;415;503;500;495;498;497;483;383;474;501;506;501;484;485;488;455;482;487;496;487;491;491;486;486;492;489;486;482;495;487;491;486;489;490;491;485;581;497;507;499;514;498;510;479
460;465;439;327;363;459;462;448;487;486;470;338;414;493;493;488;500;497;470;340;426;503;498;500;494;498;487;389;469;509;496;504;485;484;484;451;486;491;493;482;491;483;493;477;485;487;488;492;491;485;489;488;489;492;491;488;599;559;511;502;517;501;501;498
464;465;447;327;375;462;453;434;489;488;464;343;415;498;492;488;496;495;462;339;420;500;500;501;498;499;490;382;471;509;508;501;490;487;481;456;480;489;494;483;489;491;486;474;489;489;486;487;493;486;485;485;487;489;490;490;588;511;507;502;507;495;509;485
465;467;446;321;370;460;463;449;484;485;473;341;414;492;493;498;497;499;466;339;419;503;507;498;494;500;483;387;473;508;502;496;486;489;484;455;487;489;491;490;483;488;485;484;492;487;494;490;491;496;486;485;490;490;487;488;589;513;512;495;498;486;486;497
465;464;440;321;376;459;458;440;486;489;468;340;426;496;491;490;492;497;465;338;419;503;503;496;497;495;484;388;469;508;502;498;486;486;483;448;481;495;492;490;485;492;484;485;482;494;485;487;495;488;490;489;489;493;488;488;595;788;506;517;522;497;508;490
459;465;443;327;361;466;457;445;487;489;467;342;419;496;494;493;496;496;465;341;416;504;502;496;492;500;482;386;477;503;506;498;482;491;480;459;476;488;498;490;490;483;486;481;485;488;488;485;492;490;485;485;492;494;491;490;598;764;509;500;519;493;514;498
454;468;440;327;371;467;450;443;490;485;468;339;418;495;494;488;495;496;467;338;420;502;503;495;496;497;477;377;465;507;504;504;484;486;483;454;481;488;494;489;493;491;486;479;484;485;483;489;492;486;487;485;483;490;488;490;594;779;503;505;515;494;499;488
462;468;440;327;370;469;451;439;487;491;467;337;423;494;492;489;490;496;471;338;423;502;497;496;489;498;484;382;473;510;504;497;486;480;474;458;478;493;493;488;486;482;481;479;482;494;488;487;493;494;486;486;491;488;492;485;597;526;507;509;503;499;497;508
463;469;445;327;364;461;452;444;483;489;467;342;421;492;496;490;493;497;472;336;422;496;501;499;498;492;485;385;468;510;503;502;483;485;480;452;481;489;493;482;485;486;492;477;489;490;485;488;489;493;490;493;486;485;491;487;581;500;526;496;512;500;513;490
458;465;441;324;369;459;457;449;479;490;468;334;420;493;492;495;493;498;467;337;423;501;501;496;492;495;481;383;470;503;502;502;480;485;480;456;481;488;490;488;494;485;486;483;485;488;490;486;490;490;485;485;492;489;488;491;596;526;511;500;522;499;501;492
460;472;431;324;371;462;458;435;491;487;471;336;416;495;492;489;494;498;466;339;421;500;499;499;494;495;488;385;470;502;501;504;492;488;487;455;486;489;489;487;482;487;484;485;490;491;488;487;497;489;489;485;489;487;487;486;509;520;521;499;499;519;502;523
462;462;448;324;370;462;463;452;485;490;466;335;413;491;493;492;496;496;470;334;423;501;503;502;493;494;486;384;472;506;504;501;486;488;484;460;484;492;496;488;488;485;482;480;487;490;486;487;490;488;487;485;492;490;492;489;502;508;505;508;503;507;513;500
461;462;437;327;375;464;456;445;482;491;468;339;419;491;493;491;491;497;465;342;420;502;496;496;499;501;483;384;471;503;501;500;486;487;481;461;485;488;493;488;489;490;483;488;489;492;484;487;495;484;487;489;488;490;493;482;584;508;517;495;501;513;478;485
462;467;434;322;371;468;462;445;490;490;470;339;420;495;494;491;493;494;467;341;419;505;504;497;494;503;486;382;472;508;506;496;486;484;485;454;481;490;498;489;488;493;489;477;493;487;488;487;487;493;492;492;491;489;488;483;595;513;506;496;503;493;512;518
452;462;435;330;374;459;450;454;489;488;467;333;422;490;494;495;493;497;465;341;420;500;503;494;496;495;473;383;469;501;502;507;491;487;487;458;481;489;495;489;487;486;480;483;483;488;486;490;489;487;491;485;488;491;491;491;598;519;510;494;497;505;506;503
457;473;429;324;366;459;463;449;486;486;465;341;421;495;489;485;496;492;471;338;425;500;506;498;493;500;490;385;474;510;498;502;484;483;480;445;482;492;489;489;494;486;485;484;488;489;488;486;487;493;493;486;489;491;490;487;589;787;506;497;504;496;509;491
457;463;431;322;369;463;464;448;488;489;469;342;418;492;489;487;489;499;471;346;415;502;508;495;493;500;483;386;470;504;502;501;487;490;484;452;486;490;492;487;495;488;491;484;484;487;487;481;491;493;497;492;489;487;488;488;595;529;514;509;502;500;510;492
460;469;441;327;378;465;453;450;487;487;468;342;415;493;490;488;493;498;462;341;423;499;500;492;497;497;485;387;466;504;504;501;494;486;481;454;480;492;499;488;494;488;483;483;488;491;488;487;489;490;489;486;491;483;487;488;595;531;519;508;501;502;507;480
464;463;443;327;370;461;452;449;483;487;473;342;415;499;494;492;492;496;469;339;424;500;501;499;496;502;488;383;468;504;504;505;490;487;481;453;482;487;494;491;491;488;485;487;490;491;486;487;491;488;492;486;492;495;488;490;502;520;504;507;496;500;483;523
452;467;438;323;371;463;459;450;488;488;468;337;417;495;490;489;494;496;467;341;419;502;501;500;494;498;489;388;460;506;506;499;487;482;484;449;485;493;498;485;493;484;493;479;484;488;482;486;492;494;490;489;490;484;489;490;585;523;516;499;500;508;488;497
460;465;443;326;365;468;460;440;483;490;467;337;415;496;496;490;494;496;471;339;421;502;499;497;493;497;484;382;472;506;507;504;484;492;481;450;484;488;497;485;486;484;484;488;486;490;487;488;497;493;492;487;483;488;488;490;588;514;518;514;504;494;510;507
460;469;436;325;363;466;456;439;487;489;471;337;416;493;495;491;494;496;465;340;421;504;502;493;499;495;486;383;470;498;502;501;484;486;483;452;483;491;496;490;485;488;488;481;487;488;483;482;487;494;488;492;486;490;489;485;595;504;518;490;503;503;504;479
463;467;435;322;363;462;456;444;486;490;472;336;415;490;494;497;496;500;462;339;414;502;504;496;497;497;490;386;471;506;504;498;487;484;486;455;477;489;495;484;482;491;487;477;481;485;485;489;487;485;487;483;487;488;490;485;502;486;521;495;510;499;503;491
466;471;434;332;377;475;451;443;484;490;466;327;420;496;491;487;497;499;464;344;424;498;501;496;494;496;490;387;474;504;504;498;489;485;480;452;484;486;494;486;491;482;485;484;483;490;489;484;491;489;493;490;487;487;493;487;584;736;509;499;509;499;504;503
459;464;442;326;374;466;456;440;487;491;465;342;417;490;489;489;497;493;464;337;426;503;499;499;494;500;487;380;467;499;504;501;490;488;481;457;483;493;494;488;490;488;491;481;490;496;492;485;486;490;492;487;489;488;490;487;504;524;518;504;517;516;493;522
456;461;441;329;365;462;453;445;489;488;471;326;432;491;491;487;494;497;473;341;420;502;501;500;490;495;480;388;473;500;504;500;489;490;490;450;484;494;492;488;488;490;486;485;491;482;486;489;491;490;488;492;490;485;491;487;505;540;506;501;503;498;509;495
454;463;442;320;365;464;459;447;484;492;469;339;417;491;497;485;499;494;467;340;420;505;499;504;495;496;486;379;475;505;502;504;483;486;481;449;490;491;490;486;485;490;485;484;485;490;480;486;498;488;487;488;487;484;489;492;597;496;509;504;502;507;511;477
463;468;442;323;369;459;469;446;487;490;469;338;418;495;487;488;499;497;466;337;425;496;503;495;495;498;482;388;476;504;506;500;484;481;482;448;486;491;495;489;486;493;486;485;486;492;488;484;495;486;483;492;490;494;490;486;597;511;511;510;499;499;486;479
459;463;446;323;372;472;456;447;485;487;473;341;430;490;495;488;495;494;466;339;419;498;504;495;495;496;487;386;470;507;502;502;484;487;484;455;481;490;490;490;493;485;483;480;493;485;489;491;489;491;488;487;493;490;487;486;592;520;502;502;500;500;519;496
460;466;431;328;374;462;452;445;487;488;471;331;413;492;490;489;496;496;462;339;421;497;504;499;490;498;488;383;475;503;502;505;487;486;485;455;479;491;494;490;490;492;485;482;487;490;488;485;495;490;482;492;490;488;492;488;592;512;509;511;504;487;513;499
462;460;446;326;372;461;454;449;487;488;470;339;414;496;494;494;491;495;478;343;423;501;501;496;495;500;490;381;467;502;505;499;486;486;485;458;475;493;493;485;492;487;491;478;486;488;491;485;497;490;489;487;493;487;490;492;506;513;510;495;514;506;482;493
461;461;443;324;375;461;454;434;489;485;469;341;419;493;491;491;495;497;479;339;419;504;501;499;499;498;489;385;472;505;503;499;487;484;485;456;479;493;490;487;486;486;483;481;490;490;487;490;493;495;486;492;490;487;492;490;586;536;508;508;508;485;489;508
459;469;445;325;377;463;454;445;485;494;467;343;418;491;488;487;494;497;463;339;421;496;502;497;495;498;487;382;470;501;506;501;492;489;480;458;474;488;490;490;490;487;490;483;482;489;489;486;492;490;485;485;490;491;487;487;599;537;507;500;501;497;480;487
457;463;438;324;373;460;454;445;486;489;472;337;422;499;489;491;493;494;464;339;426;499;504;499;497;496;487;386;472;508;498;503;490;482;478;453;485;487;491;489;491;490;486;487;487;486;486;485;492;485;490;487;490;494;489;491;597;527;520;508;504;510;486;477
464;467;450;322;375;466;461;442;487;490;470;339;417;494;496;489;492;496;468;336;419;501;500;500;491;501;483;382;466;493;506;499;494;489;485;455;486;495;492;490;490;495;485;479;482;494;488;487;489;491;484;486;497;488;490;484;591;786;498;494;515;506;509;503
464;463;437;326;372;466;466;440;488;489;467;343;420;490;489;488;492;492;466;339;428;503;507;498;497;497;489;377;464;502;504;502;487;488;486;449;484;491;492;488;485;487;485;483;487;491;489;489;491;488;494;488;493;485;487;486;590;486;501;510;504;499;485;495
461;461;446;323;376;464;453;448;489;487;470;339;417;490;490;488;494;493;477;341;422;499;505;495;495;494;486;385;473;507;506;499;491;489;479;456;487;493;496;489;489;489;484;480;492;488;491;484;492;490;487;485;499;493;489;487;532;509;518;509;507;500;508;522
466;465;439;324;374;460;456;445;483;485;469;335;416;494;490;491;493;492;471;338;418;498;502;496;492;495;486;384;470;502;502;501;488;486;481;452;484;489;493;487;487;483;483;482;487;490;490;488;495;488;491;488;485;491;485;487;592;533;487;499;507;493;482;516
460;466;441;326;364;464;456;452;491;485;468;338;422;496;500;495;491;494;467;339;423;500;502;498;495;495;485;384;466;506;504;501;487;486;486;450;481;490;492;487;486;491;480;478;488;490;484;484;491;484;490;486;490;489;485;493;596;563;521;497;508;513;499;498
459;466;444;323;363;465;461;444;486;491;473;339;415;496;492;488;491;491;470;339;427;502;499;495;495;500;482;379;474;507;503;497;488;483;486;455;479;484;489;489;488;484;488;481;490;486;487;489;497;489;495;485;485;492;493;486;500;531;508;498;511;496;509;485
454;464;441;322;373;466;460;453;486;489;466;335;423;493;492;490;495;497;467;338;423;503;500;494;495;501;482;379;465;502;503;501;492;486;487;455;484;495;489;486;487;488;485;476;485;487;492;484;491;486;494;493;483;485;488;485;590;508;499;510;500;498;497;510
460;468;439;321;372;465;461;446;489;489;466;333;418;493;494;485;491;497;471;339;422;497;501;498;498;498;481;383;469;498;506;497;486;487;485;454;489;488;490;485;494;484;483;477;486;492;489;491;491;487;490;486;487;490;489;490;586;512;508;502;499;498;508;489
472;469;446;326;371;462;452;450;492;487;464;339;420;489;490;492;497;492;475;341;417;497;495;498;495;500;485;380;467;506;506;503;490;488;488;454;486;487;490;488;489;479;490;480;486;492;484;490;492;487;488;495;487;491;492;491;579;516;511;504;508;495;510;497
458;461;434;324;375;468;449;448;483;490;468;333;410;496;493;491;495;500;461;338;425;495;502;497;494;500;482;379;467;506;505;503;492;493;482;457;488;491;494;488;492;490;481;476;487;488;487;483;494;491;485;486;492;490;488;492;594;533;512;503;502;502;507;480
450;464;443;322;380;467;458;443;486;490;470;337;417;491;487;494;497;497;472;339;421;491;503;498;498;501;484;384;471;505;503;506;490;488;481;455;481;483;489;486;489;490;487;480;483;485;486;490;494;497;489;487;488;485;483;487;578;530;506;503;510;498;510;487
463;463;444;324;373;463;456;446;492;485;467;342;419;496;496;483;493;497;471;340;424;502;502;495;493;496;486;382;469;500;509;502;486;487;483;448;483;490;490;490;490;489;483;483;485;489;489;481;488;493;485;496;493;488;487;489;583;496;515;490;518;490;489;492
465;467;439;324;369;457;455;455;484;488;466;338;414;497;490;488;494;495;471;338;419;498;498;497;494;498;482;390;470;505;503;503;488;487;483;461;487;492;494;489;489;490;477;485;492;488;489;486;491;494;486;492;488;484;486;488;593;528;484;502;508;503;502;496
455;464;435;324;376;462;465;445;487;487;466;344;420;490;491;495;496;494;465;343;422;502;501;495;490;496;489;387;473;503;502;499;479;489;484;449;482;489;489;483;490;484;485;473;485;487;483;487;495;487;491;489;490;493;487;491;593;544;506;508;502;498;506;484
460;471;448;322;373;457;453;446;490;485;467;344;419;495;488;489;489;490;470;336;419;502;502;498;494;496;489;385;472;504;500;503;486;485;484;457;482;488;492;487;487;487;483;481;489;492;485;487;489;492;487;484;490;486;491;488;590;527;507;516;509;498;502;502
458;465;438;321;371;462;454;450;486;490;468;338;413;496;495;490;496;495;475;335;423;501;503;496;492;491;486;383;472;503;503;500;486;492;484;457;489;487;497;487;490;488;486;477;487;493;489;486;491;486;486;488;489;488;489;487;586;493;524;500;505;487;510;508
455;463;446;329;374;458;464;443;487;489;472;342;414;497;489;492;494;497;464;345;424;498;500;499;496;491;480;385;467;503;502;502;488;490;488;452;487;488;490;487;490;486;491;479;482;490;486;489;499;492;486;490;491;487;486;486;500;503;498;506;501;498;498;499
457;457;437;326;380;461;459;446;489;487;469;336;420;490;493;492;494;500;467;345;424;502;504;499;500;496;490;386;472;504;505;501;488;490;489;449;485;492;492;488;488;480;489;479;485;487;487;488;485;492;489;489;483;492;492;493;598;500;505;514;505;490;490;484
459;464;442;322;371;459;460;448;487;487;471;336;418;498;492;486;494;498;468;336;421;503;505;499;498;501;486;384;472;508;500;497;491;485;482;452;478;490;495;490;493;490;489;485;487;485;485;486;495;491;486;483;488;487;488;486;505;523;505;505;509;505;507;527
461;468;442;323;373;459;457;440;488;485;471;335;421;497;491;486;493;493;470;340;416;500;500;498;495;500;487;383;468;506;504;501;487;484;483;447;482;492;493;489;487;487;488;477;487;489;487;489;488;491;491;484;488;491;487;491;596;540;523;503;506;493;494;514
467;465;432;327;361;467;456;450;489;494;471;347;419;492;492;492;490;497;464;339;422;502;503;500;497;504;490;386;475;504;508;499;487;482;485;453;475;494;495;485;488;481;483;487;488;485;488;485;494;490;490;489;490;490;492;487;580;530;518;503;511;492;481;483
462;465;440;327;372;467;458;447;484;489;465;343;417;496;492;493;497;496;469;338;424;498;500;496;497;499;483;382;467;500;502;500;481;489;483;461;484;493;493;488;490;484;485;480;482;487;489;487;489;490;487;491;486;490;494;487;592;778;507;503;503;501;496;513
454;469;442;324;374;464;455;445;487;486;467;338;412;493;491;490;492;496;465;338;422;505;501;494;497;500;485;384;470;506;501;500;486;489;487;448;480;489;493;487;486;489;490;480;490;489;491;485;489;493;486;493;495;488;492;488;575;532;510;510;497;493;508;496
459;464;445;324;365;464;455;440;487;494;462;342;420;490;490;490;497;493;463;339;422;500;503;494;501;501;481;378;465;504;503;495;494;485;485;454;482;495;488;488;489;486;482;479;488;492;485;484;495;486;487;489;491;489;487;493;594;534;515;498;504;503;508;486
462;467;445;321;371;463;455;447;482;485;470;337;430;491;490;490;496;489;470;341;416;501;506;500;493;499;490;380;475;509;501;497;485;486;485;450;488;487;491;488;486;485;486;483;487;488;489;484;497;490;491;493;489;485;489;488;504;552;508;498;501;508;505;498