Leitura Plastico Branco - 30cm - VL53L5
		 [	1	2	3	4	5	6	7	8][9   10  11  12  13  14  15  16][17  18  19  20  21  22  23  24][25  26  27  28  29  30  31  32][33  34  35  36  37  38  39  40][41  42  43  44  45  46  47  48][49  50  51  52  53  54  55  56][57  58  59  60  61  62  63  64] 
1859 -   [419;446;368;315;349;419;400;392;480;484;430;323;419;493;494;478;490;491;427;329;443;504;507;494;494;500;438;338;464;501;502;498;479;487;448;351;460;497;503;492;478;478;451;369;461;488;480;482;481;479;472;457;482;480;482;489;490;481;480;483;482;482;488;494]
2724 -   [401;450;373;311;346;417;409;396;481;487;430;323;414;496;492;478;489;492;432;327;432;495;503;494;493;493;434;343;464;504;505;498;488;487;437;347;465;498;503;491;474;478;452;367;459;484;486;482;478;473;479;451;482;485;482;481;492;482;484;481;484;482;483;481]
3689 -   [407;440;375;313;349;419;408;403;484;482;426;327;412;490;485;478;487;495;424;329;434;505;502;495;492;493;439;337;463;501;505;496;486;483;437;350;450;496;502;489;478;474;450;369;461;486;484;482;468;476;474;443;472;482;484;480;479;484;477;475;489;485;490;487]
4654 -   [420;453;367;314;350;425;409;397;480;481;429;321;413;496;490;482;488;497;427;333;436;499;504;493;491;494;450;336;463;503;502;494;484;488;438;348;457;496;498;488;474;478;451;368;460;483;485;484;477;481;477;443;478;484;482;492;484;487;478;486;486;484;489;484]
5619 -   [420;453;371;313;343;418;407;391;477;483;429;324;413;490;488;481;489;495;427;329;433;501;504;491;489;496;440;339;459;505;504;494;486;488;427;352;465;498;499;494;480;475;454;374;456;483;481;480;478;477;470;450;472;478;482;481;481;485;479;484;484;486;486;490]
6584 -   [420;446;371;312;353;417;407;394;481;477;432;327;413;492;495;479;488;492;437;327;432;503;500;490;491;495;434;338;468;502;507;499;491;482;435;348;464;490;498;486;472;476;455;366;460;484;483;479;480;479;472;447;474;480;480;486;495;481;476;477;480;487;489;484]
7549 -   [422;443;372;312;359;416;407;388;481;480;429;328;418;490;488;480;484;489;428;329;435;498;500;495;487;492;433;346;462;503;507;496;483;486;436;343;467;496;500;485;475;472;449;372;461;483;483;482;477;474;471;450;484;479;486;484;486;472;476;483;484;483;488;483]
8514 -   [409;453;356;312;352;416;407;389;481;481;426;320;417;497;487;481;489;492;438;330;438;499;500;495;492;490;439;340;457;507;501;498;481;485;448;349;470;492;497;486;479;479;446;372;463;485;480;483;479;476;472;449;477;480;488;482;482;477;480;485;478;488;482;488]
9479 -   [417;451;373;314;352;417;404;399;478;481;433;321;415;494;492;482;488;489;432;328;433;500;501;489;495;497;437;339;464;501;505;497;482;482;443;351;459;493;498;489;484;477;450;367;458;488;482;487;476;477;476;454;481;481;482;483;485;482;479;487;485;488;486;491]
10444 -  [415;445;371;313;353;416;409;398;482;482;432;322;410;490;487;481;491;491;437;329;445;496;502;497;494;499;440;342;462;503;506;493;484;488;439;336;464;495;500;489;474;479;449;372;460;483;482;478;475;478;479;450;480;482;486;483;488;481;479;483;481;479;485;488]
11409 -  [423;447;367;310;348;418;395;395;479;480;432;325;413;494;486;486;489;489;424;324;445;502;500;493;492;498;435;339;449;503;502;496;483;490;437;338;463;499;498;491;477;473;452;369;458;480;484;482;480;474;474;449;479;479;482;482;483;477;476;484;481;489;484;489]
12374 -  [409;441;359;313;352;427;406;393;485;482;429;322;414;493;489;479;489;485;436;329;432;497;507;496;490;497;437;338;464;501;510;495;474;481;442;352;467;505;498;488;477;476;454;370;465;484;480;479;476;476;473;441;482;478;484;482;482;480;481;477;482;485;488;478]
13439 -  [408;443;371;313;353;415;408;400;478;482;434;325;416;488;495;478;487;490;427;323;447;500;501;493;487;499;437;341;456;506;506;501;490;483;431;349;465;496;497;490;477;477;450;372;460;478;484;488;477;478;474;446;479;478;481;483;476;475;477;483;477;491;486;489]
14404 -  [416;439;360;315;356;416;411;387;476;480;433;326;410;491;487;482;490;495;422;330;442;495;504;493;493;496;438;342;460;504;506;498;482;478;433;348;466;498;500;484;474;479;451;371;457;478;485;483;478;479;474;453;479;476;489;484;488;482;477;487;483;486;481;480]
15369 -  [413;447;375;308;351;413;413;405;481;482;431;322;406;490;493;479;487;492;432;329;442;503;504;495;491;496;442;344;462;509;497;494;483;489;449;350;466;494;501;491;470;475;452;371;460;484;478;484;475;480;470;453;475;483;483;487;479;475;481;488;485;486;483;486]
16334 -  [420;441;367;312;345;421;400;390;477;481;427;326;412;496;494;478;486;489;428;327;435;503;500;491;490;496;433;340;460;506;497;495;482;486;435;348;465;500;500;486;474;476;458;375;461;484;482;482;481;477;475;446;477;482;485;483;484;480;477;476;476;478;491;484]
17299 -  [413;447;370;310;346;419;406;392;475;485;430;327;408;491;486;478;488;490;437;328;433;501;504;498;491;495;439;336;459;506;508;501;488;488;444;351;468;498;499;483;480;480;452;369;461;483;483;481;479;475;472;448;478;486;482;483;478;481;476;480;482;479;478;494]
18264 -  [420;445;371;316;356;410;408;400;478;483;432;322;414;493;488;475;487;495;434;330;435;503;501;494;492;497;438;338;461;507;507;493;483;484;431;350;463;497;504;490;476;477;451;370;460;478;486;482;485;474;474;451;479;475;480;480;498;478;480;483;473;484;488;486]
19229 -  [420;448;372;316;347;421;409;394;482;484;433;324;409;495;492;476;488;490;426;329;435;497;501;492;493;495;445;334;456;504;507;496;487;483;436;354;465;497;502;488;472;479;452;364;455;483;478;483;478;479;470;448;479;482;483;479;492;475;479;478;483;479;482;492]
20194 -  [420;443;371;316;349;417;396;397;478;484;430;326;412;494;485;481;490;493;435;328;430;501;502;493;492;500;440;337;465;513;506;497;485;481;434;345;463;500;502;484;475;476;451;365;465;481;484;484;477;479;472;448;476;478;481;479;494;487;476;482;488;490;492;492]
21159 -  [424;444;377;310;352;408;402;398;478;486;428;323;416;490;492;473;488;493;436;330;446;497;502;496;494;500;437;338;453;504;505;496;485;486;437;351;459;493;498;487;474;473;446;366;457;481;482;479;471;475;476;454;474;481;487;485;486;480;477;475;488;480;486;487]
22124 -  [407;461;360;312;352;416;407;396;476;480;425;322;409;487;488;482;486;493;439;326;444;493;502;493;497;496;433;336;461;505;506;496;483;481;432;348;466;497;495;488;474;475;445;373;458;480;485;485;480;480;475;447;481;481;486;481;481;487;475;479;479;487;480;485]
23089 -  [415;446;360;314;352;421;397;384;483;478;428;320;411;490;491;479;491;493;431;333;432;502;500;488;491;500;426;335;462;506;501;496;483;486;440;354;462;488;499;488;475;476;452;368;459;485;484;482;478;475;472;443;481;479;476;483;476;482;474;480;481;481;485;492]
24054 -  [426;444;369;310;348;424;410;396;481;482;418;327;413;496;493;479;492;490;429;328;437;501;501;488;495;496;436;340;464;505;501;498;483;490;436;348;465;495;506;484;478;479;453;372;459;484;490;483;479;479;475;444;478;478;482;486;482;483;479;486;481;487;485;491]
25019 -  [422;456;370;316;349;421;407;391;480;483;435;326;419;490;493;481;488;491;436;326;443;500;506;492;495;500;441;339;464;505;506;496;479;490;430;347;459;493;497;488;474;477;453;364;459;481;483;480;473;473;475;452;476;479;484;483;487;480;474;482;480;483;482;488]
25984 -  [419;446;367;310;345;422;409;400;476;484;418;321;414;499;492;477;491;482;438;327;445;496;507;495;489;493;435;338;460;506;508;492;486;486;436;352;454;504;497;489;476;475;452;368;462;484;484;482;476;473;471;450;474;485;484;483;477;476;475;490;489;490;485;486]
26949 -  [420;451;372;313;350;416;415;396;479;480;429;327;418;492;490;480;488;490;435;326;433;502;507;488;489;498;437;335;460;506;506;495;487;483;435;346;465;500;498;482;480;479;450;369;462;484;480;484;475;478;478;442;480;483;484;486;478;477;481;476;477;481;496;488]
27914 -  [415;446;366;313;358;418;404;400;475;483;434;323;422;488;493;479;488;491;433;326;427;500;504;493;492;494;448;341;463;504;508;493;481;487;432;351;468;495;500;487;479;480;449;368;465;485;482;482;475;475;473;449;475;475;482;480;488;485;477;484;487;485;487;481]
28879 -  [416;451;369;317;361;417;408;392;482;478;430;323;413;495;492;475;491;491;423;328;435;499;499;496;491;496;442;336;465;509;508;498;486;488;447;351;460;489;494;481;478;481;452;368;459;485;479;488;482;477;476;444;480;478;482;484;490;472;480;478;478;481;489;487]
29844 -  [426;446;372;310;351;419;408;390;479;488;427;326;416;490;494;477;491;492;426;328;434;500;503;493;489;497;447;337;460;505;505;498;485;492;442;346;465;501;501;489;473;481;448;368;458;477;484;478;477;480;473;447;475;480;479;483;480;482;480;487;477;486;492;489]
30909 -  [424;447;370;313;352;417;408;402;478;480;432;326;414;493;493;481;489;493;428;325;432;498;504;495;495;493;436;341;458;506;502;492;486;486;446;346;460;496;505;489;477;477;451;371;456;481;480;478;480;478;470;452;484;473;481;483;481;481;480;483;485;489;484;487]
31874 -  [412;446;370;313;346;421;401;404;479;481;435;322;411;490;494;477;486;490;427;325;434;500;501;494;492;492;432;339;462;506;505;495;483;487;432;354;466;495;502;488;474;478;437;376;457;483;482;485;477;481;476;446;479;481;484;485;482;479;478;479;483;477;486;490]
32839 -  [409;446;370;310;351;417;410;394;480;482;435;326;415;491;488;480;489;487;438;327;436;506;501;493;496;500;438;334;459;506;505;498;479;487;445;352;460;498;499;487;480;476;450;369;458;482;485;478;475;480;474;451;478;481;483;481;486;481;481;483;480;485;486;480]
33804 -  [420;460;359;313;348;414;406;400;479;483;431;320;415;494;494;480;486;491;433;329;447;502;499;494;496;493;441;342;458;506;507;499;486;483;440;350;466;495;496;486;472;479;454;372;461;484;485;483;477;479;471;451;473;477;485;485;484;476;477;485;484;488;482;488]
34769 -  [422;440;370;307;351;405;405;390;478;481;425;323;407;496;494;479;492;491;426;327;442;499;502;494;496;496;435;340;445;509;503;497;485;482;434;350;463;495;498;486;480;474;449;371;457;486;483;484;480;476;474;454;477;480;485;485;494;481;473;482;478;487;480;490]
35734 -  [414;443;362;309;348;410;409;400;476;484;433;325;415;491;493;482;489;491;421;325;436;503;505;497;492;497;441;339;463;499;509;499;485;487;433;343;463;494;502;485;481;480;451;372;460;484;480;484;478;472;473;455;476;488;479;489;495;479;477;474;474;482;489;491]
36699 -  [406;442;367;309;347;416;406;388;479;483;427;327;420;488;490;485;489;492;428;330;442;502;500;495;491;496;437;337;451;505;505;499;483;485;431;351;462;495;500;487;479;476;453;366;453;484;484;482;482;474;470;448;474;483;483;484;482;478;479;479;490;488;485;484]
37664 -  [407;448;373;317;347;423;396;401;475;483;431;326;413;494;497;477;487;485;434;326;433;499;501;496;490;490;434;330;465;506;504;496;484;491;434;354;464;494;501;485;473;477;448;371;469;479;481;484;478;482;469;443;475;480;481;488;492;476;480;479;479;489;480;490]
38629 -  [423;447;370;311;354;419;409;387;475;481;433;325;409;488;492;477;488;490;445;327;435;498;504;493;491;493;438;337;458;506;506;497;485;485;434;351;468;496;496;482;473;474;449;372;465;480;486;487;479;476;476;450;481;483;487;479;489;490;478;480;490;488;491;479]
39594 -  [405;448;369;312;349;416;404;398;479;487;428;325;420;496;493;478;491;494;424;326;434;500;506;493;492;492;439;339;467;503;509;497;487;483;429;349;466;496;500;485;483;480;453;374;465;485;485;484;481;477;472;446;476;486;482;484;488;478;476;484;482;485;488;489]
40559 -  [424;435;369;311;352;414;400;394;480;484;435;322;419;490;494;478;491;491;423;326;434;500;503;496;492;492;440;338;467;505;507;496;479;488;429;349;465;497;499;489;474;478;448;367;462;483;481;481;475;475;476;452;479;479;485;489;484;479;486;473;476;482;489;492]
41524 -  [424;453;361;314;354;417;402;390;484;482;429;316;427;493;490;480;488;491;439;330;433;495;506;499;492;493;438;339;464;508;505;501;484;484;447;349;464;493;503;487;480;478;454;367;460;486;482;480;477;471;471;451;481;483;484;481;477;480;475;485;488;486;480;484]
42489 -  [409;440;368;312;349;421;407;397;479;484;432;324;415;495;494;476;489;489;421;327;433;500;504;494;489;494;445;337;463;509;506;497;481;488;433;348;464;496;497;487;475;472;446;368;456;479;489;482;476;475;477;455;479;477;483;487;481;485;477;486;479;483;495;484]
43454 -  [419;449;372;308;352;421;414;393;482;484;428;329;413;490;492;475;488;495;427;326;434;502;504;494;494;491;436;336;470;502;505;492;483;484;435;354;461;490;502;489;472;477;451;370;461;484;480;483;478;480;475;449;475;483;480;489;482;481;479;486;485;489;487;476]
44419 -  [410;445;366;312;351;414;409;402;477;481;429;327;414;492;492;481;494;492;436;326;436;501;505;497;489;489;435;334;462;505;505;497;483;487;444;349;463;494;501;492;479;478;455;369;463;480;484;478;474;479;476;448;481;479;482;483;486;480;479;481;478;484;487;484]
45384 -  [411;448;378;316;342;419;412;398;480;480;438;318;429;491;492;480;487;497;434;328;433;503;504;489;490;492;434;342;453;501;501;501;482;488;438;346;466;494;501;485;475;479;449;368;459;481;483;483;477;473;479;449;479;481;484;479;485;478;478;479;486;481;494;482]
46349 -  [421;442;376;312;343;416;411;393;480;481;429;323;429;493;494;480;485;491;429;329;446;498;505;492;490;498;439;330;462;504;505;502;485;483;435;349;465;495;501;489;478;473;451;364;459;487;483;480;480;478;475;452;478;483;480;480;477;479;475;483;490;489;491;482]
47314 -  [417;446;372;310;346;426;405;394;481;487;436;324;419;490;490;482;492;496;423;327;444;498;506;491;494;498;434;337;456;503;505;492;480;486;443;352;463;495;503;489;480;479;447;369;463;481;486;486;479;476;472;449;486;484;487;485;483;484;481;483;476;488;496;496]
48379 -  [415;449;367;313;349;412;405;400;483;485;434;323;416;494;486;479;489;493;442;329;441;502;503;497;492;498;433;339;458;508;509;495;483;480;443;351;463;496;495;485;475;473;449;372;466;481;484;486;478;476;480;443;477;484;485;483;486;481;475;478;478;485;483;486]
49344 -  [408;444;370;312;354;420;412;395;475;487;421;328;415;490;491;481;493;491;428;330;443;502;504;492;493;497;439;330;461;504;506;500;483;485;442;353;460;494;494;490;473;478;451;364;458;480;488;482;481;477;484;448;466;479;481;484;485;480;477;480;483;480;485;485]
50309 -  [424;444;367;310;354;417;393;398;484;481;429;322;413;492;488;477;487;490;427;326;433;500;500;493;493;495;434;345;458;506;508;497;483;489;441;352;462;497;503;484;477;479;456;372;460;486;486;481;478;476;475;453;479;476;481;489;485;476;478;480;480;479;483;490]
51274 -  [415;451;370;315;355;416;404;404;485;487;428;323;417;493;497;480;487;490;428;328;430;503;502;494;490;496;439;339;465;504;506;494;481;487;437;347;465;495;499;488;479;474;451;369;463;485;480;478;478;471;473;445;473;484;485;482;484;478;481;477;486;489;488;492]
52239 -  [408;449;370;317;355;414;420;408;478;482;425;329;415;493;490;482;491;492;433;330;430;499;507;492;492;494;437;327;461;506;508;499;483;489;433;350;469;492;501;487;481;476;454;376;458;486;486;482;478;481;473;447;478;480;484;482;478;485;478;486;477;485;480;485]
53204 -  [424;447;375;317;351;416;403;394;484;481;430;325;410;492;490;481;490;493;440;330;441;502;502;495;489;495;439;341;461;504;503;492;480;488;432;348;460;494;498;488;477;471;452;367;464;484;485;479;484;474;478;447;475;479;486;481;481;485;474;482;486;490;490;488]
54169 -  [423;446;370;315;353;423;405;394;480;486;431;317;414;490;489;481;492;491;427;330;436;497;501;496;493;493;439;333;461;505;504;493;485;486;445;350;463;489;500;489;478;473;453;371;459;481;482;482;475;479;474;450;481;482;478;482;482;485;485;480;483;483;484;488]
55134 -  [412;460;374;309;352;415;410;393;479;488;428;324;415;492;492;479;488;488;432;329;432;501;501;494;497;497;445;339;466;503;506;496;485;486;448;346;466;496;502;482;475;475;449;369;458;484;485;481;475;476;472;449;479;484;480;490;491;487;485;482;487;487;490;488]
56099 -  [406;450;370;313;350;420;408;399;478;482;428;325;414;492;492;479;492;494;428;328;426;502;502;494;491;495;447;342;462;508;502;499;487;483;433;350;468;497;501;487;479;478;450;368;461;485;480;486;479;478;473;440;480;482;482;488;483;480;479;485;482;480;489;483]
57064 -  [420;438;363;311;347;419;409;400;476;483;429;327;407;491;492;480;489;489;428;329;444;499;503;491;492;495;439;337;456;508;507;495;479;485;439;347;467;496;501;487;473;480;451;372;457;482;479;480;481;476;473;453;478;480;483;483;479;492;479;483;480;480;483;486]
58029 -  [408;443;376;317;353;411;404;396;478;483;436;327;418;488;490;483;492;490;426;329;437;502;504;494;490;498;449;340;466;504;511;500;484;487;434;351;463;495;503;481;479;474;455;373;459;480;485;485;478;475;475;454;474;486;485;481;483;480;483;479;485;481;485;487]
58994 -  [422;449;369;311;358;412;413;387;482;483;429;324;415;491;494;479;486;496;422;329;436;502;502;488;493;500;436;341;457;506;508;499;485;491;425;349;466;499;497;488;477;478;450;372;464;486;486;483;483;476;475;448;476;481;478;480;486;479;490;477;480;484;493;486]
59959 -  [415;440;358;313;348;417;399;408;481;485;428;318;418;491;490;478;487;493;424;328;442;502;503;499;491;498;437;340;460;504;507;497;482;484;432;348;462;496;498;486;477;470;452;371;464;487;483;484;480;472;473;454;478;479;483;484;487;483;475;478;479;487;497;487]
60924 -  [412;446;365;312;348;415;409;402;477;482;430;325;417;489;496;478;491;494;424;331;437;501;506;491;485;494;439;338;457;506;504;495;487;486;435;351;462;494;498;488;473;478;453;372;462;486;481;478;476;480;476;454;484;476;484;483;489;493;479;478;483;486;486;492]
61889 -  [412;444;370;314;350;420;414;405;481;485;437;326;416;491;494;484;492;492;424;328;429;498;501;500;492;492;446;335;460;495;503;500;489;484;437;349;463;495;497;487;480;478;454;367;453;489;485;480;478;477;474;451;482;480;481;487;495;477;479;481;479;482;480;484]
62854 -  [422;443;373;314;352;416;402;398;485;481;427;324;415;492;495;479;487;494;427;324;432;502;498;494;494;496;438;341;457;505;502;501;487;486;436;352;462;494;499;488;473;477;450;375;458;480;488;484;479;476;474;454;477;486;484;484;478;480;479;477;481;490;491;486]
63819 -  [410;451;368;312;347;417;407;400;482;480;433;324;414;490;491;482;488;492;427;328;435;501;502;493;495;497;433;341;460;503;501;498;484;483;445;348;469;498;498;485;472;477;446;368;460;486;480;481;481;481;478;445;478;483;483;483;488;481;480;477;477;482;483;482]
64784 -  [413;455;360;313;349;413;413;398;475;483;429;321;410;489;492;483;488;491;434;326;432;501;501;491;492;495;449;340;462;501;510;491;484;484;431;350;464;500;497;487;481;475;453;369;464;480;483;479;484;476;478;449;475;481;485;482;486;474;478;477;483;487;493;492]
65849 -  [409;448;373;313;355;412;416;394;479;484;432;322;416;485;489;483;491;489;425;315;445;502;499;495;491;497;442;342;463;511;505;495;484;486;435;348;463;497;500;485;479;480;454;370;460;486;483;481;474;476;480;444;478;485;487;484;479;477;476;481;478;486;483;495]
66814 -  [420;456;369;318;348;418;412;410;484;484;433;324;411;495;487;476;488;492;434;331;428;502;501;488;495;496;435;342;462;505;507;496;487;481;435;349;460;504;498;487;476;477;453;368;459;481;480;481;483;478;485;448;479;485;479;487;479;480;475;483;483;483;481;487]
67779 -  [427;452;371;310;352;420;417;400;486;480;430;324;419;494;488;481;491;491;439;323;434;499;499;492;494;493;438;339;461;506;505;498;481;485;447;345;464;495;500;493;480;477;446;370;461;487;482;486;482;477;479;456;481;480;481;484;486;473;489;482;483;480;484;488]
68744 -  [422;444;376;309;354;412;400;400;478;485;430;327;415;488;492;474;493;489;426;328;432;498;502;497;494;498;437;341;465;505;505;498;483;484;437;348;460;493;502;489;480;482;450;369;459;484;486;484;472;481;471;453;478;480;484;487;486;479;483;479;483;485;480;488]
69709 -  [419;450;376;309;347;416;409;394;484;486;430;322;414;493;493;480;493;493;422;326;432;501;502;494;495;500;449;340;459;504;507;494;486;486;444;347;466;496;505;487;476;474;449;370;461;486;481;482;478;475;473;449;479;485;481;487;486;480;475;477;484;492;488;476]
70674 -  [411;452;370;313;346;422;402;391;480;483;428;325;416;492;492;474;490;491;427;330;435;503;503;495;497;491;438;343;461;504;503;498;482;489;442;346;465;500;498;489;476;474;451;363;460;481;482;480;477;478;478;447;477;480;480;484;487;480;484;476;489;483;490;487]
71639 -  [425;441;372;310;351;421;409;411;482;482;435;322;427;491;496;480;491;490;419;326;434;498;503;500;493;497;437;339;457;503;506;496;491;488;445;348;468;494;496;490;480;474;455;365;466;482;481;482;482;480;477;454;478;481;483;478;479;479;479;485;486;487;479;484]
72604 -  [420;437;372;316;352;422;411;398;482;482;430;328;414;496;489;476;488;489;422;328;433;503;498;495;491;501;436;342;462;504;506;498;482;487;434;348;460;491;500;487;476;471;453;369;463;480;480;484;479;479;473;453;480;479;485;486;493;479;478;486;483;487;491;487]
73569 -  [417;439;367;309;352;413;407;397;480;479;432;323;413;492;491;478;487;490;429;326;435;502;501;492;493;492;436;339;462;507;506;500;481;489;439;352;466;498;499;486;478;474;454;367;459;484;485;484;474;476;476;448;482;481;482;486;488;479;479;480;482;479;484;489]
74534 -  [407;452;369;314;351;412;411;407;482;484;434;322;413;495;487;478;487;489;425;329;436;499;500;490;489;498;442;339;466;503;502;495;484;489;435;346;462;501;500;483;472;477;445;370;461;479;487;480;476;480;478;449;477;485;485;486;489;481;478;477;483;487;487;490]
75499 -  [418;441;371;311;350;419;408;398;483;487;431;323;416;489;494;480;492;489;429;324;428;500;505;495;489;497;435;345;462;506;508;492;484;489;425;347;467;497;498;491;478;474;453;371;462;483;484;482;481;477;478;450;478;482;482;482;490;477;482;478;483;483;485;486]
76464 -  [420;451;373;317;346;413;416;396;478;484;432;323;411;495;488;479;489;491;422;329;432;498;503;496;492;500;437;336;461;509;507;492;486;486;445;352;464;493;498;489;474;477;452;368;456;479;484;484;479;476;475;448;483;481;484;484;492;482;483;482;491;484;493;488]
77429 -  [418;443;366;312;353;417;412;398;482;482;428;320;420;494;490;480;490;491;428;328;428;502;508;495;492;496;441;339;461;506;507;497;485;490;436;342;465;496;502;488;478;475;450;370;462;482;485;482;480;479;478;448;476;484;484;483;493;479;475;483;482;484;487;488]
78394 -  [419;458;367;313;356;413;413;399;479;489;433;328;415;491;491;479;490;494;423;326;436;498;501;493;492;494;440;343;455;509;508;498;478;488;439;347;465;491;496;487;476;479;456;368;463;481;482;480;478;480;474;447;482;477;481;483;495;481;480;479;478;487;495;492]
79359 -  [416;448;367;314;349;413;407;392;485;486;435;327;411;493;494;477;487;489;428;326;435;497;502;495;494;493;449;338;457;508;508;501;481;482;436;353;469;498;500;488;475;474;449;369;463;482;485;483;484;477;480;452;480;482;482;484;482;483;469;482;478;487;485;489]
80324 -  [418;442;371;310;350;408;402;406;481;480;419;323;409;493;494;479;488;493;425;329;428;502;502;494;484;495;447;339;462;507;501;497;488;483;434;354;468;499;502;490;481;472;447;376;454;481;484;485;482;473;476;451;480;480;480;485;494;479;486;481;482;487;493;491]
81289 -  [409;451;369;314;351;415;404;392;479;482;432;327;425;496;496;480;494;489;436;328;434;495;501;490;501;494;438;341;459;505;506;496;486;484;430;353;466;495;501;490;475;480;449;368;462;489;485;483;474;477;475;443;479;485;484;485;484;483;474;485;479;480;485;482]
82254 -  [417;447;373;315;350;416;403;401;481;483;429;322;415;497;494;477;487;494;439;328;435;502;505;490;493;495;444;336;461;508;507;498;481;480;443;348;461;501;499;486;474;477;459;368;462;486;490;480;478;475;477;440;480;482;483;484;482;484;476;479;483;482;492;488]
83319 -  [413;446;373;315;349;422;412;395;482;485;433;324;417;492;495;479;490;492;428;327;433;497;502;494;493;497;440;335;464;508;508;496;487;483;430;348;462;492;501;489;478;479;454;366;461;486;483;483;481;479;471;447;480;483;483;482;484;494;481;483;483;478;487;489]
84284 -  [422;443;369;312;348;417;412;395;481;478;434;326;411;489;491;477;490;493;428;329;434;499;499;497;492;501;439;339;462;507;509;495;479;494;433;348;466;496;502;488;476;479;448;371;462;487;485;482;480;473;474;444;482;484;482;480;491;486;479;478;479;483;489;488]
85249 -  [420;452;367;313;349;412;414;392;482;481;431;327;414;495;491;476;485;493;427;326;446;499;500;496;487;495;448;327;442;505;506;497;487;483;445;351;470;499;501;485;479;477;449;364;462;484;483;482;483;475;474;445;478;480;480;481;490;480;487;480;474;482;483;483]
86214 -  [426;447;366;313;353;429;410;401;480;485;430;321;415;493;492;480;490;491;433;327;435;495;497;494;496;497;439;337;460;504;508;496;483;485;437;343;459;498;501;490;473;478;447;372;463;481;482;485;475;475;480;454;477;483;483;480;494;480;478;483;485;480;485;492]
87179 -  [431;452;368;312;350;421;409;396;481;479;436;326;406;490;496;478;487;492;436;328;435;494;500;495;492;492;432;340;464;506;503;497;488;485;430;352;466;497;502;487;476;478;450;371;462;483;488;480;485;480;473;450;481;483;482;482;496;477;481;475;478;484;491;487]
88144 -  [411;450;370;313;352;420;399;389;481;485;429;324;422;487;494;479;493;487;422;329;432;502;507;495;492;497;438;341;462;507;500;498;490;488;444;351;463;495;502;489;475;476;449;368;466;483;481;487;475;475;469;449;474;484;483;482;479;481;478;475;481;490;486;490]
89109 -  [412;445;371;315;347;422;407;401;476;476;430;325;414;486;490;482;489;490;430;326;436;498;503;495;497;496;450;344;462;500;506;501;482;489;433;349;458;493;491;489;480;473;452;366;457;481;483;485;476;478;478;450;475;481;483;481;485;476;479;487;478;482;483;487]
90074 -  [430;445;364;308;350;423;405;395;481;485;429;325;416;494;495;478;487;490;429;331;438;496;506;496;494;494;441;339;460;507;508;496;485;487;433;350;465;497;500;487;477;472;453;367;467;482;484;481;476;478;474;449;478;480;480;482;494;481;478;483;483;484;496;488]
91039 -  [429;444;368;316;348;424;408;393;483;483;427;324;414;494;491;481;487;492;427;327;447;498;498;493;493;497;438;339;462;506;510;493;486;483;436;348;461;495;498;486;475;472;453;363;460;485;488;487;481;481;481;446;476;482;483;479;484;478;480;486;479;481;482;482]
92004 -  [412;454;371;315;350;408;395;388;484;484;433;318;416;496;496;477;488;492;439;326;436;500;501;494;490;495;446;339;458;509;498;502;485;484;437;338;461;497;501;488;475;480;450;375;455;481;482;478;481;473;475;449;476;479;487;477;484;481;482;482;486;478;490;493]
92969 -  [413;440;376;312;350;420;405;406;480;483;434;322;414;490;488;477;489;488;432;330;444;501;502;491;492;497;430;339;462;505;505;496;482;490;436;349;467;498;498;488;482;478;451;371;459;482;486;480;482;474;474;446;473;480;481;488;487;479;477;481;478;487;482;491]
93934 -  [419;446;371;315;353;419;416;393;479;482;427;325;415;491;490;480;487;494;429;323;432;498;502;491;488;499;422;340;464;506;506;494;484;492;435;351;463;493;498;488;480;479;449;371;458;481;480;484;482;475;473;452;477;481;479;482;490;476;480;479;485;487;487;487]
94899 -  [424;440;373;313;350;413;408;395;482;477;432;324;414;490;491;476;491;497;437;330;436;501;502;496;490;496;439;339;464;508;503;494;484;485;431;353;463;493;499;489;473;477;454;373;459;484;481;483;481;477;474;453;477;485;487;487;484;471;481;482;487;484;485;489]
95864 -  [422;447;369;311;350;412;401;399;479;481;429;326;416;494;492;477;489;492;437;328;431;498;504;492;496;494;440;343;457;504;508;496;480;487;433;357;467;504;497;492;474;476;445;370;464;478;484;484;480;477;473;447;477;481;481;481;480;488;479;483;478;485;489;489]
96829 -  [423;438;371;312;350;419;402;389;480;481;432;323;418;494;493;481;487;491;434;331;430;497;502;493;488;497;450;343;460;508;505;497;482;487;437;349;459;496;496;493;473;480;447;371;456;478;477;483;472;480;475;448;476;483;479;482;482;483;477;478;478;480;481;484]
97794 -  [419;441;369;313;348;421;417;403;486;481;437;322;415;493;489;481;490;490;428;330;434;498;504;494;495;493;443;337;460;504;513;495;485;481;438;346;467;502;499;486;474;469;445;369;458;483;481;483;477;472;471;449;476;485;481;482;485;486;475;479;487;483;483;484]
98759 -  [425;435;371;313;352;418;414;402;481;483;429;321;415;491;492;476;488;490;427;327;432;503;503;494;494;494;442;341;466;503;505;495;481;490;434;351;467;496;499;488;475;474;448;377;465;484;488;480;482;475;479;451;479;482;487;484;493;481;480;474;483;485;482;488]
99724 -  [424;454;373;310;344;423;402;388;482;481;425;323;421;495;488;475;491;490;429;326;442;503;501;491;494;495;444;341;464;505;509;496;487;484;434;348;462;496;497;486;473;480;454;371;464;487;481;484;477;477;472;440;476;483;481;480;483;482;485;479;484;481;484;491]
100789 - [423;451;375;311;352;419;406;403;485;484;430;323;428;494;494;478;495;486;434;328;432;500;502;489;492;500;453;338;463;509;504;497;482;489;434;348;466;499;504;489;478;474;455;372;449;485;486;483;476;480;476;444;479;482;486;487;494;480;480;480;480;482;489;481]
101753 - [414;456;373;310;353;417;407;391;483;482;429;322;420;494;494;482;492;492;425;326;447;503;503;493;494;495;442;339;462;509;508;497;482;486;436;351;460;498;496;485;474;477;447;370;460;483;479;484;479;479;476;450;474;481;483;486;490;487;479;480;479;485;483;490]
102717 - [428;453;370;311;351;416;405;402;478;482;430;324;413;496;489;485;490;492;443;325;446;498;501;498;494;497;449;342;461;504;508;497;488;488;438;348;465;493;498;489;476;476;448;369;459;484;478;485;477;476;477;444;478;480;485;485;468;483;482;484;476;480;490;480]
103681 - [409;451;369;313;352;425;404;398;478;481;431;326;415;495;494;485;491;492;425;326;446;496;502;491;498;495;436;337;463;511;511;501;487;480;444;351;466;496;499;487;476;478;453;369;464;485;485;485;482;474;477;454;475;483;486;480;491;483;479;482;478;484;488;486]
104645 - [422;456;370;313;347;422;409;399;481;476;430;326;407;493;493;479;490;494;424;329;443;500;502;488;492;502;451;340;459;504;506;499;480;492;432;351;462;494;501;489;481;470;451;365;464;484;486;490;481;480;473;447;483;480;483;483;493;484;481;485;489;487;486;490]
105609 - [408;458;370;311;355;420;407;382;478;484;432;326;417;493;495;479;486;493;437;329;434;503;504;498;490;499;437;339;464;503;504;492;482;485;435;352;460;492;496;489;478;480;453;368;463;482;485;486;483;473;473;454;475;488;480;480;479;492;477;485;478;480;481;486]
106573 - [422;451;367;314;350;424;416;399;478;484;429;326;414;495;490;476;491;489;427;329;441;499;503;493;493;497;438;342;457;507;508;500;483;482;444;353;463;497;493;490;474;477;453;366;462;484;485;482;480;478;472;447;479;480;484;484;485;477;485;478;482;486;482;486]
107537 - [416;440;368;318;355;424;411;396;480;484;426;325;413;496;490;483;485;492;432;326;435;502;504;494;493;497;437;338;463;508;507;496;488;487;431;349;460;497;500;486;475;478;446;364;465;481;485;483;482;479;474;453;478;485;482;482;479;485;478;486;487;488;485;488]
108501 - [420;444;370;316;352;415;404;398;481;486;434;321;410;491;494;476;484;489;439;327;446;500;504;497;490;498;439;344;462;511;501;498;483;487;435;348;458;498;497;492;479;480;452;376;464;485;483;482;480;474;476;450;478;483;487;481;489;480;479;482;487;486;484;486]
109465 - [417;445;376;310;348;427;403;401;480;484;429;327;416;495;494;476;487;494;443;326;432;498;501;494;496;495;433;339;467;505;508;496;484;482;444;353;464;498;503;488;475;478;449;369;456;484;483;481;478;474;472;452;476;485;484;479;483;480;472;482;487;481;489;493]
110429 - [420;450;364;312;354;419;416;401;480;481;421;321;413;494;494;481;490;490;427;325;438;500;503;494;491;494;440;338;462;505;509;498;483;484;442;342;463;495;505;489;478;482;462;368;459;482;481;486;477;477;474;450;476;478;485;482;493;480;478;480;479;485;484;490]
111393 - [423;436;368;313;348;420;409;402;479;482;429;325;417;490;493;480;493;492;431;330;437;502;502;489;490;494;440;339;468;505;509;495;484;485;436;347;461;494;499;490;472;477;450;370;461;482;485;485;487;474;480;451;482;481;488;481;490;480;477;488;488;481;485;496]
112357 - [410;441;370;310;351;413;398;406;479;483;429;323;416;489;493;483;490;490;438;330;445;501;503;491;495;498;447;342;463;510;505;500;484;489;437;351;465;495;501;490;478;473;454;370;461;481;488;486;481;482;471;455;481;480;486;483;480;478;480;487;483;482;485;483]
113321 - [442;446;367;312;349;424;417;401;476;484;429;322;419;490;496;476;489;488;437;329;438;505;503;495;489;493;432;341;463;500;504;497;485;492;434;346;460;494;501;488;482;477;453;373;459;483;481;483;475;480;476;453;472;483;483;487;478;487;481;480;487;479;482;492]
114285 - [410;451;367;311;349;422;412;393;480;486;428;326;414;493;491;472;487;491;424;327;432;498;501;493;494;495;440;337;468;507;507;497;485;482;433;355;460;495;498;491;475;478;452;364;464;484;478;482;480;478;469;451;471;477;481;485;486;482;478;480;478;486;480;490]
115249 - [416;445;376;311;357;415;405;397;482;485;433;326;411;494;490;477;490;489;417;329;430;504;500;496;497;489;439;335;467;505;505;498;486;490;431;352;464;491;502;488;476;479;451;373;464;483;488;482;477;477;478;447;475;484;487;481;491;486;477;480;480;488;484;485]
116313 - [420;448;372;314;353;413;414;405;481;481;429;315;415;488;491;479;490;495;426;332;432;503;501;492;490;497;449;338;457;507;506;499;485;487;449;347;468;497;499;492;481;482;456;371;457;483;480;481;479;479;472;455;482;482;484;483;485;474;483;484;489;480;483;486]
117277 - [419;450;372;314;349;425;413;400;480;480;431;325;411;491;492;478;487;491;435;328;430;501;500;492;496;495;438;336;462;504;509;496;482;483;447;345;461;495;502;483;481;482;450;370;464;484;481;489;476;478;476;446;474;481;488;481;488;480;475;480;483;481;490;486]
118241 - [405;446;370;314;346;421;410;392;481;482;430;324;415;496;497;473;490;491;437;329;433;504;505;491;491;498;452;344;463;508;505;495;478;489;449;351;462;495;500;490;479;478;450;366;463;485;482;483;480;478;472;453;477;487;483;487;485;483;474;482;477;481;484;478]
119205 - [413;446;367;312;354;421;402;395;483;484;432;328;420;490;492;476;487;493;430;327;427;500;504;494;493;496;430;339;463;504;506;495;484;481;442;350;466;496;502;492;479;479;445;367;467;482;486;481;480;479;478;449;479;485;485;483;487;480;491;485;487;486;492;483]
120169 - [427;446;370;317;349;411;402;397;485;483;430;318;426;490;487;475;486;487;428;328;436;498;504;497;490;497;432;344;463;506;504;497;485;483;438;346;466;494;500;491;477;475;453;374;465;485;485;480;477;478;475;448;486;486;484;483;480;485;473;485;483;487;488;485]
121133 - [419;454;369;313;345;422;420;403;478;482;429;321;417;490;489;480;491;488;430;329;446;499;502;492;494;493;436;337;463;505;510;498;485;488;436;348;465;497;501;490;475;476;455;367;457;484;482;479;477;476;474;457;479;479;481;486;490;484;478;481;479;480;485;485]
122097 - [419;450;372;315;349;416;410;390;480;483;431;321;412;490;496;479;490;491;437;325;429;499;501;494;488;499;442;336;465;506;508;499;481;486;435;349;466;501;500;490;480;478;449;374;458;486;483;481;477;475;470;459;483;480;486;484;484;484;479;476;475;485;480;485]
123061 - [412;451;360;314;345;419;405;398;479;480;428;322;413;496;494;475;491;493;437;327;446;497;501;494;491;497;443;339;464;508;506;497;483;483;438;354;459;493;502;491;473;477;452;374;457;485;481;479;476;478;475;443;482;479;480;480;485;484;487;486;487;483;488;495]
124025 - [413;443;375;309;343;419;399;404;480;483;430;324;404;494;488;481;488;490;433;329;434;503;506;492;494;499;432;341;467;508;504;500;485;484;432;352;466;497;500;487;480;475;452;375;458;487;483;483;479;478;476;447;484;483;484;486;493;482;481;486;482;491;484;492]
124989 - [407;446;377;314;350;412;398;402;480;482;431;323;415;496;494;474;491;489;439;331;437;501;505;492;497;490;442;341;453;506;513;502;481;485;430;352;466;494;499;485;480;476;450;370;465;484;484;482;477;475;475;447;476;478;480;484;481;478;477;487;480;481;488;483]
125953 - [416;444;363;311;342;413;411;397;479;480;429;324;416;495;490;475;490;493;436;332;436;504;502;498;493;496;439;338;464;506;507;500;480;489;435;350;463;494;497;491;477;476;450;369;463;483;483;484;476;479;479;452;480;482;481;483;487;482;478;482;477;489;486;483]
126917 - [419;451;365;314;339;419;404;407;485;482;431;322;415;494;492;482;490;491;434;326;442;501;502;492;492;496;440;338;463;503;506;501;483;483;444;350;464;501;502;486;472;480;453;370;457;480;483;484;473;472;477;449;479;481;483;484;484;481;488;482;485;483;485;497]
127881 - [424;448;370;315;356;420;399;394;480;480;424;325;418;492;491;479;495;496;437;325;435;496;507;494;492;498;436;338;466;506;508;502;483;486;444;348;463;496;502;486;481;475;451;372;460;484;484;482;470;474;475;447;479;483;484;486;487;484;476;481;488;490;489;484]
128845 - [416;458;367;313;347;422;409;402;481;479;430;320;415;486;492;482;489;491;435;326;435;502;503;496;492;499;435;341;464;510;509;497;488;483;443;353;469;500;499;487;479;473;447;370;456;484;486;481;480;477;474;442;480;482;481;485;494;482;477;485;483;483;490;487]
129809 - [412;449;373;312;345;427;415;402;478;483;433;325;415;492;487;478;489;491;422;328;432;502;505;491;493;492;442;337;466;508;506;498;481;485;446;352;469;496;499;489;478;480;451;367;461;480;482;481;478;477;474;448;473;487;480;483;478;481;480;475;476;489;480;482]
130873 - [418;443;375;316;346;425;409;392;480;481;429;329;417;491;494;479;486;491;421;326;431;503;506;488;491;491;452;342;466;504;506;498;484;485;438;349;468;497;500;485;484;474;449;372;463;479;484;481;480;479;470;450;481;481;477;479;488;483;476;482;488;487;482;490]
131837 - [408;448;360;313;349;422;410;400;482;486;433;324;416;492;488;477;489;494;428;331;430;502;500;494;492;499;443;338;462;504;508;498;484;486;443;350;463;496;502;487;481;473;453;368;463;486;483;481;478;476;480;451;480;481;482;480;489;480;474;484;477;484;487;487]
132801 - [407;448;366;314;356;417;415;395;484;480;429;322;410;495;493;480;487;492;425;328;442;500;501;492;493;494;435;341;464;504;510;495;486;485;440;351;463;493;496;484;483;484;447;371;457;483;483;484;481;482;479;453;482;480;485;482;491;481;485;481;478;492;487;486]
133765 - [413;454;371;314;352;417;400;396;482;486;430;327;420;491;491;478;496;489;427;327;432;500;502;485;493;496;435;334;459;501;505;496;487;483;435;348;462;493;496;487;481;476;450;367;465;482;482;483;478;478;476;452;471;481;483;485;486;484;479;485;483;482;488;488]
134729 - [401;453;371;312;356;422;409;401;480;483;432;323;430;497;493;480;487;491;418;330;441;497;501;492;496;495;436;339;462;506;506;492;485;488;436;350;461;496;492;490;480;479;456;370;470;485;485;483;477;477;472;452;477;479;481;491;489;484;481;486;483;484;499;491]
135693 - [419;455;364;313;350;410;399;404;483;479;426;323;414;490;490;485;487;492;427;328;433;503;504;495;491;496;451;343;460;504;505;495;483;486;434;355;467;494;498;485;478;477;450;367;463;482;487;481;477;479;475;451;482;482;483;482;491;479;479;481;486;483;480;488]
136657 - [428;449;367;308;350;422;405;398;480;484;434;327;407;497;491;483;486;493;439;327;425;502;502;495;495;500;441;338;465;503;506;496;481;488;432;348;458;495;500;486;478;476;458;373;460;480;483;480;481;480;477;451;477;483;481;484;483;482;483;480;484;485;489;490]
137621 - [408;452;371;313;351;420;414;400;484;484;417;326;421;492;489;479;491;493;430;329;446;495;502;492;491;496;446;338;459;506;504;494;485;484;427;351;466;499;500;490;473;475;451;371;466;482;483;480;478;479;474;451;478;484;485;486;477;485;480;482;482;490;494;488]
138585 - [418;443;373;314;349;419;404;397;483;483;431;325;409;492;493;477;485;492;425;328;447;498;505;499;492;495;435;341;463;506;509;498;484;492;433;350;464;497;499;488;477;481;456;375;452;487;482;481;478;478;474;457;475;486;487;485;482;480;489;481;485;478;490;492]
139549 - [431;446;358;318;350;421;407;396;477;489;432;322;427;488;488;479;487;489;434;324;432;501;500;496;491;495;441;339;459;505;506;501;485;483;434;352;460;492;498;490;474;475;449;368;460;486;484;483;479;478;474;442;476;482;482;485;483;477;479;483;481;488;486;491]
140513 - [402;453;375;314;351;431;412;394;480;480;431;321;411;492;492;476;488;492;430;329;434;499;504;495;494;496;446;344;456;510;502;497;485;490;431;350;466;494;496;489;474;479;447;368;464;483;478;480;481;476;476;451;481;481;480;480;483;480;475;477;487;486;482;504]
141477 - [424;444;365;309;351;410;415;401;480;484;427;323;417;496;496;480;485;492;428;328;446;502;507;494;489;493;436;341;471;505;509;494;488;490;445;358;468;497;497;489;478;475;447;369;461;486;481;484;477;480;475;448;478;480;484;485;487;483;478;485;485;485;490;487]
142441 - [414;451;376;311;344;412;408;400;481;487;431;327;414;490;492;486;491;492;423;325;445;501;500;493;495;494;434;342;467;502;504;503;485;490;431;341;459;490;500;489;477;480;452;370;461;485;482;484;477;475;470;457;482;483;481;484;488;478;484;486;485;482;485;491]
143405 - [419;446;372;313;349;415;407;398;483;483;432;319;416;491;489;482;490;494;424;325;429;502;500;495;494;497;447;336;461;503;512;494;482;483;444;340;465;495;500;491;480;473;455;370;459;482;482;483;477;478;476;451;481;480;483;489;492;478;475;485;480;486;485;481]
144369 - [424;447;372;313;350;413;413;394;481;485;437;321;420;487;495;475;491;495;424;330;427;496;503;492;492;500;441;338;462;503;503;495;482;485;443;346;462;495;500;487;476;473;451;369;459;481;481;481;479;481;479;453;481;487;482;483;488;482;478;479;486;483;484;487]
145433 - [418;449;373;312;350;413;408;391;481;480;431;329;413;492;494;487;490;496;421;327;447;502;506;489;495;495;438;342;462;508;506;499;485;488;436;346;464;497;496;489;477;480;455;370;463;479;484;480;480;480;478;448;482;477;483;486;492;482;477;480;486;483;487;489]
146397 - [421;446;363;312;352;414;410;391;484;483;426;322;411;494;489;476;488;487;426;329;432;503;505;494;496;493;446;343;461;510;507;498;484;486;445;349;460;495;499;493;476;481;449;371;458;481;483;479;476;477;478;451;477;484;483;485;494;484;475;482;486;482;484;484]
147361 - [415;440;368;314;349;413;412;399;481;480;433;321;414;494;487;481;491;494;426;330;434;499;502;493;494;497;438;338;462;509;505;494;483;486;434;347;467;497;502;481;478;478;458;373;463;483;484;482;479;479;474;446;478;479;486;483;484;480;478;483;484;482;486;490]
148325 - [418;445;371;316;345;420;405;398;480;480;427;328;429;488;491;480;489;498;429;328;433;501;503;494;494;496;442;339;466;502;510;500;485;484;435;349;465;496;497;489;474;482;452;367;460;483;483;481;479;473;473;447;474;479;484;483;489;478;477;483;487;486;484;481]
149289 - [416;444;363;315;347;420;413;404;481;481;431;323;402;496;493;482;487;489;441;325;445;500;502;494;494;499;447;338;462;506;505;496;491;481;441;348;466;498;500;489;480;473;454;372;456;490;484;484;482;474;471;442;476;482;482;485;486;487;478;477;484;490;491;490]
150253 - [414;446;373;317;350;420;399;404;483;489;434;322;413;491;488;476;488;490;429;329;438;494;501;491;493;490;442;340;463;507;508;496;483;485;439;348;464;493;495;491;475;479;456;369;458;486;480;487;482;479;472;447;475;481;480;485;475;473;478;492;484;479;487;488]
151217 - [418;444;367;313;351;422;408;397;485;485;428;324;420;491;491;482;495;492;437;328;436;500;504;498;491;499;450;348;453;503;505;495;488;491;442;352;461;497;500;487;479;476;456;369;455;480;480;483;480;482;473;445;481;483;483;485;489;480;477;484;487;483;484;488]
152181 - [413;448;368;308;344;420;410;406;479;482;416;327;419;495;495;478;489;494;433;332;446;501;503;492;492;497;448;336;467;505;505;491;487;482;444;351;466;493;496;493;476;477;449;373;463;486;486;482;477;477;478;452;474;484;486;485;487;479;479;487;482;478;483;487]
153145 - [419;438;363;310;350;422;412;402;483;483;436;322;415;494;496;479;485;496;429;326;432;499;503;495;493;493;440;332;472;501;505;495;484;485;438;351;464;493;499;486;482;478;454;372;459;483;483;484;482;477;480;449;481;484;478;479;494;481;475;475;478;482;484;488]
154109 - [417;453;370;314;352;417;404;399;481;486;429;322;427;493;497;474;489;497;422;329;447;499;503;496;496;495;433;340;457;504;511;495;485;485;435;348;469;493;502;486;479;476;460;364;463;486;484;486;478;478;477;444;475;481;485;485;486;482;474;485;482;485;491;496]
155073 - [415;453;368;312;351;427;415;402;479;484;430;323;418;492;493;478;489;496;429;328;432;503;504;495;488;496;437;341;464;505;502;496;486;487;429;348;464;496;500;487;476;478;455;372;457;485;485;479;481;481;480;448;483;483;483;485;487;480;478;477;476;480;483;493]
156037 - [422;442;368;314;347;418;407;395;476;486;434;325;416;492;491;482;487;488;423;328;437;504;506;491;491;494;437;339;462;502;506;501;484;486;432;351;453;495;500;488;478;477;449;370;460;484;481;487;482;472;475;449;477;484;484;487;484;477;479;484;489;488;486;488]
157001 - [415;444;373;314;356;418;414;386;484;481;434;321;429;492;497;479;491;492;440;327;433;505;501;492;493;494;433;338;465;508;502;499;484;486;433;349;465;496;502;488;472;475;452;365;462;485;482;483;478;474;473;448;482;485;481;481;480;480;486;482;485;488;486;488]
157965 - [415;446;372;309;347;418;408;400;487;480;429;324;413;490;493;479;485;492;426;324;432;498;505;492;493;496;437;340;461;504;508;496;484;483;448;342;467;495;502;491;476;477;449;365;462;482;478;482;481;480;475;443;475;480;486;486;482;484;479;478;484;483;482;488]
158929 - [404;453;365;313;353;418;414;393;484;484;428;328;404;493;488;482;493;490;427;329;431;504;502;496;490;496;436;340;463;502;507;492;482;479;436;348;462;496;504;488;481;472;453;369;460;480;480;485;480;477;473;450;480;478;489;486;485;485;481;479;480;481;477;487]
159893 - [418;444;370;314;347;415;412;389;480;487;421;324;412;490;484;480;486;487;426;326;444;498;501;496;492;499;442;340;463;505;508;494;480;489;434;345;468;500;503;485;475;475;454;372;459;485;484;480;477;479;476;452;479;485;482;483;486;484;476;483;489;483;487;484]
160957 - [421;447;371;315;352;424;407;390;484;486;432;325;412;494;491;481;487;492;443;330;442;495;507;490;491;498;441;342;470;506;506;495;482;487;444;350;459;499;497;487;477;473;449;368;461;484;483;481;480;481;473;445;480;480;481;487;492;478;476;485;476;486;485;484]
161921 - [427;452;364;315;355;423;420;393;480;485;427;324;416;493;491;480;490;491;437;328;433;500;502;491;493;495;442;337;449;502;505;492;482;485;431;351;464;496;505;489;479;475;456;368;460;487;481;484;482;473;473;445;481;481;481;484;481;483;478;483;483;483;487;487]
162885 - [421;436;372;312;351;421;405;395;482;483;428;322;418;487;484;484;492;493;435;327;441;503;506;497;496;495;450;337;463;504;506;497;486;487;438;353;464;491;500;486;481;476;451;370;459;481;482;480;482;479;477;449;476;481;484;481;480;479;478;480;490;488;484;481]
163849 - [414;432;355;313;352;419;410;407;482;477;427;317;418;492;489;481;491;493;428;328;434;501;508;491;494;495;450;341;459;500;511;496;482;484;435;346;462;494;499;488;476;479;453;372;464;485;483;490;477;469;477;450;483;480;487;481;488;483;482;483;486;481;485;496]
164813 - [430;455;365;317;351;414;409;393;477;482;429;328;411;494;492;475;494;491;436;328;445;503;502;497;488;496;440;338;462;507;506;496;489;490;434;347;465;490;499;491;477;481;454;366;461;484;485;481;480;474;475;446;479;483;484;490;484;486;479;478;484;480;487;487]
165777 - [421;440;368;310;355;425;411;390;480;486;427;330;420;490;491;478;491;496;441;323;431;503;503;494;497;500;439;339;458;508;503;495;485;480;431;352;467;495;502;488;476;474;448;370;456;483;487;485;478;482;471;449;476;474;481;485;479;477;474;480;481;480;482;490]
166741 - [419;447;373;315;350;420;405;389;482;489;432;321;416;495;491;477;491;490;424;331;437;502;502;493;490;498;445;340;461;505;509;494;487;484;434;338;460;501;493;490;477;478;453;373;454;484;484;484;480;477;475;444;473;481;478;484;493;479;477;479;483;490;489;480]
167705 - [403;456;357;313;355;410;404;404;486;483;430;325;420;496;490;477;490;494;429;332;442;504;502;493;489;495;445;344;461;507;507;499;481;488;435;346;466;497;502;482;475;479;450;370;458;481;488;481;477;482;481;445;476;484;484;484;482;484;487;480;479;480;482;482]
168669 - [420;443;371;314;358;416;404;389;482;482;429;324;414;492;492;475;487;493;437;325;435;500;503;497;493;495;433;338;459;506;506;497;485;480;443;348;464;495;497;489;477;476;452;368;461;481;484;480;480;475;476;446;476;483;483;483;488;477;488;474;474;480;486;491]
169633 - [415;455;361;309;352;418;412;388;482;483;432;324;411;489;492;479;489;487;441;326;432;499;501;492;490;492;437;339;467;510;506;494;485;485;431;351;464;497;498;490;479;480;451;372;462;486;481;487;476;478;475;451;476;485;483;483;494;475;479;486;476;484;482;486]
170597 - [429;448;373;312;351;417;404;393;476;481;433;324;409;491;495;477;485;494;428;330;443;497;503;493;491;495;436;341;462;504;509;504;484;487;424;349;459;497;500;486;476;481;444;368;465;486;483;480;477;480;477;453;479;484;482;486;480;481;480;484;489;483;481;492]
171561 - [433;442;373;311;353;420;407;403;480;481;426;322;416;495;491;483;488;494;436;327;429;501;501;494;490;499;448;340;456;506;506;500;487;488;433;349;464;495;505;494;473;478;449;368;460;483;479;481;474;482;474;443;477;480;483;485;480;480;476;484;487;488;490;489]
172525 - [418;443;372;318;347;421;412;402;486;484;430;323;417;491;496;477;486;499;430;327;433;499;505;496;491;498;444;340;464;501;506;497;484;488;444;350;457;493;499;488;480;479;459;372;463;485;485;481;477;475;474;445;479;483;484;483;478;475;472;479;475;490;483;488]
173489 - [410;452;380;314;352;418;407;396;480;479;426;327;416;491;493;474;494;493;427;330;431;497;503;495;488;491;445;340;460;506;502;495;480;487;433;346;469;496;500;483;478;479;452;375;465;489;485;481;478;476;471;453;478;483;482;482;481;477;477;476;481;486;487;494]
174453 - [423;442;367;312;352;421;412;405;481;480;431;326;410;496;487;487;488;488;424;330;433;503;505;496;492;490;447;340;465;511;505;496;482;487;434;349;459;498;504;484;478;480;450;368;460;479;487;484;479;479;476;447;473;481;483;484;483;480;477;483;486;481;493;490]
175517 - [410;448;375;315;345;414;419;390;484;487;434;323;422;493;490;477;487;493;427;327;430;500;501;495;495;495;439;339;455;505;510;496;482;488;442;351;466;496;499;488;477;476;446;368;465;481;482;481;476;481;473;447;476;478;479;487;481;481;487;476;490;485;479;489]
176481 - [424;446;370;311;352;414;403;399;485;481;426;328;411;491;494;481;490;494;422;328;435;501;499;499;492;497;441;339;462;503;507;497;485;489;440;348;464;495;498;485;481;481;453;371;463;484;483;482;484;477;474;453;478;480;486;484;475;482;481;479;480;481;483;488]
177445 - [420;447;373;316;350;412;408;390;482;484;434;327;417;493;495;481;492;498;437;328;444;502;502;491;491;493;447;345;460;506;507;496;475;486;435;348;468;493;498;488;478;470;454;372;462;486;485;485;475;478;472;448;478;482;483;484;487;478;473;481;486;478;493;488]
178409 - [420;448;368;312;348;413;404;404;479;486;431;326;414;490;490;478;489;488;436;326;442;494;502;492;491;496;437;342;462;504;505;494;487;489;436;346;467;501;498;487;478;477;448;370;457;488;486;482;474;476;476;448;477;481;486;484;480;480;477;478;484;485;486;482]
179373 - [425;448;374;313;349;415;416;391;485;485;416;327;417;493;491;482;490;490;421;328;432;502;506;494;491;493;439;340;463;507;510;497;481;488;430;349;469;502;500;485;481;474;446;369;458;486;479;480;480;476;477;450;481;480;483;480;496;486;477;484;482;481;491;486]
180337 - [404;452;368;310;351;416;403;394;477;487;431;324;420;495;492;478;489;488;425;327;434;507;503;496;491;492;449;337;463;510;507;498;482;481;436;350;470;501;500;489;486;480;457;371;464;484;484;482;478;471;480;449;479;479;483;480;481;486;480;483;474;487;488;482]
181301 - [416;451;368;313;348;418;412;390;482;481;433;325;420;492;489;478;488;496;423;329;433;498;505;495;495;497;436;341;468;502;506;495;480;481;446;348;467;498;499;489;477;479;452;371;461;481;482;481;477;477;477;451;477;481;487;485;486;477;484;480;477;486;481;487]
182265 - [416;447;376;313;352;414;407;396;478;479;438;322;421;498;490;483;492;494;417;329;441;500;501;492;494;493;436;338;460;502;512;496;476;484;438;349;464;496;496;493;478;480;451;369;455;485;485;484;481;482;470;447;481;482;485;486;491;475;484;476;480;483;482;485]
183229 - [421;450;372;318;349;415;411;401;480;484;429;327;416;497;492;478;489;487;436;330;433;498;503;491;492;496;449;341;472;504;506;497;486;491;433;350;465;492;495;489;481;477;448;376;461;483;485;480;474;476;473;448;480;486;484;485;486;482;477;486;483;494;491;487]
184193 - [424;443;368;309;353;418;407;408;482;487;433;322;420;492;493;477;488;494;429;326;438;501;503;496;493;494;439;334;464;510;504;497;481;484;429;351;467;500;499;488;477;477;449;377;451;479;490;484;482;474;472;455;483;484;485;489;479;477;480;479;475;484;485;486]
185157 - [413;434;368;315;353;413;412;391;478;484;428;321;418;499;493;479;493;491;436;329;445;497;503;493;492;500;446;341;460;505;509;494;482;486;441;345;466;496;502;487;479;472;458;369;458;482;483;484;480;475;478;451;481;479;485;479;482;483;480;479;485;481;493;492]
186121 - [414;442;367;310;351;418;414;383;480;484;431;326;425;494;494;480;487;495;443;331;433;503;503;494;487;498;442;342;454;505;506;494;483;484;434;345;466;491;498;487;481;480;457;370;456;483;484;481;480;480;477;447;480;486;481;485;489;485;480;487;483;487;484;490]
187085 - [412;449;369;313;356;419;418;392;480;482;434;327;417;491;494;484;490;490;429;326;447;497;502;493;492;494;439;341;466;509;507;499;479;485;436;353;467;493;499;489;481;475;447;369;458;484;486;484;478;477;470;447;473;481;484;480;495;476;479;487;479;481;484;491]
188049 - [419;440;372;317;352;423;408;393;479;482;429;324;410;493;493;482;488;494;424;331;436;504;503;498;492;493;435;340;463;504;506;493;484;484;442;351;465;499;494;488;477;476;451;370;455;481;485;481;475;478;475;448;481;479;485;482;490;479;490;478;481;484;489;491]
189013 - [406;438;373;312;349;416;411;391;480;481;429;328;413;493;489;484;489;495;428;329;430;500;502;491;493;500;440;337;459;506;507;501;484;484;447;345;463;497;497;489;473;475;450;373;457;484;485;483;476;478;474;447;478;483;481;482;483;479;482;484;489;492;485;496]
190077 - [412;444;371;310;352;405;408;390;482;482;427;327;415;493;495;484;488;496;439;330;445;500;506;491;489;493;439;339;454;505;505;501;486;480;446;355;465;495;499;488;476;475;451;367;458;481;489;480;479;480;476;448;475;480;479;484;491;483;481;483;488;488;492;489]
191041 - [412;455;369;317;355;416;413;393;476;479;433;328;422;493;493;483;487;493;429;329;434;503;503;494;491;499;450;343;460;505;507;497;485;492;435;355;465;491;499;489;481;473;452;370;462;480;492;482;480;480;476;453;482;482;482;485;488;480;480;482;489;491;480;487]
192005 - [429;449;365;314;347;420;410;404;486;481;436;327;408;494;492;476;493;491;438;329;428;500;504;494;493;495;426;338;462;507;505;496;483;487;431;348;462;499;501;490;479;476;454;369;460;486;481;482;481;478;477;453;475;486;484;485;494;476;480;480;477;487;484;490]
192969 - [406;449;361;310;347;416;412;392;480;481;429;327;419;495;488;479;488;495;424;327;441;500;504;493;490;495;450;339;467;500;505;497;481;482;440;350;463;499;499;487;478;473;450;372;457;485;485;482;479;478;472;447;481;479;481;487;491;482;475;487;485;484;487;499]
193933 - [420;448;371;310;351;419;405;400;478;482;427;325;416;493;491;475;489;489;437;329;436;503;503;495;490;493;436;338;463;504;507;500;481;491;440;348;467;494;492;485;477;474;460;369;459;486;484;484;477;480;477;446;480;486;480;484;476;485;477;482;486;481;494;487]
194897 - [405;453;370;313;351;419;416;396;482;482;431;321;406;491;493;482;489;494;424;330;436;501;506;489;494;494;435;341;457;507;505;496;483;487;446;350;468;496;500;487;473;474;450;371;461;480;482;487;476;482;474;451;475;479;487;485;485;478;485;479;482;486;480;488]
195861 - [418;448;367;313;352;418;414;395;480;483;428;323;428;489;488;479;492;493;428;329;434;501;506;491;492;498;439;341;462;507;502;500;484;481;445;344;464;497;501;485;477;482;448;372;459;479;478;482;475;480;478;449;481;481;484;485;490;487;483;481;483;485;486;486]
196825 - [412;436;373;314;349;410;414;388;481;478;435;327;412;491;488;481;486;490;424;328;435;501;502;491;491;495;441;336;466;505;510;500;483;483;436;347;463;494;501;487;477;477;453;374;461;481;487;479;477;481;472;454;480;479;483;487;479;479;481;476;485;484;488;487]
197789 - [420;448;372;310;350;417;412;396;480;480;430;323;415;494;496;483;492;490;427;328;434;499;507;489;495;497;438;339;462;506;505;497;487;490;443;348;464;488;503;490;477;472;454;370;462;485;481;482;481;474;473;448;479;483;478;485;489;480;478;476;477;487;488;491]
198753 - [419;450;366;313;351;421;414;390;478;484;419;325;417;491;491;480;490;491;433;327;432;499;500;490;492;493;443;335;446;501;505;502;485;487;437;350;463;495;498;486;477;476;448;368;454;485;483;485;477;477;479;451;480;481;479;485;485;478;474;480;483;483;486;486]
199717 - [420;446;368;311;356;423;402;398;477;473;433;321;415;490;491;483;493;495;422;327;438;502;502;494;496;500;450;342;465;506;503;495;480;484;434;350;460;502;495;484;475;470;450;372;459;483;484;484;481;475;478;450;481;484;482;488;499;477;477;488;485;479;485;495]
200681 - [411;447;378;317;349;414;409;393;482;487;429;326;414;488;487;482;490;490;435;328;433;501;498;497;489;494;438;338;465;510;503;496;485;483;445;346;460;496;496;484;476;485;455;372;459;481;484;478;477;474;471;456;480;483;482;482;475;484;482;478;483;483;492;490]
201645 - [422;451;374;317;349;416;411;391;478;481;431;323;417;490;485;479;489;492;434;326;433;501;502;492;492;493;438;336;459;502;509;501;489;491;434;351;463;494;501;493;478;470;453;367;462;486;486;484;475;480;470;441;480;483;482;482;493;477;480;486;481;484;486;487]
202609 - [411;454;369;312;349;410;415;399;482;486;431;326;416;491;494;483;485;491;436;325;432;497;500;494;492;498;429;344;461;503;507;498;484;487;437;349;462;497;499;482;477;480;449;370;459;485;480;483;476;480;477;448;481;479;481;484;488;482;479;484;480;479;490;483]
203573 - [409;448;369;312;353;425;406;397;478;483;433;329;428;490;490;481;494;493;427;330;444;499;499;491;489;495;450;341;462;508;511;494;489;480;447;347;463;498;500;490;473;478;452;366;457;484;483;481;479;477;476;449;482;477;487;485;481;476;484;479;481;480;484;488]
204537 - [424;439;375;313;346;414;406;398;485;484;429;325;412;490;489;482;490;490;424;328;443;504;502;491;494;497;441;341;465;513;507;495;484;488;441;351;459;498;500;490;476;476;452;364;457;481;483;484;479;476;481;448;475;485;480;484;477;483;476;479;486;482;489;482]
205601 - [422;442;379;312;351;413;407;396;481;480;430;325;417;493;490;487;492;492;437;326;437;501;505;493;493;495;433;343;463;506;508;495;485;480;437;349;465;494;502;490;481;477;445;374;454;483;481;481;481;477;479;451;478;482;483;481;477;482;487;477;479;488;488;488]
206565 - [420;453;371;314;353;419;404;393;479;480;433;321;419;495;490;476;484;484;428;328;442;501;503;487;491;498;439;337;458;502;505;497;483;491;445;345;465;498;504;486;481;478;447;368;464;482;486;480;478;476;476;452;480;480;480;484;480;474;476;476;486;481;489;491]
207529 - [426;448;368;309;350;417;406;391;481;480;418;323;415;493;493;480;488;490;423;325;435;502;500;490;492;494;436;342;464;507;506;497;489;490;432;349;462;497;502;487;475;474;450;369;460;483;477;482;481;482;475;453;482;483;483;483;480;479;483;479;486;478;481;493]
208493 - [415;456;373;311;351;419;410;400;480;482;419;322;412;492;493;481;488;493;428;328;435;502;499;498;491;495;439;338;464;506;509;498;483;483;435;351;464;499;497;492;480;475;450;373;458;487;481;486;481;472;473;449;482;484;484;490;487;482;479;485;481;479;486;483]
209457 - [416;443;375;312;353;420;402;390;481;480;431;326;414;491;493;476;488;491;430;328;432;500;504;496;498;498;453;338;465;505;504;498;487;486;444;351;462;498;499;496;473;474;456;370;461;484;481;487;478;475;476;449;479;482;480;483;483;478;473;481;482;484;485;490]
210421 - [425;460;372;318;352;414;400;394;479;483;433;325;410;493;493;477;493;496;436;326;436;497;502;496;495;497;440;340;460;507;507;498;481;489;446;349;465;494;499;486;480;474;454;371;455;484;481;484;480;480;468;452;478;482;481;481;489;481;476;481;485;488;482;479]
211385 - [431;448;372;311;352;412;410;396;480;480;426;322;410;495;493;479;487;494;433;328;435;497;502;495;491;500;450;339;461;509;494;496;483;486;434;348;464;493;498;490;481;479;451;368;461;482;482;485;479;478;470;448;478;487;480;484;473;478;477;480;480;482;488;488]
212349 - [426;451;364;313;352;414;413;403;480;481;429;327;416;493;491;476;489;487;426;327;432;494;502;496;491;497;440;334;464;506;506;493;482;481;433;352;461;499;500;491;478;480;452;369;459;483;479;481;478;477;470;453;478;480;483;482;494;481;478;484;478;492;482;488]
213313 - [417;443;357;314;350;422;405;388;481;484;434;312;410;492;490;483;489;489;426;326;434;497;503;493;488;498;436;336;459;504;508;497;484;483;434;349;465;491;502;488;481;474;453;373;459;483;484;486;476;478;476;455;478;484;481;486;482;482;481;483;483;481;485;484]
214277 - [410;447;375;313;351;414;410;402;481;485;431;324;411;490;497;480;489;492;438;329;433;504;501;498;488;503;449;342;455;507;510;500;482;489;434;350;465;496;502;494;479;482;461;371;456;485;483;484;474;478;476;454;476;484;486;487;493;482;480;481;487;486;489;491]
215241 - [414;446;368;315;348;423;415;399;478;478;430;327;415;493;493;478;484;490;439;328;445;501;500;496;490;497;435;339;465;506;501;496;489;483;446;348;467;495;500;489;473;476;449;371;459;482;480;480;480;480;480;445;478;482;480;485;484;483;473;486;478;490;486;489]
216205 - [416;451;361;309;348;417;405;397;479;484;429;322;408;485;493;479;489;494;434;328;431;499;504;495;491;491;442;345;463;507;502;501;477;486;443;348;466;497;503;489;481;481;454;368;464;486;481;484;486;473;471;448;475;481;488;489;481;479;479;487;477;479;483;490]
217169 - [423;444;367;315;350;413;403;393;483;483;429;324;410;492;490;477;489;495;437;328;435;499;502;493;490;488;443;341;459;507;503;493;483;483;449;339;467;489;502;488;477;479;458;368;458;482;487;484;477;475;475;450;483;484;484;489;485;485;476;480;490;484;487;489]
218133 - [420;450;373;312;347;424;404;400;480;483;435;325;426;496;493;483;489;488;423;327;433;497;502;490;487;495;445;342;463;496;511;494;483;487;438;349;457;497;497;486;479;475;454;361;462;486;482;485;476;480;469;446;478;481;484;479;479;476;479;480;489;482;493;487]
219097 - [413;444;368;312;348;426;407;399;482;479;429;325;410;489;494;478;483;486;439;330;432;503;502;496;495;494;438;339;458;508;508;495;485;487;440;354;468;499;497;487;481;477;454;374;459;480;488;480;479;474;476;452;478;478;484;492;485;482;477;480;479;483;484;487]
220161 - [411;446;371;308;345;424;408;401;485;482;434;322;414;496;490;478;489;494;416;327;432;500;502;498;488;495;444;341;461;508;506;500;482;484;445;347;462;495;502;489;481;473;452;367;461;482;483;481;480;476;473;447;480;483;484;481;490;482;476;480;481;479;482;485]
221125 - [420;449;357;312;346;416;407;393;483;483;425;329;411;494;494;476;493;492;426;330;438;504;499;491;493;496;434;340;458;504;508;503;483;483;441;340;467;498;500;488;476;479;448;375;459;483;480;481;479;481;479;447;475;485;483;482;489;493;480;481;482;480;488;492]
222089 - [423;447;375;314;349;419;401;400;479;481;432;324;408;491;492;477;493;493;424;327;442;500;500;493;488;499;434;344;465;509;505;497;483;484;432;351;459;492;493;486;476;471;450;366;458;482;481;481;477;476;477;451;480;487;486;490;483;482;474;486;487;492;485;498]
223053 - [421;446;366;313;348;421;406;396;479;483;433;326;414;493;488;477;487;491;427;326;437;503;501;494;491;496;435;343;460;501;508;499;485;485;433;349;464;501;499;488;478;471;455;367;463;483;489;479;476;477;480;450;475;485;482;481;479;478;475;479;491;486;485;477]
224017 - [402;445;370;317;342;422;404;393;476;482;433;320;414;486;493;480;492;491;425;330;442;501;503;496;490;493;429;339;463;511;504;496;487;485;447;347;469;497;505;488;476;479;451;372;461;486;483;487;477;479;470;446;480;481;483;483;482;482;484;483;491;484;492;488]
224981 - [413;448;372;313;347;417;406;403;477;482;428;326;421;491;494;480;488;490;427;325;430;497;504;489;490;495;450;341;461;502;505;493;483;490;441;353;461;496;498;488;479;475;449;370;461;481;480;484;480;482;476;448;480;480;487;481;481;483;477;481;476;487;487;484]
225945 - [422;463;372;307;349;419;405;396;476;478;423;322;411;492;490;478;490;493;426;325;435;502;502;491;493;495;433;341;460;513;505;501;482;486;439;348;462;498;500;491;476;480;449;370;454;480;481;485;475;481;474;448;479;485;486;483;483;484;474;485;484;482;487;478]
226909 - [421;451;360;310;351;412;412;404;482;484;429;325;413;490;489;473;489;490;428;330;435;499;505;494;486;495;435;339;467;504;505;498;485;485;446;345;467;498;498;489;477;475;455;370;466;484;484;481;482;476;470;450;476;479;478;482;490;484;474;480;478;483;485;488]
227873 - [414;451;373;314;348;412;404;384;482;482;432;323;414;488;495;477;488;493;426;331;434;502;501;498;487;496;434;339;465;504;505;496;488;483;443;347;461;492;501;487;476;483;444;372;458;481;482;482;481;477;474;453;479;479;482;485;482;486;478;483;482;480;483;489]
228837 - [428;447;369;313;346;418;407;399;478;486;428;323;413;487;491;480;490;493;427;327;425;501;502;496;496;498;437;341;449;509;511;497;483;485;443;353;461;497;493;487;475;477;454;366;463;479;482;484;487;478;469;457;483;483;485;483;489;480;473;481;485;493;488;490]
229801 - [422;440;370;313;344;418;407;401;480;485;426;325;427;492;485;482;492;490;434;326;435;496;501;493;490;494;433;341;457;509;511;496;481;486;435;346;462;495;498;488;482;485;460;363;458;483;481;483;477;478;474;457;482;483;484;477;485;480;480;482;489;482;486;491]
230765 - [417;449;367;309;355;413;413;406;481;482;432;324;413;490;493;481;489;498;437;331;442;501;504;498;492;497;441;339;455;502;501;497;489;484;443;344;460;495;501;490;475;478;449;366;459;483;485;481;483;480;478;447;479;485;483;485;486;480;475;475;491;480;484;489]
231729 - [416;437;367;315;347;417;406;403;479;487;433;324;415;496;490;483;487;489;435;327;439;500;500;496;491;492;441;340;464;506;505;497;481;487;439;346;464;494;498;489;473;477;452;365;458;484;482;484;484;478;480;447;475;481;485;479;484;475;481;480;479;486;492;493]
232693 - [421;452;367;312;351;418;406;395;484;483;426;325;415;489;490;480;491;494;424;328;429;500;504;493;494;498;448;338;459;503;509;494;477;485;446;352;466;491;500;491;478;479;453;368;458;481;481;483;476;475;480;448;481;482;485;487;482;482;476;485;480;481;480;480]
233657 - [430;444;373;310;345;417;399;398;481;484;438;327;418;493;486;477;493;495;423;330;432;502;504;499;490;493;435;344;464;503;505;496;482;490;437;351;467;493;497;490;475;477;454;372;456;478;480;485;479;477;475;447;480;484;486;482;480;477;482;485;488;490;485;488]
234721 - [421;450;368;312;355;418;413;389;481;482;426;326;414;490;490;477;487;489;437;329;433;500;505;494;493;493;450;334;464;502;506;499;482;490;436;340;463;493;505;490;480;480;448;379;463;488;486;484;476;479;475;447;477;481;479;485;484;477;480;485;484;482;488;489]
235685 - [408;452;369;313;343;421;405;388;480;479;427;324;407;494;489;478;490;492;426;332;436;498;506;492;487;495;438;343;460;508;501;495;486;482;437;348;456;493;499;486;474;475;445;368;460;484;479;484;480;478;479;448;480;484;477;485;482;485;483;479;479;487;487;481]
236649 - [409;458;369;315;350;426;406;398;476;482;432;325;415;495;491;476;486;491;441;330;436;496;501;491;494;499;433;341;462;509;509;498;478;485;442;349;469;488;499;485;478;481;447;368;460;479;484;477;480;475;477;450;478;481;484;482;488;480;480;484;481;485;483;490]
237613 - [413;446;376;313;354;408;397;399;479;482;430;320;413;495;497;482;492;489;426;328;446;500;497;490;495;489;446;342;462;500;504;494;483;487;444;347;465;496;505;487;480;473;456;366;460;487;484;481;476;478;475;448;476;485;481;479;483;482;477;479;486;481;488;494]
238577 - [416;451;372;313;346;416;401;402;478;482;435;321;416;490;491;484;487;490;430;333;432;503;502;496;491;496;440;344;464;506;501;497;485;486;437;347;464;500;499;488;480;480;454;369;461;483;481;483;476;477;472;450;474;481;483;482;486;479;476;483;479;490;488;489]
239541 - [417;449;365;312;340;414;407;397;480;481;431;324;414;490;491;479;490;488;427;326;445;499;501;498;492;496;441;337;460;509;509;497;485;485;434;352;468;500;497;488;477;485;451;366;464;482;485;485;478;480;473;449;476;481;478;484;492;479;480;481;487;486;482;488]
240505 - [416;445;364;312;349;412;409;396;474;482;432;324;415;494;490;478;495;493;440;328;433;503;504;490;489;493;449;339;461;503;506;493;487;485;438;353;465;494;500;489;476;477;450;367;461;484;484;484;481;475;475;449;476;484;481;485;480;477;483;481;476;481;485;488]
241469 - [429;444;367;314;353;412;404;411;485;483;434;324;416;495;492;475;489;490;427;330;431;498;502;496;490;499;430;340;470;503;502;497;485;484;445;345;463;491;503;483;478;483;457;364;461;484;484;487;480;478;475;453;477;482;485;489;489;475;479;481;485;485;488;485]
242433 - [419;447;371;312;349;415;411;389;481;486;431;327;412;497;490;480;486;491;425;328;435;499;504;490;493;497;441;340;463;502;504;500;475;480;441;348;461;496;500;484;475;477;454;370;461;482;480;481;478;475;473;447;475;478;480;486;487;478;483;484;479;484;490;489]
243397 - [425;456;374;314;350;421;403;389;483;482;431;321;407;488;494;480;487;493;422;326;435;500;506;495;492;495;438;338;463;507;504;505;485;484;431;350;464;503;500;485;478;475;450;372;457;479;489;482;476;481;474;450;483;479;485;488;494;480;477;475;476;486;486;478]
244361 - [427;446;365;314;347;415;406;395;476;483;431;324;414;489;492;476;488;486;425;327;432;502;501;492;493;499;437;325;462;506;504;494;485;485;445;352;465;497;500;490;473;472;449;369;458;484;480;482;480;478;477;445;476;483;484;485;493;481;478;478;477;478;488;494]
245325 - [416;455;372;308;348;422;409;397;484;480;430;325;410;493;488;478;487;486;426;330;435;500;504;492;495;499;438;339;461;505;510;497;486;486;430;349;454;494;501;486;482;478;445;374;463;481;482;486;476;481;476;446;477;481;484;482;488;481;478;479;480;490;478;496]
246289 - [410;447;360;311;347;421;410;391;479;483;433;324;409;490;494;480;491;489;425;329;433;495;503;496;493;499;441;339;455;510;505;500;487;485;433;350;467;498;498;488;478;474;451;369;462;483;480;483;476;473;472;447;481;485;482;480;478;482;474;482;483;481;490;488]
247253 - [405;442;370;313;348;412;413;394;481;484;432;324;415;490;494;477;487;489;433;324;443;496;504;488;487;496;441;338;458;506;509;496;484;484;443;352;463;493;498;486;478;474;455;372;462;486;482;480;482;476;475;448;476;483;490;479;494;489;479;484;486;483;490;508]
248217 - [421;447;374;312;356;420;403;389;480;485;433;326;414;493;491;478;496;493;436;326;433;499;503;491;491;496;445;338;462;505;503;497;486;487;432;339;468;495;505;487;478;477;453;375;464;480;483;484;476;478;474;449;478;481;486;479;486;482;473;481;483;480;482;479]
249181 - [424;447;365;311;348;417;403;398;480;483;432;327;416;491;495;479;491;492;421;329;444;500;500;489;494;493;437;338;467;501;509;499;489;483;434;349;467;497;503;489;481;476;454;372;462;484;482;483;480;477;476;453;477;481;483;483;485;490;481;487;487;480;486;490]
250245 - [427;438;374;314;351;418;409;389;482;482;432;324;416;490;490;482;487;493;429;328;432;503;501;492;495;496;440;327;459;506;505;498;487;489;434;343;466;492;503;484;476;479;453;374;460;481;484;481;477;472;472;449;478;482;489;484;479;489;486;479;481;481;480;490]
251209 - [411;448;374;312;354;418;409;404;482;486;426;319;414;490;494;484;490;494;437;331;443;501;503;493;495;493;437;343;456;504;506;493;486;486;436;351;464;495;501;484;478;473;449;367;460;482;482;481;479;481;472;448;476;486;485;486;490;489;479;480;481;487;482;489]
252173 - [421;445;366;316;350;414;404;399;481;488;429;327;418;493;494;479;489;489;424;327;436;499;503;500;491;495;437;344;461;504;508;495;480;484;436;337;465;492;498;488;478;474;454;370;460;487;484;483;482;474;477;457;479;482;491;485;484;482;474;478;484;488;480;488]
253137 - [427;451;375;311;353;425;410;393;478;481;433;320;412;484;490;483;490;492;437;326;442;502;503;496;490;497;447;344;469;502;505;497;482;483;448;349;459;493;495;488;481;472;457;368;463;482;481;482;475;473;471;451;480;485;480;482;490;482;482;482;479;482;491;483]
254101 - [420;444;369;310;355;419;409;397;485;482;431;326;419;494;496;479;490;490;438;331;436;501;504;493;496;496;446;343;461;509;504;495;483;489;447;353;463;494;499;489;478;469;447;370;458;479;484;487;485;476;474;447;480;484;483;485;478;482;477;483;485;491;487;478]
255065 - [406;440;368;310;352;413;411;394;484;482;430;320;412;494;488;476;492;489;438;326;432;500;505;496;490;491;436;337;462;504;507;497;486;484;435;348;466;500;499;487;478;473;448;371;455;482;483;480;481;476;472;451;478;479;483;486;484;480;478;480;487;484;481;492]
256029 - [409;449;369;313;349;414;413;398;477;483;429;329;417;494;488;476;493;488;428;327;429;501;501;489;498;497;437;344;462;504;505;494;485;484;431;348;463;502;501;485;478;476;452;369;464;486;482;483;480;480;475;453;480;482;486;488;488;476;480;482;488;482;479;485]
256993 - [424;449;369;317;350;416;401;407;483;482;433;324;418;491;491;478;487;493;429;334;430;501;498;490;490;497;447;337;471;501;501;494;484;480;435;351;462;497;503;490;476;480;453;372;454;482;489;484;478;474;478;448;482;480;485;477;479;486;482;481;483;482;489;488]
257957 - [422;448;361;314;345;420;413;404;479;481;431;328;417;490;490;477;490;490;423;330;444;501;506;492;495;495;439;340;463;505;504;496;485;489;442;356;464;494;502;492;479;479;450;369;460;484;484;485;478;479;474;444;476;480;484;486;487;480;483;483;480;481;482;492]
258921 - [426;444;370;312;347;414;403;405;482;486;431;326;413;493;489;480;491;493;434;330;443;501;503;490;493;495;428;340;458;502;511;495;478;488;442;350;465;496;495;490;475;479;443;370;462;481;482;484;482;481;475;449;479;486;486;486;482;481;481;491;483;482;485;488]
259885 - [426;444;367;317;349;426;408;403;480;487;430;327;412;498;490;478;485;492;427;330;432;502;505;497;488;496;435;340;457;509;504;499;482;488;432;342;462;496;501;488;478;478;452;367;464;484;482;482;476;480;473;448;477;479;483;477;475;475;481;484;484;483;490;487]
260849 - [419;451;375;313;347;413;416;392;480;489;435;326;412;493;484;481;488;490;438;326;444;503;503;498;499;494;437;342;460;501;505;503;484;486;445;346;463;497;499;486;475;480;451;377;459;481;485;481;476;480;468;449;481;482;485;483;489;482;474;482;484;483;484;485]
261813 - [414;448;366;307;351;410;411;395;482;484;429;323;415;493;493;482;485;488;435;331;433;502;501;494;488;494;437;339;466;502;504;503;486;487;435;350;469;492;499;485;479;479;448;368;454;485;486;482;482;480;470;450;484;481;481;490;485;483;479;474;484;484;495;484]
262777 - [414;444;371;318;349;422;407;396;476;483;435;326;409;491;493;481;489;487;435;326;429;501;497;495;489;496;444;343;463;511;506;500;485;487;442;349;462;494;497;485;480;475;450;369;460;482;483;482;480;482;469;445;481;481;485;482;483;484;483;482;479;480;488;483]
263741 - [414;448;365;311;350;417;406;394;477;480;432;327;413;498;488;472;489;491;445;326;435;499;499;494;490;500;442;342;465;506;507;498;486;485;445;349;463;492;499;491;476;477;454;373;461;482;486;483;479;474;474;451;480;486;479;487;488;481;478;482;488;486;484;482]
264805 - [417;448;359;311;343;422;402;394;482;484;420;324;413;497;489;478;491;488;426;329;441;499;503;494;493;492;445;338;461;503;507;497;482;483;447;349;469;501;500;490;481;473;449;372;460;486;484;484;478;476;472;447;483;486;484;484;483;474;481;484;482;486;487;489]
265769 - [410;447;368;312;346;405;414;406;479;483;429;322;414;490;494;479;489;489;437;326;432;501;500;497;493;499;448;340;460;503;505;497;478;487;433;350;460;500;504;488;482;472;447;367;461;480;476;481;473;474;475;451;478;481;481;485;484;479;478;483;484;490;485;490]
266733 - [402;447;374;312;353;416;409;396;486;484;428;321;418;491;488;472;489;490;428;332;443;501;505;498;490;499;431;341;459;508;510;489;487;485;446;349;464;500;495;487;476;476;456;366;460;485;480;485;481;476;471;455;479;488;478;482;481;483;478;481;482;489;485;487]
267697 - [416;438;368;316;351;416;410;395;483;482;434;322;414;495;489;481;492;496;435;328;429;498;502;488;494;502;433;339;466;506;504;500;484;483;436;352;463;491;500;488;478;476;449;370;464;482;481;485;481;478;475;446;481;481;483;477;488;480;479;481;483;487;488;481]
268661 - [428;452;369;315;352;415;412;404;478;482;432;319;414;487;492;477;488;492;428;329;433;503;505;495;500;494;439;338;465;508;502;494;486;490;441;351;462;500;496;483;480;481;453;364;464;484;485;484;472;482;475;446;476;484;484;480;488;478;474;484;481;493;493;479]
269625 - [420;444;372;313;348;416;398;399;486;481;440;325;421;491;490;481;486;488;426;329;432;500;500;490;493;496;440;335;443;501;512;493;484;484;437;350;465;499;497;490;475;480;455;372;460;484;480;487;477;479;476;450;475;485;484;482;479;482;477;481;482;481;486;493]
270589 - [416;444;371;313;352;416;405;401;477;483;432;326;420;492;489;480;491;491;431;328;442;498;499;496;493;498;435;339;468;504;506;497;487;486;447;354;464;496;495;492;477;476;458;372;464;486;482;479;478;475;477;447;481;477;485;481;483;477;478;486;480;484;484;491]
271553 - [425;445;365;313;358;427;403;388;481;485;432;327;419;489;493;476;485;491;434;331;431;501;500;495;489;495;433;337;456;504;510;494;486;483;441;350;465;492;496;493;475;477;447;369;465;481;482;484;480;483;475;451;481;478;484;488;478;483;480;486;486;481;489;479]
272517 - [404;440;364;311;356;417;409;394;475;484;419;324;414;493;489;480;491;489;427;329;437;502;503;493;500;499;426;336;460;501;503;500;487;481;445;348;461;494;499;488;480;476;457;369;460;482;481;485;482;479;476;454;482;480;486;486;487;490;478;483;478;484;493;484]
273481 - [429;446;371;313;350;414;403;403;484;486;428;321;411;497;493;479;488;491;424;326;445;504;499;494;492;500;442;340;465;509;506;493;485;488;446;346;464;494;495;480;473;480;454;370;461;480;481;482;478;478;471;450;478;485;480;476;485;480;478;483;480;481;489;486]
274445 - [428;447;375;312;342;419;401;401;482;480;431;323;412;487;498;480;492;496;427;333;434;503;503;496;490;493;443;339;467;504;505;496;488;489;436;349;468;500;498;488;471;480;455;375;460;484;484;484;475;475;474;452;480;483;483;484;488;482;477;490;486;486;481;486]
275409 - [421;445;376;313;350;423;412;392;476;485;436;320;409;496;495;481;491;491;439;329;432;503;503;492;494;494;433;340;464;499;509;499;484;480;443;354;462;488;498;492;480;480;451;371;461;484;483;479;481;476;475;451;479;483;484;484;494;482;478;487;487;485;486;497]
276373 - [408;444;363;312;350;415;403;386;480;483;433;329;413;494;494;479;488;492;429;322;434;502;499;494;493;496;447;339;460;504;507;496;485;480;447;339;464;496;492;488;474;477;456;366;462;485;483;487;479;478;473;454;474;479;486;485;476;484;485;476;481;480;480;489]
277337 - [411;450;370;317;351;414;407;399;484;485;428;326;415;494;493;476;489;490;438;327;442;505;499;499;491;493;434;339;460;502;505;499;484;488;445;343;464;498;502;489;473;475;451;364;463;478;483;481;475;479;475;458;482;486;485;485;485;485;480;491;480;481;490;486]
278301 - [412;437;369;318;345;410;407;390;482;484;429;327;415;490;489;479;485;490;427;329;432;494;505;491;492;494;440;337;454;503;505;498;485;489;446;348;465;498;501;490;476;475;451;372;454;480;482;482;480;478;479;451;479;482;486;482;474;478;477;480;485;479;487;489]
279365 - [411;440;362;312;349;420;408;404;480;486;431;323;418;499;493;478;487;488;438;327;444;506;500;493;487;494;435;341;461;505;511;497;487;488;437;347;462;497;493;494;478;479;442;372;460;487;483;484;482;477;473;446;478;481;480;484;486;476;478;477;483;484;485;493]
280329 - [420;446;370;314;348;417;408;402;482;482;432;325;410;489;497;476;488;492;429;327;441;502;502;493;491;496;448;341;456;505;500;498;488;485;428;352;464;496;499;487;477;473;454;369;461;479;482;485;478;476;478;449;477;484;483;483;486;481;481;482;488;481;490;492]
281293 - [424;445;360;311;352;426;410;388;479;479;431;325;409;488;489;479;487;487;437;333;433;499;505;487;491;493;435;342;452;508;508;496;480;485;449;350;463;496;496;489;481;480;459;372;461;491;487;481;476;478;473;448;478;483;483;483;490;469;477;482;484;486;486;487]
