Leitura Plastico Branco - 20cm - VL53L5
		 [	1	2	3	4	5	6	7	8][9   10  11  12  13  14  15  16][17  18  19  20  21  22  23  24][25  26  27  28  29  30  31  32][33  34  35  36  37  38  39  40][41  42  43  44  45  46  47  48][49  50  51  52  53  54  55  56][57  58  59  60  61  62  63  64] 
1859 -   [383;434;237;212;232;391;401;387;479;481;258;220;240;491;488;475;488;484;243;218;245;492;503;494;498;495;271;226;279;495;505;495;481;479;270;226;278;489;503;487;475;467;297;233;314;479;481;482;474;475;310;233;327;479;481;490;483;481;458;318;459;484;483;486]
2724 -   [397;439;237;214;232;385;378;374;475;477;251;216;236;475;486;477;489;486;255;220;262;489;498;495;489;491;247;225;257;491;503;496;481;482;269;227;305;488;497;488;472;470;295;232;316;472;480;481;481;477;344;230;357;479;473;484;490;477;463;287;462;485;495;486]
3689 -   [402;448;229;210;231;386;372;385;481;477;252;217;236;484;487;480;483;483;256;218;260;485;503;496;489;487;248;223;263;497;503;497;481;486;272;227;311;490;490;488;477;471;299;229;318;476;480;485;478;477;341;231;325;475;484;487;483;479;456;318;457;489;490;494]
4654 -   [398;436;238;212;232;381;377;379;479;478;254;218;235;491;488;478;488;487;255;215;244;490;502;489;489;490;266;223;284;494;505;491;485;481;270;226;296;487;494;484;476;479;254;226;314;476;480;478;473;470;339;235;323;472;479;484;495;477;462;302;466;479;489;482]
5619 -   [407;426;235;213;233;381;394;366;482;478;241;219;245;484;485;477;487;482;239;218;246;486;503;491;489;492;265;222;284;496;505;494;483;474;270;228;279;492;500;478;473;472;299;226;317;479;482;479;473;478;338;231;354;474;480;482;483;481;461;299;463;476;492;488]
6584 -   [396;435;226;211;232;387;372;368;478;476;254;216;232;476;487;478;485;481;250;219;246;489;502;495;489;495;247;224;282;501;500;493;486;479;269;226;307;487;495;486;469;470;277;233;319;479;479;481;479;473;336;228;329;475;480;484;481;483;465;291;457;477;483;486]
7549 -   [395;431;237;212;235;373;384;374;478;476;257;215;242;482;485;474;485;480;238;219;244;491;501;493;489;494;247;224;283;491;502;495;479;481;273;227;276;487;501;488;477;470;302;231;317;473;481;485;479;468;335;234;351;472;481;488;490;485;467;289;458;484;488;487]
8514 -   [403;429;235;210;230;400;381;383;475;480;255;220;231;476;483;476;491;483;238;220;243;485;505;488;492;493;264;223;264;504;505;493;479;482;271;228;279;490;497;483;475;470;298;232;314;477;479;479;477;470;303;229;335;475;477;486;483;483;454;315;464;489;484;486]
9479 -   [405;438;236;214;227;385;384;383;481;472;252;218;254;470;490;473;490;486;254;219;259;493;503;497;488;484;247;223;282;498;504;496;483;482;263;225;276;491;491;484;476;467;284;229;315;473;480;484;476;470;308;234;331;473;477;487;481;484;456;278;459;484;486;481]
10444 -  [398;445;241;213;231;382;395;382;479;471;253;219;249;485;488;467;489;490;255;219;241;491;502;492;488;492;248;221;265;497;503;490;482;477;274;224;310;488;496;483;473;469;280;230;303;476;479;478;475;473;340;231;326;471;482;480;480;477;458;288;460;482;490;494]
11409 -  [404;434;234;213;233;379;381;384;481;474;255;216;233;487;490;472;490;490;255;218;242;490;502;491;487;495;247;224;267;497;502;494;478;478;257;226;278;486;495;490;472;466;279;229;319;482;479;479;478;473;311;231;324;470;484;483;485;482;468;292;462;481;489;489]
12374 -  [400;437;234;215;232;395;404;383;478;482;255;215;235;475;487;472;487;494;246;219;240;486;499;488;485;489;265;223;286;490;501;497;479;480;271;224;281;490;499;490;472;476;299;227;319;474;488;481;476;465;347;226;352;474;485;478;485;474;461;287;459;475;490;492]
13439 -  [402;439;238;211;235;395;385;388;481;481;254;217;249;477;485;474;488;485;237;218;261;486;498;487;489;491;264;225;266;488;504;497;482;477;256;227;297;486;495;482;469;472;301;233;321;472;478;479;482;473;337;231;358;476;479;483;488;487;458;293;454;480;489;492]
14404 -  [403;434;237;211;231;381;382;380;482;475;252;219;241;477;488;478;494;483;239;217;261;488;500;487;492;491;247;224;267;497;501;495;480;479;272;228;305;485;497;481;474;470;300;232;311;475;482;487;478;473;338;232;329;481;480;482;484;480;468;281;463;481;487;484]
15369 -  [388;430;238;214;232;392;402;386;481;470;256;213;236;481;488;474;493;485;258;218;261;490;502;490;485;488;267;222;282;486;501;492;487;477;271;227;310;486;498;480;475;472;301;230;304;474;477;481;477;466;338;233;328;468;481;480;483;479;458;299;464;485;485;484]
16334 -  [403;426;236;214;228;385;389;383;482;479;253;218;247;472;486;474;490;488;258;218;244;483;498;492;487;488;234;224;286;499;501;493;483;473;268;227;309;485;501;486;472;472;296;230;313;477;480;482;467;478;324;234;355;478;480;478;484;478;464;289;456;481;480;486]
17299 -  [401;436;234;211;230;377;395;367;477;476;259;217;246;477;482;469;490;490;254;216;242;488;501;486;491;491;262;221;255;495;502;501;483;475;274;230;273;487;494;483;471;473;302;231;319;477;479;475;478;470;338;236;327;479;481;485;486;483;460;295;465;482;485;494]
18264 -  [398;418;232;212;232;383;399;377;477;482;252;217;235;480;486;473;485;489;257;218;240;487;498;490;493;492;250;225;264;496;510;492;482;477;270;228;312;489;506;484;471;471;299;232;318;472;480;483;478;480;334;235;327;469;481;484;463;486;456;314;462;480;489;487]
19229 -  [397;429;239;214;231;382;371;383;477;480;240;218;241;480;485;485;483;479;253;217;245;490;502;492;487;493;264;220;287;497;503;496;483;475;261;229;278;488;499;484;479;477;297;224;321;480;476;479;474;471;336;232;354;469;484;484;479;473;460;291;462;481;488;490]
20194 -  [384;436;238;214;232;382;399;388;474;480;240;217;238;484;485;477;485;490;259;217;244;493;497;495;492;497;265;224;255;494;505;496;481;479;272;228;280;490;497;484;479;476;305;229;315;475;483;479;479;469;310;231;321;483;482;480;479;485;460;279;465;485;487;485]
21159 -  [400;434;237;212;233;398;402;386;472;474;245;219;239;476;488;470;487;487;258;219;243;492;495;493;490;499;268;222;283;488;503;493;486;476;272;226;276;485;496;486;477;470;278;228;305;476;480;482;474;473;303;234;353;475;482;483;482;479;460;267;461;478;487;481]
22124 -  [374;434;237;211;233;399;384;380;475;476;258;217;251;490;485;472;490;480;261;217;258;490;499;491;490;492;263;223;264;487;500;492;484;476;270;230;273;489;500;484;473;473;281;221;314;480;480;484;471;477;334;235;356;473;482;482;491;489;465;286;462;485;489;492]
23089 -  [402;436;234;213;231;370;370;386;473;474;239;215;249;480;490;470;480;485;241;218;245;492;505;493;488;490;265;223;268;491;499;490;482;482;264;226;278;492;496;483;479;471;291;227;318;480;476;480;477;476;339;234;358;471;480;488;485;481;472;264;460;479;482;480]
24054 -  [412;431;238;215;232;385;383;372;481;471;239;216;247;477;485;473;490;486;239;220;242;491;497;491;489;487;267;223;288;493;498;495;484;488;260;226;308;487;500;486;469;473;299;231;325;478;483;478;477;479;339;236;332;476;482;480;484;481;461;293;464;479;489;488]
25019 -  [407;433;235;213;226;373;396;384;480;473;247;216;235;476;491;475;492;484;255;217;242;488;501;490;488;495;265;223;255;502;500;497;486;480;272;227;304;490;496;482;476;469;278;226;320;472;483;479;475;475;335;235;329;468;483;480;479;489;458;279;465;477;485;483]
25984 -  [399;431;227;215;231;384;376;376;476;476;255;217;240;477;494;476;488;488;251;217;241;486;499;492;490;489;250;224;264;488;499;493;486;476;261;228;278;488;497;485;473;477;294;230;304;480;483;481;477;473;334;230;328;469;485;481;485;476;456;278;456;486;484;494]
26949 -  [399;429;236;210;231;377;404;377;475;475;245;213;251;474;480;476;483;487;243;219;255;493;496;488;486;492;266;222;261;489;502;495;484;475;271;224;306;494;498;485;472;473;288;230;305;475;483;482;478;479;340;231;355;472;485;482;488;476;458;317;462;480;490;493]
27914 -  [402;434;238;215;231;400;393;385;472;473;255;214;236;482;481;474;488;483;238;218;244;486;505;490;487;491;264;222;267;492;507;493;477;486;273;230;274;488;489;490;473;470;281;231;322;478;483;485;480;470;346;232;328;472;480;485;485;482;472;292;459;484;491;488]
28879 -  [395;432;233;212;232;382;389;381;476;478;246;214;237;482;483;476;491;493;248;217;242;487;505;484;489;490;243;222;259;498;500;493;483;483;258;227;274;488;493;487;469;477;280;233;316;472;481;480;479;477;331;228;359;469;481;479;495;481;459;277;456;490;483;483]
29844 -  [392;434;235;211;230;388;390;380;474;480;254;218;238;481;489;468;489;482;254;217;243;487;498;492;489;488;267;223;264;492;502;494;483;483;253;226;311;485;492;485;471;467;284;232;318;474;479;475;482;475;317;234;327;478;479;487;489;474;464;322;461;480;496;484]
30909 -  [400;438;236;213;231;389;377;388;478;478;256;217;241;477;492;472;487;491;255;217;243;488;500;493;488;492;243;220;265;496;501;492;484;475;270;221;306;487;498;483;477;471;281;231;315;482;472;482;474;475;335;235;350;471;482;483;490;477;455;266;459;482;485;488]
31874 -  [397;435;237;213;232;374;397;381;473;477;254;215;242;479;487;471;485;482;243;218;241;487;502;497;494;491;264;221;260;503;511;499;482;478;254;228;282;488;498;489;479;468;280;233;292;480;475;479;475;473;325;234;352;470;483;487;491;489;464;294;461;487;484;489]
32839 -  [409;437;237;212;232;383;391;384;479;473;259;215;235;478;487;470;481;485;245;213;258;484;505;486;488;493;267;222;254;501;505;491;481;486;272;228;276;485;500;483;473;472;305;228;305;478;479;478;473;469;319;233;354;470;480;479;494;478;467;292;464;482;488;488]
33804 -  [396;437;239;212;231;387;392;379;475;478;259;217;232;485;481;471;494;486;256;215;259;486;501;493;488;494;249;225;270;489;500;501;480;479;272;227;309;487;501;484;473;470;298;228;321;476;476;481;474;473;317;226;325;472;481;482;481;480;462;290;463;485;487;482]
34769 -  [403;431;229;214;229;389;391;379;479;481;240;219;234;478;487;475;484;481;246;218;240;490;499;495;489;494;249;224;262;491;505;490;483;480;261;227;279;489;494;483;471;470;295;227;305;479;475;482;471;474;349;231;334;475;480;482;487;481;458;266;464;484;493;484]
35734 -  [392;407;237;212;226;382;395;379;476;480;253;216;234;479;483;472;492;489;257;217;247;487;501;492;493;488;248;222;280;499;506;498;482;478;271;228;309;492;494;489;478;472;298;230;322;468;480;482;480;474;334;232;328;473;480;482;489;478;463;292;464;481;482;489]
36699 -  [391;435;238;210;229;388;376;374;475;475;259;217;234;476;483;472;486;492;256;217;243;487;496;489;493;487;255;224;264;493;499;497;485;480;255;227;291;490;497;490;472;473;304;230;307;478;479;482;478;479;314;234;329;480;485;486;491;475;474;289;455;489;492;487]
37664 -  [410;434;240;214;233;391;385;371;481;476;258;216;249;480;489;482;491;485;257;216;261;488;500;492;489;493;266;226;284;492;510;499;485;476;269;224;313;491;498;488;477;471;280;229;319;478;482;481;477;476;337;228;324;478;481;482;484;482;464;285;461;484;495;481]
38629 -  [397;429;234;212;231;392;389;385;479;477;259;215;248;479;490;476;489;484;256;215;244;492;502;490;490;483;250;223;279;495;502;490;480;481;272;227;285;480;501;485;474;475;285;231;319;480;480;483;474;474;339;229;362;476;480;484;488;487;459;317;458;485;490;489]
39594 -  [392;422;238;214;233;392;384;387;478;480;255;218;251;478;485;470;483;479;256;216;243;487;500;484;486;490;249;226;258;491;505;494;485;482;275;229;272;486;495;486;472;472;282;230;316;477;483;480;482;479;307;232;362;479;481;484;493;484;460;315;459;485;493;487]
40559 -  [400;442;236;213;231;390;388;371;480;476;246;215;245;477;483;477;485;482;253;218;259;490;505;489;488;493;245;225;283;490;503;494;480;482;271;227;288;486;497;487;475;472;285;231;321;478;485;479;475;468;336;230;360;479;481;485;486;478;466;288;466;481;488;494]
41524 -  [402;417;237;214;230;387;391;377;482;481;241;219;253;478;485;474;490;488;254;218;260;486;501;488;491;490;260;224;279;499;504;495;482;484;271;226;278;488;497;485;477;467;298;235;285;479;480;483;476;474;332;236;329;473;484;487;495;470;461;290;463;476;484;494]
42489 -  [400;424;237;212;228;388;392;377;477;480;254;215;253;481;485;474;487;491;247;215;244;490;498;488;491;486;265;223;248;489;500;492;483;481;241;228;308;484;497;483;473;471;281;226;325;482;487;482;474;474;345;230;348;476;482;483;479;481;459;287;462;482;487;485]
43454 -  [396;429;237;210;229;388;381;363;480;475;259;217;251;477;490;468;481;484;257;217;241;490;502;489;488;490;243;225;278;493;500;490;480;480;267;228;304;490;493;487;473;471;279;232;323;484;483;484;478;475;312;233;350;477;479;486;488;484;467;274;459;475;482;490]
44419 -  [403;427;236;214;233;389;388;396;479;477;255;218;238;482;486;479;484;485;247;218;263;488;498;489;485;486;264;223;265;500;504;497;489;473;254;226;275;495;495;481;475;471;300;230;315;470;485;477;472;473;342;228;354;481;483;481;474;478;458;276;451;481;484;488]
45384 -  [397;435;237;211;233;393;392;374;473;473;256;219;235;475;493;479;485;479;258;216;261;491;503;486;487;495;245;224;282;496;497;494;481;478;251;226;310;483;497;490;473;471;300;230;319;473;478;482;478;473;338;233;327;474;476;481;485;485;472;315;461;484;484;493]
46349 -  [395;438;238;215;234;367;389;368;473;476;257;219;233;484;487;476;485;485;258;218;243;487;497;498;493;489;246;223;276;493;502;494;485;479;264;225;274;490;493;478;471;475;289;231;322;475;484;482;478;475;340;232;346;475;482;477;490;477;461;277;457;480;491;489]
47314 -  [399;429;237;215;233;384;375;378;476;479;257;218;237;478;487;471;488;486;258;213;239;487;496;486;482;493;247;223;263;493;503;497;487;480;264;223;308;486;493;487;474;478;301;229;310;475;480;481;478;476;300;234;348;475;482;485;477;478;464;285;465;483;490;487]
48279 -  [405;443;236;212;226;382;399;381;478;472;241;218;237;477;488;475;492;490;246;215;245;487;493;492;488;490;241;226;282;491;503;495;481;476;268;226;298;489;495;482;474;472;298;230;316;479;473;481;481;473;311;233;335;471;480;483;485;477;473;285;460;483;486;486]
49344 -  [398;437;237;215;233;379;392;389;480;473;258;217;247;484;490;474;484;480;245;217;239;488;497;490;491;487;249;224;283;490;503;494;484;478;263;227;276;491;493;483;480;472;297;229;302;486;485;483;479;469;356;231;358;480;474;486;486;481;459;287;460;482;488;489]
50309 -  [390;435;238;213;233;376;376;374;485;471;253;219;250;482;494;469;487;489;258;215;243;487;502;491;492;485;249;222;280;496;500;499;482;482;270;229;274;488;496;485;473;467;283;228;317;476;481;479;478;473;340;233;330;469;478;487;473;478;467;289;471;483;485;487]
51274 -  [398;420;235;213;226;394;394;369;479;476;254;217;238;481;487;474;487;490;259;218;238;486;497;487;489;484;250;224;264;492;501;492;485;473;263;229;275;494;494;484;475;475;278;228;303;474;479;480;485;476;318;232;329;478;480;487;495;483;467;291;470;480;480;486]
52239 -  [404;434;234;211;232;398;384;386;475;472;256;215;241;482;484;478;484;489;256;218;244;490;501;492;492;488;250;220;258;504;500;496;483;485;270;227;280;487;497;481;471;472;297;231;317;477;484;479;475;474;345;232;358;481;478;481;490;481;464;299;459;485;486;487]
53204 -  [402;436;237;213;231;388;382;385;478;474;254;217;247;478;484;475;485;487;254;216;244;490;498;488;489;492;266;223;281;497;504;497;480;482;261;227;280;485;493;490;473;476;284;230;314;477;476;483;479;476;344;231;328;480;483;484;489;480;470;282;461;471;489;486]
54169 -  [399;435;232;214;227;390;395;369;472;473;234;219;250;478;487;470;492;481;248;218;242;492;500;490;489;490;262;224;285;492;502;492;482;480;261;227;281;485;498;484;476;472;287;229;315;475;475;480;478;477;336;229;354;484;475;482;491;480;471;285;461;476;494;495]
55134 -  [398;436;226;211;231;393;382;379;484;476;257;219;237;480;483;475;491;487;260;216;242;486;499;490;489;490;266;224;249;494;507;493;481;488;271;226;310;490;499;484;475;470;286;230;321;475;483;484;480;473;314;233;337;480;481;485;486;480;460;271;452;482;491;490]
56099 -  [412;439;234;214;231;367;390;384;479;476;257;215;245;479;482;475;488;486;258;216;260;486;503;492;492;488;250;220;287;498;494;492;481;479;271;228;297;486;496;486;475;471;297;232;322;475;484;480;476;472;318;236;349;471;479;486;487;484;459;274;460;482;489;490]
57064 -  [401;434;238;213;230;395;402;378;481;482;254;214;240;476;487;473;488;480;240;217;259;488;504;489;492;495;247;225;259;494;503;492;482;480;272;228;309;481;495;485;478;468;293;226;306;478;482;479;478;471;345;230;328;467;479;482;481;480;465;313;457;476;490;483]
58029 -  [413;427;237;214;225;382;378;378;484;476;245;217;247;483;484;468;487;480;247;217;245;488;500;490;486;487;248;223;258;494;504;492;478;480;269;225;276;487;499;491;474;467;297;229;312;470;484;482;475;473;315;234;343;472;480;484;481;473;462;319;459;483;490;482]
58994 -  [395;428;241;212;231;391;377;387;482;472;240;218;239;481;489;473;489;487;258;218;241;493;501;492;493;491;267;225;282;493;501;499;483;475;260;229;308;483;503;487;477;474;307;231;321;474;482;485;470;470;338;232;343;473;485;483;486;477;466;292;458;484;486;482]
59959 -  [399;431;236;211;230;387;384;375;482;476;256;214;241;482;484;475;487;487;260;217;257;487;505;490;490;492;247;224;277;492;504;499;481;480;262;229;309;493;502;488;475;476;296;230;317;475;484;480;476;472;343;231;329;469;479;485;484;480;463;290;455;481;489;478]
60924 -  [398;430;237;212;230;382;387;389;473;477;252;215;252;475;489;474;481;485;255;218;244;493;502;489;491;490;262;223;254;497;500;497;481;485;270;226;305;486;495;486;470;473;301;231;310;478;487;481;479;473;300;234;352;481;483;486;473;475;467;299;457;482;487;481]
61889 -  [404;436;238;211;225;373;392;387;476;477;246;219;242;484;488;473;488;487;240;218;225;493;496;489;494;490;247;224;264;498;502;490;476;480;268;227;311;484;497;484;478;473;286;230;310;480;484;483;476;476;348;231;359;475;483;485;486;475;459;291;461;480;489;483]
62854 -  [400;434;237;214;227;391;391;385;475;479;257;218;249;478;484;470;491;487;255;217;262;495;498;493;494;490;253;221;283;495;501;495;488;481;250;225;295;487;495;484;482;469;283;228;313;478;481;484;473;480;315;231;328;478;483;487;486;486;465;257;462;485;486;482]
63819 -  [391;432;228;214;229;385;375;388;478;479;244;219;239;479;485;473;487;481;258;215;243;493;498;490;490;492;250;222;266;487;505;495;479;485;257;229;276;483;497;487;475;467;297;231;322;475;482;483;476;467;336;233;359;474;484;487;483;475;461;293;457;487;487;491]
64784 -  [397;433;239;212;227;386;387;374;478;479;258;218;244;474;485;471;489;491;260;216;242;488;498;488;486;487;248;221;284;496;499;491;482;474;270;226;276;489;495;481;474;480;296;230;321;474;476;483;481;476;338;234;332;482;480;485;482;477;462;292;460;481;487;502]
65749 -  [406;440;235;212;230;390;380;390;475;476;254;216;250;471;487;476;489;487;242;215;240;493;500;487;486;497;249;222;285;500;503;496;483;478;271;228;257;485;489;489;476;476;280;230;315;473;478;480;478;475;340;229;352;477;482;485;486;490;463;301;465;480;487;479]
66814 -  [388;426;230;210;232;394;384;388;478;476;253;218;239;477;487;472;484;488;255;217;258;489;499;489;495;497;250;222;281;496;502;494;477;478;271;230;313;484;500;485;472;479;279;234;321;478;480;477;480;473;335;232;325;474;482;479;475;483;464;295;462;482;486;493]
67779 -  [407;427;240;214;230;379;406;383;477;476;256;220;248;473;487;476;489;485;248;216;242;493;500;491;493;490;265;223;283;495;505;494;481;481;272;229;312;488;498;487;478;477;300;229;322;480;481;481;480;476;320;235;352;477;482;480;484;480;457;290;458;485;487;493]
68744 -  [400;441;239;214;233;377;398;371;475;476;256;218;248;478;487;469;488;487;257;216;243;485;498;491;498;480;266;222;262;488;506;486;478;482;243;226;278;484;498;487;475;474;303;230;323;479;483;483;476;479;343;229;353;475;482;486;490;471;467;266;461;478;484;497]
69709 -  [404;435;238;213;234;389;392;384;483;475;255;219;250;482;490;476;494;483;257;219;245;491;497;493;493;481;251;224;286;490;502;490;483;487;270;227;279;491;496;490;476;473;297;232;315;479;485;480;481;473;352;233;338;471;480;482;487;475;466;290;460;486;487;483]
70674 -  [407;437;236;213;233;390;370;385;478;476;244;217;238;482;488;473;495;486;261;217;241;482;498;491;487;494;246;221;256;499;503;487;480;472;258;226;276;491;494;486;476;467;298;228;314;482;476;482;479;470;346;233;326;480;490;482;488;485;464;290;462;479;491;486]
71639 -  [408;437;237;212;230;388;383;364;478;475;244;217;246;477;487;469;489;491;258;219;260;486;496;491;491;495;269;222;256;493;506;494;483;483;272;228;306;487;498;490;476;465;304;228;304;477;480;482;478;472;345;234;351;468;480;481;480;487;469;292;463;481;482;489]
72604 -  [407;433;236;214;230;399;378;374;474;476;239;218;238;475;493;470;490;489;257;215;242;490;503;486;490;485;268;226;284;489;505;493;483;486;271;225;275;490;501;485;478;468;284;232;318;476;479;486;472;474;342;232;325;472;485;480;483;475;469;306;459;480;483;490]
73569 -  [399;429;240;215;225;376;392;380;482;480;257;215;246;479;488;472;490;485;256;213;261;489;499;490;489;492;250;224;267;493;502;490;482;482;256;226;307;488;500;490;473;477;299;234;307;475;474;481;480;473;320;233;330;476;485;485;483;475;469;277;471;481;482;486]
74534 -  [408;450;238;215;232;398;397;387;483;474;245;220;246;481;488;476;484;488;256;217;240;487;499;493;492;485;248;223;265;504;503;494;480;481;259;227;308;492;492;490;474;473;296;232;319;476;485;480;477;475;310;231;327;479;485;480;482;478;473;294;456;482;490;485]
75499 -  [404;430;235;213;234;372;385;385;473;481;243;216;232;478;482;479;490;484;258;218;241;492;501;494;490;489;262;221;266;495;505;494;481;475;257;227;278;482;495;482;474;472;282;230;312;481;475;482;479;469;335;233;325;473;483;485;485;479;456;320;448;481;486;488]
76464 -  [402;429;236;214;234;376;383;364;477;476;255;216;249;483;492;473;493;489;246;219;243;486;499;488;488;492;247;224;260;490;500;503;487;481;272;230;274;483;500;487;474;472;282;234;317;471;486;483;476;471;323;232;356;475;480;480;473;477;460;316;462;479;490;489]
77429 -  [400;433;238;212;232;392;392;385;475;471;239;218;250;481;487;475;487;479;253;217;242;489;500;488;487;487;250;218;283;495;496;498;478;477;251;227;279;490;492;489;472;471;289;229;306;477;482;484;479;476;312;234;315;480;480;482;487;477;466;288;462;481;487;492]
78394 -  [400;430;236;212;231;378;389;388;475;478;253;218;244;482;483;473;484;489;263;217;240;493;498;489;489;495;247;221;256;495;501;498;480;479;270;227;310;490;497;479;478;473;306;229;320;481;484;483;484;476;341;235;356;475;478;482;485;474;463;291;458;484;479;487]
79359 -  [401;434;238;213;232;390;395;377;478;478;244;217;246;477;487;474;485;485;261;216;227;488;501;494;490;487;269;224;263;490;501;496;483;477;269;226;304;488;494;483;480;470;298;232;316;474;483;481;478;474;337;233;352;475;482;482;486;480;461;288;463;484;480;484]
80324 -  [400;433;228;211;232;398;387;383;481;479;244;216;248;483;485;473;491;477;257;218;241;491;501;494;490;484;250;221;261;500;501;490;489;476;273;227;305;493;494;482;474;477;298;231;317;471;484;480;470;471;347;223;356;480;483;487;477;488;459;293;463;483;490;491]
81289 -  [407;434;236;210;233;389;399;380;480;474;239;213;252;477;481;473;485;489;257;219;247;492;501;488;489;484;267;225;279;499;503;493;480;482;259;228;276;490;501;485;471;469;284;231;313;479;476;482;475;470;322;232;351;475;475;480;487;485;470;314;463;482;482;490]
82254 -  [398;435;229;212;232;391;388;383;470;473;246;215;235;481;489;472;485;481;260;220;243;486;495;491;488;492;267;225;275;495;497;491;483;479;271;227;308;487;501;483;473;471;299;232;317;477;481;483;472;476;345;231;326;474;478;486;486;480;463;282;462;475;490;487]
83219 -  [405;430;230;214;232;363;383;373;473;474;255;216;251;475;484;471;489;484;257;218;241;486;498;492;488;487;249;221;286;495;500;492;480;488;269;229;277;485;498;486;479;471;298;229;322;475;478;479;479;477;336;231;331;475;475;480;485;474;465;285;464;481;485;492]
84284 -  [398;433;237;214;227;367;390;382;480;473;254;215;246;483;490;472;491;477;258;218;257;487;499;491;486;489;266;223;287;497;504;495;481;479;274;228;310;488;493;485;472;469;303;227;315;479;480;477;478;475;351;229;338;470;483;482;486;479;467;279;461;478;482;485]
85249 -  [401;434;237;214;234;391;385;388;485;477;257;218;242;476;487;478;489;486;238;218;262;495;501;491;494;492;252;223;259;499;499;493;480;482;269;226;273;484;500;483;476;475;288;231;318;477;482;483;481;471;335;234;348;470;477;485;491;475;465;287;458;482;478;485]
86214 -  [396;433;234;216;234;377;398;370;476;479;257;217;247;475;486;469;486;486;255;218;242;487;504;490;484;489;247;222;254;499;499;495;483;480;274;229;282;488;496;487;475;473;285;230;301;477;479;479;476;473;298;233;334;479;479;479;485;473;459;309;467;483;487;485]
87179 -  [391;436;238;212;233;392;379;377;479;482;247;214;235;481;485;471;485;492;259;220;245;490;501;493;491;493;267;223;259;498;497;492;484;487;258;228;308;487;496;491;476;474;302;231;314;482;482;478;478;472;309;232;334;475;484;482;485;473;460;271;457;472;477;482]
88144 -  [404;434;238;212;235;380;392;370;481;484;258;216;253;480;485;469;485;485;245;214;259;492;500;491;491;487;265;225;256;489;504;494;483;478;274;226;308;488;496;486;468;472;278;227;301;475;476;476;477;477;340;234;326;474;482;485;490;487;465;288;467;480;491;497]
89109 -  [397;438;236;212;231;360;388;374;480;473;246;216;256;475;485;477;485;487;240;218;244;485;505;493;485;491;252;224;252;496;500;491;483;472;251;226;274;489;499;489;474;473;302;231;322;472;483;480;477;473;338;234;359;470;483;488;488;476;468;289;459;482;480;488]
90074 -  [406;441;237;209;235;365;398;376;474;475;255;217;243;480;483;470;486;487;259;216;258;488;498;490;492;492;246;223;253;494;498;496;480;474;242;229;283;493;498;486;480;471;299;229;316;480;487;486;480;473;338;232;355;469;483;479;481;480;460;286;453;484;487;479]
91039 -  [410;431;238;212;232;389;405;382;481;475;255;219;237;475;487;473;484;490;240;220;263;489;501;493;492;489;250;220;252;488;502;490;483;484;258;228;276;493;494;480;472;467;301;233;316;477;478;477;472;475;336;232;356;478;482;487;479;481;458;295;457;486;483;488]
92004 -  [402;446;237;212;229;379;395;384;485;481;238;218;239;483;483;470;488;484;258;220;243;486;497;493;489;486;249;223;287;492;496;496;481;485;256;227;279;489;499;490;469;467;297;232;316;481;475;483;474;478;312;229;362;473;477;477;483;483;464;278;466;481;487;474]
92969 -  [398;435;222;212;228;392;376;378;481;482;256;217;247;475;487;470;487;485;258;215;258;487;495;495;494;486;247;223;266;498;501;491;486;477;267;228;286;482;498;483;472;467;285;230;306;482;483;481;477;475;341;234;359;476;483;486;488;476;460;281;461;480;486;486]
93934 -  [402;431;237;212;232;385;385;375;474;478;245;220;243;477;488;476;490;481;257;217;257;489;499;496;487;490;266;225;260;490;505;495;480;478;271;228;305;491;500;490;479;470;277;228;319;478;478;482;478;479;307;230;354;475;480;486;488;482;461;287;460;477;486;488]
94899 -  [408;437;235;213;230;379;384;380;479;476;254;220;248;480;485;473;485;483;257;219;260;490;497;492;490;494;247;224;285;497;506;494;485;481;272;225;276;493;501;483;479;470;300;230;315;477;483;481;476;473;339;234;329;476;481;486;489;482;463;295;461;488;490;493]
95864 -  [395;431;230;208;230;398;387;384;482;481;256;216;243;477;487;475;485;480;258;217;243;484;498;488;491;493;246;222;264;497;505;490;482;480;274;227;274;494;496;487;480;470;281;231;310;476;481;486;483;470;309;232;358;470;476;490;482;482;467;319;459;487;493;487]
96829 -  [404;425;237;214;234;382;393;377;478;479;244;214;233;476;482;472;489;492;237;221;242;490;501;490;488;487;261;227;286;490;507;497;487;478;239;224;307;489;495;484;470;468;279;233;321;478;478;483;476;474;340;231;320;469;481;483;483;478;461;288;460;483;482;485]
97794 -  [400;434;229;214;231;374;385;385;477;477;244;219;252;478;483;468;486;487;255;216;259;492;502;486;491;488;242;225;283;491;495;493;489;480;271;226;289;485;494;487;478;473;295;231;316;475;478;483;477;475;343;229;329;469;482;487;492;485;463;291;457;483;492;483]
98759 -  [398;431;236;213;234;386;399;381;478;476;239;217;238;482;488;474;487;486;241;217;242;485;497;493;492;491;265;224;266;488;502;491;488;479;270;227;279;488;499;488;478;471;299;226;324;474;485;480;475;477;346;235;346;473;480;480;490;475;457;289;457;480;491;495]
99724 -  [412;431;238;213;227;370;399;372;475;476;259;217;250;476;488;478;491;482;254;220;243;486;497;492;485;494;234;224;281;493;506;492;485;471;251;226;306;491;501;492;473;469;297;231;311;472;481;480;478;467;334;235;351;476;479;481;486;475;462;285;454;482;486;486]
100689 - [410;442;235;211;234;397;372;379;475;487;247;220;236;483;489;475;481;488;253;219;260;493;498;490;487;493;268;225;289;491;500;498;481;478;271;228;276;480;500;482;470;466;305;230;323;473;487;479;482;477;309;232;364;480;481;482;490;484;462;289;461;477;485;492]
101753 - [397;432;226;211;233;395;397;378;477;473;250;215;231;484;493;471;487;483;242;219;244;487;497;493;492;487;270;224;257;494;501;492;480;477;258;227;307;490;496;487;476;472;286;234;322;478;479;479;475;474;343;233;328;472;480;484;485;483;464;279;459;483;491;487]
102717 - [406;431;236;215;234;373;381;385;477;481;239;217;240;482;486;471;488;481;245;218;246;492;497;499;491;489;228;226;259;498;501;493;478;479;240;229;274;491;497;483;476;472;299;230;307;480;483;481;475;474;329;235;347;479;478;480;483;478;458;302;454;485;487;487]
103681 - [396;433;231;215;232;373;394;384;481;474;246;218;248;476;488;470;488;490;257;218;242;489;504;490;490;498;272;225;264;497;506;496;480;476;274;226;309;491;497;484;472;474;300;229;313;474;484;482;477;475;343;230;327;469;484;482;490;474;467;319;462;484;495;483]
104645 - [409;437;236;212;231;392;402;379;480;477;254;217;250;478;491;469;492;486;257;217;266;493;505;489;497;486;249;224;262;494;505;491;482;481;271;228;275;485;492;482;473;478;286;230;315;480;482;480;474;476;330;236;330;472;479;480;488;483;455;294;462;476;486;488]
105611 - [390;433;238;210;232;378;386;384;478;479;246;218;236;479;485;471;490;486;255;218;243;488;497;489;487;488;247;223;283;494;502;495;483;479;261;225;285;484;496;487;477;470;296;231;315;479;483;480;479;471;344;231;332;475;482;482;486;482;464;292;464;483;489;485]
106575 - [392;439;237;211;231;367;402;366;481;480;255;219;250;481;483;478;490;483;237;217;244;489;497;487;493;489;248;223;258;496;504;497;488;479;271;228;275;491;494;489;474;468;287;232;312;476;479;478;480;475;347;235;355;469;484;485;484;476;466;278;462;482;490;485]
107539 - [393;428;235;214;230;393;397;396;490;479;244;217;241;486;483;473;490;491;238;218;242;489;496;495;491;494;265;224;284;493;502;495;485;480;244;226;282;494;500;488;474;468;299;230;314;473;484;485;479;474;342;234;331;469;481;480;482;482;468;273;467;477;492;481]
108503 - [391;433;237;213;228;388;394;377;482;475;237;216;236;488;484;474;487;485;237;217;227;494;502;494;494;493;270;220;286;498;499;493;485;483;275;225;289;489;493;486;475;474;298;231;323;476;483;477;471;476;337;227;322;472;480;485;485;477;458;275;464;473;489;477]
109467 - [396;440;235;210;231;388;391;362;483;476;257;216;248;476;492;474;489;488;251;215;244;489;502;490;489;498;265;222;286;503;501;495;482;472;267;225;304;488;499;486;478;468;302;234;306;478;479;479;475;473;311;233;328;475;483;480;492;478;463;307;464;485;488;487]
110431 - [399;431;237;213;233;398;392;389;475;484;240;217;242;481;486;473;487;481;255;217;244;488;498;490;486;492;267;223;259;498;500;489;483;475;272;227;278;493;495;487;474;481;280;231;300;480;478;481;472;475;341;228;355;475;483;485;491;469;465;275;464;483;479;489]
111395 - [405;434;234;211;230;400;401;382;474;473;251;221;241;481;492;484;488;479;258;218;258;490;498;487;488;493;248;226;284;494;502;494;483;477;264;227;273;490;495;483;482;468;298;231;325;474;483;481;477;475;338;233;324;473;482;480;479;485;464;293;458;480;481;486]
112359 - [394;434;237;212;231;369;384;383;475;477;245;217;237;477;486;477;488;484;240;217;258;493;503;488;490;489;271;224;281;496;504;497;481;478;276;226;285;488;496;484;477;470;300;230;291;479;481;480;480;473;307;235;361;481;484;483;487;478;469;286;462;477;479;488]
113324 - [393;430;234;214;224;395;376;363;482;477;253;216;250;484;483;471;487;478;258;217;245;489;501;495;487;492;248;225;284;492;496;496;484;477;268;228;276;486;496;483;473;469;280;232;278;478;482;482;474;472;307;235;320;476;477;482;491;482;465;290;459;486;490;482]
114289 - [401;436;238;214;230;382;380;382;473;478;255;217;247;473;485;476;490;484;247;217;244;490;499;487;494;487;252;222;277;490;500;492;483;475;273;228;276;488;499;490;472;474;282;231;320;474;480;481;478;473;342;234;355;478;481;487;486;486;455;289;457;478;482;488]
115254 - [400;438;235;215;233;385;386;391;482;476;255;216;237;478;487;478;487;487;239;219;239;493;496;490;489;495;268;224;254;493;498;491;486;479;254;229;295;484;497;488;479;475;288;231;317;479;483;479;475;475;341;231;339;473;488;481;487;478;456;289;462;487;483;477]
116219 - [392;429;238;209;232;374;397;383;476;471;253;214;249;474;490;473;486;476;235;220;245;491;498;491;490;487;265;223;263;489;504;489;482;481;253;227;279;483;499;480;475;475;304;233;320;474;479;481;482;472;305;233;350;476;481;482;490;478;460;319;462;483;490;484]
117284 - [407;425;235;212;225;373;394;385;476;476;256;215;236;476;496;472;488;488;238;218;266;485;499;493;488;486;252;222;267;498;500;493;481;474;263;228;309;483;495;480;476;469;295;228;315;480;476;480;481;475;338;228;321;483;484;480;476;475;461;315;458;484;488;484]
118249 - [404;434;235;209;232;370;398;372;477;475;242;215;234;479;480;477;489;481;254;218;261;488;500;488;485;490;269;223;254;496;510;494;477;483;270;229;276;487;495;490;479;469;297;232;319;474;478;485;482;478;340;233;329;471;478;482;485;479;460;289;456;483;489;486]
119214 - [400;440;232;211;229;380;388;371;476;481;255;217;237;487;490;469;490;487;256;217;263;488;496;487;492;492;245;222;286;495;507;489;485;485;257;225;310;490;496;490;478;469;285;229;307;477;482;483;476;470;339;232;327;472;481;481;490;484;460;293;461;479;494;488]
120179 - [390;442;231;210;231;371;392;386;478;473;235;215;235;483;484;481;484;485;256;219;260;486;503;490;487;484;249;224;264;498;503;493;483;485;256;226;276;489;499;485;474;470;274;232;304;482;478;476;476;475;304;235;321;473;477;480;486;481;463;318;455;481;485;488]
121144 - [397;434;237;212;232;374;387;388;483;469;255;215;247;484;483;475;487;485;255;220;242;480;495;492;489;488;246;223;257;498;503;491;487;488;254;229;274;487;496;484;478;470;305;231;321;478;486;484;474;474;333;233;329;467;484;485;489;483;459;280;461;481;488;492]
122109 - [398;440;232;213;223;377;397;369;478;480;254;217;248;477;492;480;486;481;250;218;242;492;497;494;492;496;270;224;258;501;505;492;481;483;269;228;305;486;500;486;470;476;299;229;321;476;484;479;479;468;321;231;325;472;477;484;490;480;459;288;449;484;482;486]
123074 - [405;436;237;210;233;365;381;365;475;474;234;215;250;481;483;473;489;478;261;212;240;493;497;489;491;488;249;222;258;498;505;493;485;470;271;228;273;491;495;482;476;472;296;228;302;478;482;478;477;471;347;232;348;475;480;483;485;481;462;288;471;487;481;493]
124038 - [417;430;237;212;233;389;385;381;480;479;255;216;251;487;483;474;488;486;258;218;246;486;497;487;493;494;246;225;278;498;502;495;482;478;269;230;304;488;491;485;474;468;279;230;319;471;484;481;478;471;340;235;355;475;481;483;487;480;465;289;465;482;485;487]
125002 - [397;431;236;213;232;390;389;370;482;478;253;215;250;484;490;470;493;486;255;218;245;489;498;493;486;485;264;224;288;498;509;496;485;486;270;228;313;494;493;483;473;467;302;232;318;475;479;477;475;478;341;230;366;472;479;484;484;483;454;305;463;486;479;487]
125966 - [400;435;236;211;231;387;398;368;483;475;245;218;243;478;494;473;487;486;253;218;243;490;503;493;491;492;246;223;253;497;506;497;481;483;259;225;315;484;500;481;480;468;288;231;315;475;483;483;475;475;341;233;355;475;480;486;493;481;463;281;464;485;492;486]
126930 - [400;427;243;213;234;386;392;372;483;473;258;216;252;478;484;474;487;489;258;219;244;485;494;486;493;493;248;224;251;503;507;493;478;486;269;227;305;498;495;483;477;467;300;231;320;480;479;479;475;474;305;234;354;473;481;487;486;487;462;317;458;482;492;480]
127894 - [402;429;228;211;224;398;392;376;479;479;254;218;249;489;488;474;487;489;255;218;258;491;500;493;490;490;269;223;287;496;504;496;483;478;259;227;313;480;494;487;478;468;296;230;318;472;484;482;477;479;315;228;349;478;487;481;492;476;460;313;465;483;491;488]
128858 - [398;434;238;215;232;382;376;387;474;481;255;217;235;481;485;476;483;483;252;218;240;489;497;489;489;488;268;223;284;493;508;491;480;479;270;230;282;493;494;480;471;475;290;229;315;482;482;480;480;474;314;229;332;471;481;480;482;481;460;301;468;479;489;483]
129822 - [399;434;240;214;232;393;400;377;475;476;241;217;250;484;488;469;486;480;246;217;260;485;504;494;494;494;230;222;252;499;504;499;484;473;274;230;279;488;495;486;476;470;299;230;313;477;479;481;475;475;335;232;361;474;478;477;487;482;459;291;465;486;487;481]
130786 - [413;439;237;212;231;382;376;384;478;473;254;216;237;482;485;472;493;484;239;218;262;492;501;490;487;486;263;223;268;500;499;495;486;480;274;228;278;494;498;482;478;469;278;232;324;475;485;483;481;482;313;232;360;476;480;484;497;480;466;292;457;485;485;491]
131750 - [401;433;239;214;232;382;386;374;480;481;245;215;239;478;490;476;488;479;255;218;258;489;501;492;491;490;263;222;251;491;502;496;485;484;272;229;308;487;493;483;476;468;299;228;289;476;484;481;470;479;339;234;332;481;480;481;488;492;466;267;454;482;482;484]
132814 - [401;433;234;212;237;378;394;381;480;477;243;217;233;480;482;475;484;486;239;219;243;487;500;484;486;487;247;225;263;494;505;493;486;484;277;225;279;487;494;486;477;472;301;233;315;480;486;485;482;469;341;235;355;473;482;482;481;484;466;303;454;485;487;486]
133778 - [393;442;237;214;231;388;376;379;479;479;244;218;250;472;488;471;487;490;254;219;263;492;502;491;487;493;249;224;265;491;505;495;480;471;270;225;276;486;496;484;477;471;296;229;323;475;482;480;478;468;313;234;370;473;485;480;488;481;463;267;465;486;484;480]
134742 - [408;431;234;210;225;380;397;382;481;476;257;215;252;476;489;475;488;485;256;220;241;487;498;492;493;487;249;224;252;495;501;497;484;485;274;227;280;486;493;485;475;475;301;232;319;474;481;481;476;474;332;233;329;476;484;492;487;477;461;320;459;475;490;498]
135706 - [405;435;228;212;233;373;391;373;483;474;241;216;240;477;491;472;483;485;244;218;259;490;498;491;492;486;252;227;288;500;499;496;482;480;252;230;305;482;497;484;471;469;280;231;315;480;479;481;480;479;336;233;330;474;481;486;487;479;459;291;458;481;484;486]
136670 - [401;435;234;213;231;376;374;388;474;478;254;219;252;478;486;470;488;485;240;215;244;491;497;494;485;491;267;227;259;500;508;498;481;476;261;226;315;485;503;484;476;475;300;228;323;474;480;484;474;470;320;235;355;474;482;487;490;476;460;284;465;481;479;484]
137634 - [396;434;229;212;235;395;392;368;478;478;239;218;249;486;485;475;487;480;238;218;242;485;504;495;488;484;250;223;257;503;498;495;480;473;269;230;307;482;494;488;479;469;285;230;304;474;482;486;478;473;341;233;332;474;480;482;478;485;472;312;465;479;485;488]
138598 - [394;404;237;213;233;392;392;383;476;472;257;215;235;483;483;473;491;486;254;219;243;490;500;492;489;486;250;225;278;497;504;490;483;476;251;225;274;489;496;489;474;474;294;232;326;475;477;480;476;471;313;232;355;481;480;481;491;483;462;316;458;484;488;491]
139562 - [402;428;238;214;230;381;397;383;484;473;254;217;249;472;490;473;489;491;244;219;242;489;501;485;490;487;264;223;283;504;505;495;482;477;271;228;275;489;493;481;473;472;294;233;325;474;486;481;473;473;344;235;349;473;481;483;488;483;463;283;457;483;482;497]
140526 - [396;440;238;213;229;386;388;382;474;481;256;214;241;482;483;477;491;484;256;218;260;492;505;492;493;491;262;223;284;500;499;501;488;479;261;229;306;489;502;486;475;468;304;230;319;479;481;482;478;469;319;233;351;471;481;480;486;478;460;325;452;487;496;485]
141490 - [394;434;236;213;230;384;393;386;474;475;254;216;234;475;490;475;490;488;253;215;260;483;497;491;493;486;248;223;284;499;500;499;483;473;271;227;278;485;499;487;475;476;287;231;319;477;484;480;474;477;315;234;367;474;482;482;484;481;461;294;455;484;482;491]
142454 - [400;432;235;213;234;370;401;380;472;477;255;219;249;480;488;477;491;489;243;215;240;490;496;493;494;488;264;223;281;494;496;493;486;480;263;227;309;484;499;487;476;476;285;230;324;475;480;479;475;478;339;235;332;478;483;481;494;486;461;264;464;484;479;493]
143418 - [394;416;235;211;234;384;395;387;482;478;246;219;245;475;486;472;487;486;240;219;260;495;500;493;493;489;264;223;259;494;500;490;483;481;274;226;273;483;493;490;471;470;298;225;312;472;480;482;474;475;321;234;334;474;484;479;480;476;457;292;462;481;479;480]
144382 - [410;428;237;213;234;385;384;372;481;478;239;216;238;478;486;471;492;483;256;213;260;489;497;491;492;490;243;223;265;498;502;500;479;473;256;227;275;490;494;485;480;468;276;232;319;476;486;480;477;473;331;232;332;478;473;479;481;478;465;291;467;483;489;486]
145346 - [401;435;241;212;232;379;390;374;477;478;257;215;246;487;484;475;486;485;255;216;242;491;502;486;488;487;245;224;280;494;504;494;482;485;270;226;306;486;498;487;470;474;279;234;313;474;478;482;478;474;336;233;357;475;482;482;488;479;462;314;459;484;485;484]
146310 - [396;440;233;213;230;389;393;380;483;472;255;218;240;479;489;472;489;483;237;218;246;499;504;494;489;491;247;222;283;502;503;495;484;478;270;228;274;483;499;485;473;473;294;231;321;480;476;481;475;474;346;233;349;474;483;491;492;482;459;291;461;484;485;491]
147374 - [392;432;238;213;234;385;374;380;479;474;257;220;234;479;483;473;491;489;254;217;244;489;500;496;490;488;249;222;283;500;504;496;484;478;270;228;278;493;498;489;472;479;286;230;322;477;477;478;476;478;343;231;331;471;484;483;484;479;464;307;460;485;485;489]
148338 - [402;436;229;214;228;391;397;379;478;475;257;218;237;479;485;473;488;486;252;219;245;485;497;491;493;495;250;225;287;494;502;491;477;479;260;222;306;495;491;485;478;470;280;227;315;482;482;482;478;472;329;231;328;475;483;479;479;482;468;279;464;485;475;482]
149302 - [413;441;236;213;229;378;387;377;479;474;256;220;241;479;488;476;490;486;257;220;242;485;498;490;489;491;244;226;267;493;506;498;488;480;264;227;306;488;498;482;477;472;287;228;316;479;481;482;476;480;350;234;325;473;483;481;488;473;463;288;451;481;484;489]
150266 - [418;431;234;213;231;380;382;379;483;480;254;217;239;474;488;476;491;477;240;218;264;494;501;489;493;489;245;223;285;492;503;497;483;480;254;226;278;486;497;488;476;476;280;230;324;476;483;482;480;473;333;233;362;478;483;479;490;484;465;287;456;484;485;481]
151230 - [405;432;229;209;233;389;394;380;474;478;238;217;242;480;481;477;486;483;237;216;260;490;506;493;492;496;265;222;290;497;505;495;485;478;275;226;273;494;496;485;472;467;284;229;321;474;480;479;475;479;313;231;356;484;482;482;488;486;461;287;455;483;484;480]
152194 - [391;441;237;212;230;384;389;367;481;475;255;217;248;475;483;475;489;485;261;217;256;485;496;490;488;490;269;222;257;498;504;491;482;477;273;227;275;485;490;482;475;473;305;233;312;476;478;483;477;475;312;232;356;474;481;488;489;479;465;281;457;482;491;487]
153158 - [388;434;237;215;232;397;394;380;477;475;237;216;248;478;485;474;489;483;256;219;242;491;498;490;489;492;262;225;254;491;505;493;481;477;273;226;306;481;498;485;472;465;283;230;297;482;483;481;479;476;313;232;353;473;481;482;483;483;470;289;456;480;487;498]
154122 - [404;423;236;216;234;376;386;376;479;476;255;220;240;475;482;473;488;485;254;218;246;485;496;488;487;490;250;225;268;497;499;491;489;480;271;226;311;490;501;489;480;478;299;230;320;472;482;479;477;476;339;235;361;472;483;478;484;468;463;293;463;482;492;481]
155086 - [402;434;228;211;233;371;390;379;478;481;247;213;232;476;493;476;486;482;254;219;259;492;503;494;485;487;264;224;267;493;503;490;483;489;257;224;272;484;493;485;474;473;280;231;322;475;486;485;479;475;318;235;351;475;483;487;486;482;468;291;455;488;489;487]
156050 - [400;435;236;213;232;381;392;368;480;470;249;217;242;477;487;475;488;488;237;220;261;495;502;494;491;483;263;222;289;500;506;493;481;482;272;229;274;491;494;491;468;475;285;229;318;473;483;481;480;477;340;232;353;472;484;487;487;482;465;289;457;481;492;490]
157014 - [399;445;229;213;232;389;382;373;477;478;260;216;238;475;491;478;487;482;246;218;239;491;498;490;483;492;248;223;256;494;504;494;483;484;274;229;278;487;502;486;475;476;288;232;311;471;477;480;474;476;329;233;361;473;482;481;484;483;459;315;458;484;479;488]
157978 - [396;430;236;213;229;384;382;384;480;474;252;220;232;480;484;467;487;485;258;219;260;486;499;491;487;493;248;222;284;498;501;492;483;477;257;227;307;488;497;482;475;469;301;233;322;475;479;480;474;475;298;232;355;470;484;485;485;479;459;290;462;489;489;500]
158942 - [393;442;238;212;231;373;399;373;478;474;243;219;235;485;489;467;491;485;255;219;242;487;504;490;490;486;247;223;271;497;504;491;483;478;255;227;277;487;495;486;474;468;280;231;317;482;482;484;481;474;343;233;358;478;483;484;479;473;468;291;464;475;480;495]
159906 - [404;432;240;215;228;385;387;376;482;478;238;218;248;484;489;474;483;482;252;218;259;485;501;489;491;487;251;222;257;496;501;493;488;482;233;228;306;490;496;488;482;467;291;232;317;474;485;480;480;475;346;232;329;475;483;485;487;482;464;293;468;478;484;481]
160870 - [398;431;234;213;231;379;388;376;480;475;257;218;240;483;490;468;489;480;257;220;262;487;502;488;493;487;249;226;268;502;504;496;477;476;272;226;278;487;502;486;476;471;299;231;324;475;486;478;481;476;308;233;358;478;480;489;484;487;459;280;459;478;487;484]
161834 - [415;429;238;214;228;359;392;373;481;480;256;215;239;481;481;473;490;491;256;220;241;487;503;493;486;489;251;221;261;495;506;491;485;483;273;227;275;484;495;485;475;470;285;230;317;469;481;482;479;478;309;235;359;474;482;484;483;480;460;287;464;481;484;484]
162898 - [399;438;233;212;228;389;403;388;480;477;238;217;243;481;484;474;485;486;255;217;262;485;498;490;487;481;248;223;281;499;509;492;479;476;254;229;283;487;496;481;474;476;299;231;306;477;485;481;473;474;335;233;330;475;486;480;485;476;467;292;456;479;489;492]
163862 - [403;443;238;215;231;397;376;377;483;475;258;219;250;478;492;473;492;489;257;219;260;490;500;494;490;489;267;222;261;502;507;497;484;478;271;225;307;491;497;483;476;475;288;229;315;478;482;483;477;475;311;233;332;477;484;481;483;484;460;281;464;483;483;485]
164826 - [402;438;236;214;232;368;397;385;479;476;258;217;235;478;483;476;494;492;255;218;239;488;505;495;488;486;262;223;283;498;502;500;482;480;272;227;276;490;498;482;478;478;302;232;323;481;479;482;478;473;315;233;346;477;483;479;484;481;458;287;459;485;487;494]
165790 - [393;438;235;213;234;389;382;393;485;476;257;212;234;479;487;470;490;489;251;218;245;490;498;496;490;493;259;223;286;498;501;495;480;480;270;228;279;484;496;487;472;475;297;232;304;479;479;477;480;471;343;229;329;472;486;487;489;481;459;280;461;484;491;490]
166754 - [403;436;238;213;234;372;400;390;473;475;251;219;251;476;485;473;488;484;241;219;244;485;500;494;494;495;263;220;254;501;508;496;486;476;261;227;308;487;498;489;474;480;296;233;303;470;475;484;484;471;314;233;310;476;479;490;484;470;463;289;458;484;488;486]
167718 - [404;431;235;215;233;391;395;376;472;486;257;220;240;487;483;471;485;481;240;217;259;490;495;492;490;485;264;220;252;499;498;494;476;483;271;231;314;494;499;490;475;470;303;229;317;478;483;477;479;475;309;233;361;474;481;488;483;478;460;283;457;482;485;499]
168682 - [400;431;234;213;234;391;391;383;474;479;260;215;233;489;486;475;485;486;256;217;263;488;501;494;490;485;263;222;283;493;501;493;487;476;252;225;298;487;503;486;472;475;297;228;317;475;481;481;475;476;307;234;355;473;483;480;481;475;462;316;464;481;490;493]
169646 - [393;435;240;212;227;383;380;383;473;476;246;219;242;477;483;475;487;494;242;219;260;486;504;487;487;487;249;222;266;491;505;493;482;475;275;227;305;488;498;488;477;469;297;231;319;483;486;481;480;471;338;230;359;483;481;484;481;478;459;300;462;482;493;489]
170610 - [397;429;235;214;231;379;385;382;476;478;249;216;236;483;484;470;489;484;255;217;259;490;500;489;485;488;247;224;281;497;496;495;481;486;275;226;311;485;497;489;480;470;299;234;312;480;480;483;477;476;309;229;361;473;479;487;493;479;470;300;455;480;486;488]
171574 - [402;425;235;212;223;389;385;372;481;481;244;218;237;480;487;472;486;485;255;219;246;500;497;497;489;493;246;226;260;497;499;493;483;480;273;228;305;484;497;484;479;476;286;231;312;476;476;480;476;476;309;233;331;473;481;481;487;483;465;290;463;481;494;484]
172538 - [399;426;236;213;232;400;391;385;478;479;253;219;237;480;484;475;490;483;236;221;260;491;500;492;491;494;256;226;267;498;500;491;487;479;268;228;273;490;496;488;477;472;299;229;318;478;478;484;478;468;320;233;364;469;486;487;488;479;462;288;461;488;488;483]
173502 - [402;429;235;211;231;384;369;375;482;476;239;214;246;477;491;476;488;492;238;218;244;481;503;491;487;490;244;222;266;506;500;493;483;478;262;227;307;486;494;485;473;467;282;230;314;477;482;483;485;481;308;231;352;478;483;488;484;481;464;291;458;489;484;487]
174466 - [402;433;236;211;232;389;392;375;478;481;254;217;249;478;487;477;488;485;240;219;248;492;499;490;492;485;248;226;288;492;505;495;481;481;258;224;280;485;500;484;475;474;297;230;311;478;478;483;481;476;343;230;359;475;487;483;484;480;463;288;458;482;486;493]
175430 - [401;435;230;212;233;389;383;375;472;478;253;218;243;482;486;471;484;486;257;218;239;484;500;492;487;488;246;222;262;491;502;494;480;480;273;230;297;489;500;487;475;475;296;229;316;473;480;485;478;471;309;233;332;479;483;480;484;480;469;287;460;480;489;488]
176394 - [407;437;238;213;231;390;396;387;476;475;243;220;245;482;488;476;488;481;238;217;256;490;497;494;482;495;247;223;268;492;506;494;478;474;271;229;271;487;496;486;471;471;298;226;320;482;485;482;478;474;321;231;325;473;477;482;487;480;460;288;464;480;485;491]
177458 - [404;435;237;212;232;382;397;385;478;482;258;216;241;485;486;477;489;485;258;218;256;488;501;491;487;492;263;224;283;498;503;498;490;478;260;228;315;485;497;490;470;470;283;229;304;480;480;478;474;474;334;233;330;471;476;485;493;483;457;277;463;479;489;494]
178422 - [400;436;232;215;231;392;396;377;475;479;254;217;239;486;489;470;488;493;241;218;243;489;501;493;489;484;264;223;284;496;504;497;485;480;272;228;278;490;501;483;474;468;279;229;307;474;479;482;478;472;347;236;361;471;480;481;492;475;467;291;461;478;488;496]
179386 - [398;436;236;210;226;386;399;380;480;473;254;217;248;482;484;475;486;484;259;217;240;493;499;491;491;490;241;224;267;491;504;491;487;475;272;227;277;489;503;485;478;471;303;227;314;481;485;478;479;472;318;233;361;475;480;482;490;478;475;294;460;486;487;485]
180350 - [394;432;229;213;234;379;395;370;479;480;257;216;234;488;483;468;485;482;236;219;257;489;501;489;487;491;246;222;250;491;505;495;481;474;268;227;271;484;500;487;472;469;298;230;316;477;485;475;472;478;315;230;327;473;478;489;484;482;465;289;456;483;489;484]
181314 - [401;437;234;214;229;391;372;371;477;473;253;217;230;477;483;475;488;487;253;217;255;489;503;496;489;492;266;223;285;495;506;495;484;486;272;229;286;487;497;477;476;474;304;233;319;485;484;481;479;474;336;232;357;479;483;485;484;474;462;291;472;478;489;489]
182278 - [395;431;228;211;234;393;396;379;474;475;254;219;236;473;492;467;489;485;238;217;240;485;501;491;495;490;252;223;260;496;505;498;482;479;273;225;308;491;500;487;480;471;299;229;311;478;479;484;471;474;335;228;330;477;482;487;483;479;472;300;459;481;486;482]
183242 - [390;431;239;212;232;388;385;380;479;475;256;217;233;482;493;470;486;485;256;217;259;487;498;489;486;487;244;222;266;491;504;498;487;478;270;226;273;489;499;481;477;474;298;229;324;477;484;478;482;479;334;229;357;475;482;487;490;482;461;304;464;486;489;484]
184206 - [402;434;234;214;234;376;384;377;478;475;243;216;231;482;490;480;484;486;256;220;241;489;498;488;486;484;248;223;292;492;501;496;484;479;265;222;308;485;498;487;475;474;280;233;316;475;478;480;472;472;308;235;357;473;480;486;490;475;457;278;456;486;477;485]
185170 - [411;432;236;215;231;384;386;370;480;481;258;218;240;486;483;470;487;491;255;217;243;484;502;490;494;486;264;223;249;491;509;488;483;478;275;227;308;491;500;487;477;469;285;231;301;476;479;481;480;471;312;231;327;476;485;480;485;483;469;287;468;484;489;493]
186134 - [400;430;232;212;233;377;391;388;473;478;258;218;253;473;484;470;489;491;259;212;261;490;498;490;490;495;249;221;288;493;506;491;484;480;260;227;312;490;497;487;480;474;279;229;317;478;481;479;476;473;337;229;324;479;479;487;484;482;470;268;468;484;492;482]
187098 - [407;433;237;211;228;376;379;380;480;475;235;217;248;482;486;469;483;489;257;216;242;487;496;489;488;487;267;223;253;497;503;496;480;483;256;229;304;486;500;487;475;477;296;229;312;477;483;483;484;476;336;231;331;470;486;481;487;480;464;290;455;480;495;490]
188062 - [407;432;232;212;226;363;399;380;473;474;253;217;250;481;486;472;485;482;258;218;244;490;497;489;491;494;264;225;285;492;505;497;485;479;273;218;285;484;498;484;475;468;299;232;328;477;484;480;478;474;310;236;324;474;482;485;484;473;460;279;455;477;492;495]
189026 - [398;442;232;216;231;384;377;383;483;474;257;218;241;481;488;476;490;485;253;219;242;488;497;493;489;486;248;224;267;500;506;495;487;474;272;227;284;485;493;488;476;469;279;230;312;480;473;481;468;474;308;224;365;467;481;479;490;479;458;321;455;486;486;482]
189990 - [400;405;230;210;234;393;384;372;478;478;253;213;240;483;483;470;486;484;245;218;244;489;499;493;492;493;249;225;285;499;504;500;480;482;269;228;308;487;499;487;472;467;303;231;317;484;482;480;475;473;315;231;310;472;477;488;474;477;459;289;460;480;490;486]
190954 - [400;421;232;213;232;383;392;383;485;474;242;215;233;475;491;477;492;486;238;216;241;492;505;495;485;493;249;223;286;493;506;491;482;481;272;227;276;483;492;484;481;472;302;232;313;484;478;484;480;474;320;232;331;474;479;482;486;481;468;289;466;480;487;492]
191918 - [402;434;225;211;232;383;374;392;479;479;236;220;248;479;486;475;487;485;253;219;242;489;498;489;492;493;267;222;253;500;506;497;484;484;239;230;308;482;494;487;476;479;265;230;314;480;481;484;481;476;311;234;325;470;481;490;488;481;464;281;456;482;483;492]
192982 - [391;429;235;214;230;387;395;384;470;479;247;216;231;478;486;473;488;492;257;220;259;489;505;494;490;489;270;222;276;494;507;494;485;479;264;228;281;489;491;485;471;475;297;232;304;476;480;477;480;471;345;230;359;478;480;487;486;481;460;321;463;483;484;482]
193946 - [395;429;238;210;234;378;395;385;472;472;245;215;248;485;485;471;485;480;256;216;241;487;508;491;487;492;263;223;260;489;503;496;483;480;278;227;308;486;500;485;471;477;301;233;303;483;475;483;481;469;311;232;329;484;484;485;484;486;454;280;451;483;486;486]
194910 - [407;426;238;214;225;385;388;373;482;483;257;217;243;482;487;475;486;477;262;220;258;492;496;492;488;492;248;223;288;495;506;492;483;477;262;226;276;491;497;480;478;470;283;222;325;475;482;483;478;477;317;231;335;476;481;484;488;475;467;290;462;482;487;494]
195874 - [399;432;238;215;231;388;392;386;480;473;237;219;248;483;490;471;484;490;256;217;243;486;501;489;496;494;253;223;282;493;502;494;481;485;270;227;278;484;495;490;469;478;278;230;293;482;482;485;476;474;345;229;353;478;484;487;490;478;458;287;459;480;484;482]
196838 - [397;433;235;212;230;384;388;377;479;481;254;216;253;477;488;473;485;487;252;217;243;490;494;493;496;494;267;224;255;493;504;495;485;488;262;229;272;487;493;486;474;465;291;229;317;479;480;484;477;475;343;232;358;473;483;477;490;481;458;295;461;482;486;488]
197802 - [406;436;240;214;232;387;375;373;480;482;242;214;238;471;487;472;484;485;242;218;242;490;501;496;489;489;246;225;249;495;504;492;486;485;254;226;288;485;498;489;475;470;280;232;316;479;480;482;480;478;339;232;360;478;479;484;484;476;464;287;458;483;488;486]
198766 - [408;436;229;211;231;380;391;378;475;477;258;219;249;473;483;478;487;489;243;217;242;489;502;491;493;492;250;223;265;491;506;492;484;483;273;227;272;490;495;484;475;466;299;230;305;475;482;478;472;476;338;232;325;475;483;484;493;477;463;320;465;480;489;494]
199731 - [409;433;237;212;232;393;382;391;479;474;255;215;237;473;488;475;490;485;255;219;260;493;499;491;490;491;247;223;254;494;496;498;482;476;274;226;311;495;493;487;471;474;298;231;301;478;480;481;480;476;341;231;360;474;479;478;489;487;459;280;459;487;489;493]
200696 - [403;432;236;213;232;387;395;390;473;470;240;214;236;477;484;475;483;488;258;216;244;486;501;488;485;485;246;222;282;500;508;494;484;479;271;227;280;485;492;484;471;475;301;232;321;476;487;478;477;467;332;234;361;476;481;486;481;479;462;285;456;484;488;482]
201661 - [394;437;236;210;232;386;399;380;478;481;256;217;247;483;484;480;489;488;254;218;243;493;499;495;481;496;250;223;279;495;501;493;484;486;272;226;306;486;495;487;472;470;277;230;310;479;479;479;475;476;311;233;351;472;477;476;490;479;478;291;462;485;490;505]
202626 - [399;436;234;213;229;392;370;387;480;475;256;218;248;480;488;476;490;488;254;217;241;489;500;494;490;491;269;225;278;492;511;496;484;480;270;228;306;490;498;485;474;472;293;231;312;484;485;480;479;475;336;233;357;477;476;481;486;481;461;286;456;482;487;487]
203592 - [400;427;230;213;224;386;387;377;478;473;241;213;234;479;490;470;486;483;236;218;258;489;501;495;492;488;266;224;289;492;505;496;485;474;260;229;296;484;495;491;475;475;287;227;312;476;487;480;481;480;343;233;334;476;484;481;488;482;459;274;458;479;486;490]
204557 - [415;431;228;212;231;394;390;375;475;471;259;216;244;483;485;474;492;484;247;216;247;490;501;488;490;487;250;223;286;492;500;496;479;477;263;227;280;485;490;488;477;476;300;229;332;477;484;486;474;473;341;235;310;470;478;482;486;475;469;287;463;483;487;479]
205522 - [404;429;236;215;232;380;381;381;476;473;251;215;250;470;487;475;490;490;254;217;258;489;500;489;492;495;249;222;280;498;504;500;478;479;269;226;313;484;500;483;474;470;280;228;313;486;484;486;474;475;341;233;348;473;483;486;482;480;460;291;467;480;490;490]
206487 - [401;433;237;211;229;387;389;377;479;482;243;217;249;479;488;467;489;487;255;216;242;487;502;494;495;491;262;223;286;494;497;492;480;475;273;229;308;490;496;483;474;473;287;228;318;475;481;486;479;476;338;226;354;472;479;481;486;474;459;283;462;478;491;492]
207452 - [401;434;236;213;233;385;395;373;474;480;244;216;248;477;491;473;483;480;257;218;243;485;504;489;489;491;246;225;289;493;496;493;480;472;267;222;277;484;496;489;474;469;297;226;320;467;481;477;475;475;312;231;329;474;478;484;484;493;471;280;454;482;490;486]
208517 - [400;432;234;214;231;385;380;382;478;470;258;216;237;474;480;474;486;484;256;217;261;488;504;491;490;492;248;219;280;493;511;489;478;477;262;224;309;495;495;484;472;470;297;231;319;478;482;476;474;473;310;233;362;473;480;483;482;476;466;295;463;484;481;491]
209482 - [394;425;240;213;235;369;394;376;472;475;239;218;245;485;481;474;484;480;255;219;243;490;504;494;489;493;251;223;255;505;501;496;485;474;273;227;307;487;496;485;474;468;300;229;318;480;478;482;482;476;340;234;338;478;483;483;484;479;462;293;461;485;490;487]
210446 - [416;435;234;209;231;396;400;374;475;474;244;215;251;472;490;473;485;480;253;218;260;489;500;490;495;492;246;223;264;494;507;493;481;487;275;226;308;487;495;479;472;473;296;226;313;478;482;481;475;475;344;235;328;472;482;483;486;481;461;275;456;484;492;484]
211411 - [413;429;227;213;234;381;391;358;486;480;259;216;247;484;484;470;482;488;253;219;260;489;499;498;494;491;246;222;261;502;508;492;483;481;273;229;305;483;495;485;477;470;288;230;318;475;481;482;477;473;341;225;328;478;482;479;481;474;458;294;462;480;482;487]
212376 - [401;442;237;213;221;390;394;378;482;476;257;217;233;478;486;478;493;488;234;220;243;488;501;489;488;488;247;220;268;499;507;498;480;480;261;228;304;487;498;485;471;463;284;230;318;481;477;483;480;475;316;231;353;472;480;488;479;479;460;278;469;479;481;486]
213341 - [406;440;235;212;231;390;391;381;474;476;247;216;250;475;485;477;486;491;239;212;258;491;497;489;494;488;244;223;252;498;503;494;481;477;276;229;278;489;504;484;478;474;296;230;317;479;476;483;473;475;341;226;327;473;483;481;487;480;470;289;454;488;484;484]
214306 - [393;432;240;211;230;373;389;387;474;478;240;214;250;487;484;474;486;484;251;219;258;488;502;487;490;494;264;223;258;499;508;491;479;481;251;227;307;489;493;486;477;474;275;228;285;479;482;479;477;475;332;233;360;480;485;474;485;473;466;313;458;484;482;492]
215271 - [400;441;238;212;224;386;399;381;472;474;262;217;238;479;486;471;489;493;259;220;245;488;501;489;491;495;248;222;283;501;499;495;481;479;261;230;292;490;495;484;472;470;299;227;317;476;479;484;481;471;314;235;363;471;482;482;487;481;462;283;463;475;493;489]
216236 - [412;438;239;213;232;387;392;380;479;480;256;213;240;484;487;472;487;482;255;218;245;490;499;488;494;490;245;223;257;495;507;493;483;483;264;229;310;490;496;492;472;473;297;231;321;473;480;485;479;476;337;232;333;478;478;485;480;491;472;290;455;482;486;482]
217201 - [403;432;228;212;231;389;399;381;479;476;237;215;249;479;487;477;486;490;256;219;260;493;496;492;487;492;268;223;251;488;502;497;483;475;254;230;280;487;498;485;475;473;299;232;319;481;481;478;476;473;335;228;353;475;481;482;485;479;462;288;463;479;489;485]
218166 - [407;431;229;212;231;384;374;379;478;483;253;219;253;476;489;475;490;482;257;218;241;487;503;490;486;495;247;223;265;504;500;494;483;482;262;229;276;494;500;484;482;472;289;230;305;474;483;480;482;465;328;233;329;483;477;484;482;476;471;268;460;481;485;485]
219131 - [395;434;236;215;233;402;391;381;470;483;252;217;243;481;486;473;481;491;245;213;243;490;501;490;492;492;264;223;263;497;509;491;486;475;270;228;279;484;493;485;479;472;282;231;318;472;487;481;477;471;310;235;356;479;477;482;488;480;458;317;452;479;487;508]
220096 - [408;440;237;217;230;374;402;363;481;482;245;216;252;480;500;472;486;489;237;216;247;490;502;491;493;488;269;226;264;495;500;491;472;478;273;229;304;489;492;486;478;473;287;232;317;476;482;478;477;474;330;234;354;475;480;483;487;477;464;282;462;483;481;484]
221061 - [400;434;238;213;233;397;398;387;483;481;258;217;251;487;486;469;484;486;247;216;241;490;496;492;491;493;250;225;284;496;507;493;485;483;273;224;287;482;496;487;473;477;289;233;317;480;483;477;476;474;341;232;326;481;482;484;482;480;459;316;468;479;482;487]
222026 - [396;434;239;208;231;385;384;373;477;475;245;219;232;481;489;472;488;488;235;218;243;489;503;493;487;495;252;225;257;488;503;497;481;485;256;225;285;495;496;488;473;471;296;228;320;478;483;480;479;479;337;230;330;473;479;489;483;476;460;272;463;479;484;487]
222991 - [397;425;234;210;230;378;386;374;479;477;234;218;252;477;488;477;491;483;256;218;242;488;503;494;494;484;266;221;260;491;508;491;484;487;254;229;308;487;493;491;475;472;277;231;311;472;481;482;477;472;311;235;362;472;486;482;487;479;461;295;464;479;482;484]
223956 - [389;443;235;212;231;383;382;384;477;479;245;216;248;479;486;477;484;485;241;218;239;484;504;491;487;489;262;225;266;494;505;494;486;478;277;227;274;481;501;483;471;471;277;231;323;472;480;481;478;471;344;231;354;471;478;480;490;475;463;291;462;482;488;487]
225021 - [398;435;236;216;234;375;394;381;479;480;244;215;249;477;484;476;487;488;254;219;262;490;505;491;488;495;249;223;256;491;504;498;480;479;263;230;306;481;491;483;478;469;296;233;306;473;481;482;476;475;314;232;345;476;478;481;483;482;457;290;457;485;493;485]
225985 - [394;437;230;212;230;387;386;381;479;479;247;216;251;474;487;475;490;484;255;217;256;489;498;488;487;493;267;223;280;495;502;491;484;477;261;231;274;483;499;485;478;469;302;231;311;479;478;477;475;479;343;230;324;475;486;482;486;484;469;303;448;483;490;486]
226949 - [404;439;238;208;229;384;388;395;477;479;247;217;231;474;483;475;483;488;249;217;239;489;502;489;488;489;251;222;283;491;494;495;483;478;254;230;274;487;496;487;475;465;277;225;319;477;477;482;474;473;318;233;349;473;480;476;490;476;457;272;458;483;492;494]
227913 - [394;431;231;215;231;375;393;383;478;472;257;219;242;488;488;469;487;492;254;219;244;489;500;491;490;490;266;224;266;500;500;495;487;476;272;227;293;489;496;484;482;469;297;235;313;479;477;482;480;472;347;231;309;482;477;485;486;479;472;265;451;481;486;491]
228878 - [397;438;235;214;230;396;397;377;476;478;255;217;250;480;491;469;488;485;256;218;239;491;499;494;490;492;244;224;284;495;503;494;479;484;256;228;292;481;501;480;475;476;298;228;306;477;480;482;478;473;339;234;349;481;483;490;490;483;465;277;458;482;489;496]
229843 - [402;424;235;213;226;388;395;374;479;477;259;216;236;479;487;473;486;488;256;213;243;489;498;489;487;485;247;222;281;494;505;494;481;478;273;228;307;487;500;487;474;470;296;228;319;481;483;480;472;471;315;234;326;468;479;483;489;478;460;285;461;484;483;488]
230808 - [397;440;235;209;232;386;388;376;475;474;242;216;249;479;489;472;486;490;242;214;244;493;497;495;490;490;250;223;282;494;503;492;481;472;267;228;288;484;497;486;477;470;294;231;315;475;481;480;476;475;344;234;327;480;481;481;484;481;458;284;462;481;483;489]
231773 - [389;440;233;212;231;383;372;372;473;479;256;217;252;481;486;475;487;484;257;216;241;487;503;488;487;495;262;222;281;495;505;500;485;481;263;226;312;488;496;479;478;468;279;229;318;477;481;477;475;476;305;235;327;468;480;483;477;480;461;291;455;483;492;477]
232737 - [391;436;237;212;233;403;392;376;480;480;254;216;246;476;486;473;487;488;260;219;240;490;499;493;488;487;248;225;282;498;503;495;487;469;255;224;306;496;498;489;472;471;282;233;316;476;479;480;476;472;309;232;362;467;482;481;486;478;466;283;458;490;489;491]
233701 - [403;425;238;211;227;384;392;374;478;471;240;217;235;481;489;476;486;488;255;217;243;492;502;493;489;489;263;223;262;490;496;494;481;484;270;227;310;487;499;481;476;465;302;232;315;479;482;481;474;472;340;234;329;477;484;481;486;481;462;316;456;481;489;484]
234665 - [407;431;236;214;230;393;392;368;484;476;253;218;251;475;484;473;487;486;254;218;244;481;495;487;489;493;248;224;255;492;504;489;477;475;251;226;305;486;500;494;474;470;300;230;316;481;480;478;481;475;313;233;330;473;483;487;486;479;460;270;461;487;482;489]
235629 - [402;434;235;214;232;376;395;386;477;480;258;215;243;478;487;474;490;484;258;217;244;490;502;491;489;499;234;223;263;493;505;494;485;484;270;226;272;488;495;489;474;471;297;230;314;478;482;482;480;477;337;231;334;476;483;486;486;482;466;301;457;482;488;494]
236593 - [396;435;236;212;233;375;384;372;479;479;249;219;249;484;479;471;485;482;249;218;244;489;500;487;492;494;270;221;286;493;498;497;478;482;259;226;288;492;495;485;479;471;302;232;317;482;480;477;477;471;318;236;351;467;482;483;480;483;462;288;451;477;492;480]
237557 - [404;434;236;210;229;390;399;388;480;481;254;218;243;484;488;466;491;482;242;220;247;489;497;490;491;496;247;225;288;493;507;494;482;478;272;230;279;479;493;486;480;475;296;229;315;477;480;482;478;477;314;236;333;471;475;484;482;474;458;289;466;478;492;485]
238521 - [407;432;237;210;236;369;402;385;481;472;244;220;236;477;483;473;487;480;255;219;258;483;501;489;493;482;251;226;281;497;502;494;478;480;267;227;278;485;501;480;474;471;284;230;309;476;478;479;478;474;330;230;308;471;482;484;487;476;461;320;463;484;482;489]
239485 - [401;438;236;213;230;380;366;385;478;482;254;217;243;485;485;478;485;489;256;220;240;493;501;488;491;493;268;220;265;498;499;494;482;482;265;227;279;491;499;488;476;466;269;226;324;479;482;483;478;468;309;232;350;474;481;486;486;481;463;284;463;476;485;492]
240549 - [391;438;238;213;232;396;386;378;478;468;257;216;251;487;486;478;486;483;245;217;239;490;494;492;495;495;245;221;265;497;502;488;484;488;264;226;309;488;501;487;473;471;301;233;322;477;481;486;478;473;341;235;327;474;478;481;485;484;463;289;465;478;492;484]
241513 - [405;437;237;212;236;388;394;383;481;481;246;218;248;484;488;470;484;485;256;219;243;489;500;495;494;492;263;222;264;497;507;492;482;485;272;229;308;490;489;490;471;465;295;231;311;475;480;481;482;480;310;235;334;478;481;473;492;485;461;291;461;484;486;483]
242477 - [398;442;236;209;231;382;387;383;478;478;239;217;233;476;491;473;487;490;242;216;245;488;501;493;489;495;263;223;283;496;503;495;484;476;253;227;277;493;494;487;474;474;289;229;298;484;482;481;473;482;312;231;353;480;481;480;486;475;462;281;453;481;480;489]
243441 - [417;433;232;214;228;373;386;384;482;479;260;217;235;479;489;473;488;485;256;219;244;491;492;494;488;490;247;220;259;493;504;497;483;486;271;230;273;494;495;488;473;472;299;230;322;479;485;481;484;479;343;229;328;479;475;483;485;478;457;278;464;490;482;479]
244405 - [403;437;241;214;232;384;401;383;479;476;239;218;234;480;487;469;491;481;254;216;228;492;496;491;493;489;251;223;285;492;504;494;478;481;276;228;276;484;496;487;474;466;300;231;326;474;479;482;473;476;344;234;356;481;481;485;486;481;465;268;461;489;489;493]
245369 - [401;434;232;213;231;390;392;374;474;477;252;218;248;474;489;475;486;486;238;218;262;492;500;488;488;492;246;224;287;500;501;498;482;483;261;230;278;482;493;483;477;478;302;232;318;483;482;481;479;474;309;234;329;467;484;479;491;482;467;288;462;486;481;489]
246333 - [398;434;238;212;234;391;391;384;475;476;244;217;240;482;487;472;491;494;262;218;245;492;497;489;494;491;251;222;284;495;501;494;481;480;267;230;279;488;499;482;475;472;280;231;304;471;482;485;485;478;311;232;343;474;483;483;486;487;459;301;450;485;489;485]
247297 - [393;431;235;212;232;390;389;394;481;474;241;219;231;471;485;474;490;490;258;216;244;486;498;488;489;491;245;224;290;496;505;495;485;478;274;227;312;484;493;489;473;467;291;231;321;473;478;475;477;481;347;230;353;475;483;479;484;484;462;298;456;482;483;487]
248261 - [405;436;238;214;230;387;389;375;480;472;244;218;250;477;489;468;484;490;260;220;242;486;502;493;488;488;247;223;264;495;500;493;480;480;271;228;282;478;496;490;476;467;306;231;313;474;490;481;473;473;337;234;345;481;481;487;483;481;458;288;460;486;488;489]
249225 - [398;438;236;211;231;385;404;387;481;484;257;216;244;482;488;473;485;488;243;216;262;487;501;494;490;491;267;221;261;495;498;489;483;483;274;226;306;498;493;487;475;474;296;231;313;470;481;480;478;476;314;235;336;473;482;478;479;475;461;319;458;484;485;484]
250189 - [402;430;236;213;236;394;394;377;478;478;244;217;242;478;492;476;486;479;241;218;244;490;499;493;490;489;250;223;280;491;497;495;482;478;274;226;307;488;496;483;479;470;295;231;319;476;486;485;474;479;313;235;350;476;485;482;487;485;458;268;459;486;488;491]
251153 - [405;437;236;215;226;386;390;370;479;477;260;219;237;487;486;472;487;479;257;219;263;494;501;492;496;489;245;223;286;495;495;497;483;471;261;227;277;486;497;485;472;475;282;232;303;468;485;477;478;471;313;229;327;480;483;490;481;486;469;285;462;485;486;483]
252117 - [398;430;239;212;234;384;367;384;475;475;246;217;249;475;492;476;485;489;254;220;241;489;495;494;492;494;247;224;267;486;506;489;484;479;272;228;295;487;502;486;474;469;299;231;317;480;480;482;473;473;332;232;326;471;483;488;486;484;459;318;460;481;480;486]
253081 - [402;440;235;214;232;392;377;381;478;473;239;218;247;484;485;475;489;483;241;219;242;487;501;487;491;492;247;224;285;494;510;497;481;478;261;229;274;488;499;489;477;471;301;231;312;477;484;478;478;477;339;230;327;472;478;478;494;494;461;285;462;476;486;486]
254045 - [409;433;236;209;231;380;386;367;478;476;254;216;236;479;489;468;489;483;259;217;258;486;498;495;493;488;267;221;266;491;501;496;486;480;261;228;275;487;500;487;473;477;297;230;294;484;481;483;473;479;337;230;351;476;477;479;484;477;467;278;464;485;480;485]
255009 - [397;419;227;214;232;391;390;383;474;476;259;215;248;485;485;477;481;482;253;217;259;486;498;494;489;486;265;224;290;499;503;500;486;473;267;227;275;486;493;487;480;470;299;231;317;473;489;481;480;474;306;232;356;479;483;482;480;489;460;289;462;486;487;489]
256073 - [401;436;237;216;233;363;392;371;481;480;254;215;235;478;489;469;486;481;255;218;233;486;498;490;488;492;266;224;282;495;504;494;481;479;273;227;313;484;491;482;482;472;303;232;317;476;479;485;478;476;342;232;327;474;481;482;483;478;457;265;457;487;488;490]
257037 - [395;432;238;212;232;381;398;372;479;475;257;219;246;488;486;478;491;488;256;219;262;492;500;488;488;483;267;224;262;494;502;490;485;482;277;226;308;492;500;483;475;474;296;227;316;475;479;483;477;477;343;234;328;476;480;480;479;480;470;282;468;478;488;481]
258001 - [400;435;235;211;232;385;392;375;485;475;257;216;241;487;486;472;489;485;255;217;245;490;500;495;490;487;268;227;283;498;506;492;483;487;267;228;279;490;495;485;475;468;300;228;310;474;480;482;477;474;304;234;351;474;480;480;491;478;457;314;462;483;486;486]
258965 - [402;440;238;214;231;386;393;374;479;475;258;217;235;480;488;474;486;492;258;219;239;488;498;494;490;488;265;221;257;490;504;494;480;477;244;230;278;487;497;490;476;471;297;228;322;473;479;478;479;469;335;236;354;484;480;487;488;482;471;283;460;484;494;490]
259929 - [389;432;236;213;232;392;390;384;474;476;254;221;233;477;488;471;489;485;245;216;242;486;499;491;491;488;268;224;286;500;510;495;481;480;270;226;277;490;498;485;474;471;297;231;312;478;485;481;473;473;338;233;359;475;482;482;481;476;465;298;453;482;484;489]
260893 - [400;439;239;210;234;385;381;371;481;479;257;220;250;485;488;474;489;483;244;218;261;488;496;491;489;486;266;222;253;491;503;496;483;476;270;228;276;487;498;488;475;470;291;229;324;476;477;484;473;473;323;228;326;479;479;480;483;485;459;296;463;482;487;485]
261857 - [400;435;238;214;222;371;386;384;476;480;240;216;237;477;488;473;490;483;249;218;242;489;494;490;491;493;246;223;264;494;502;492;481;478;259;228;306;487;495;485;476;470;302;234;315;473;486;483;471;475;340;234;332;475;482;483;489;479;462;289;464;482;486;487]
262821 - [404;436;238;215;233;403;397;376;477;480;257;216;251;483;491;476;484;478;258;218;242;490;499;493;490;484;250;225;266;499;495;494;484;475;264;228;307;491;500;492;466;472;300;232;313;475;477;484;473;476;341;231;337;472;476;483;486;485;460;285;457;477;489;498]
263785 - [407;423;238;214;234;373;398;379;476;474;246;218;240;478;488;473;492;488;255;216;243;488;501;489;490;492;264;224;248;497;505;496;479;482;264;228;311;493;498;483;474;465;304;232;319;478;483;478;477;475;329;232;347;471;483;484;483;478;456;292;455;476;486;485]
